291
109
314
316
255
277
53
238
2
137
278
256
193
151
157
186
310
71
167
8
184
258
266
316
56
297
313
40
304
230
193
215
106
120
229
251
264
217
281
194
316
315
306
206
265
169
140
204
131
73
82
275
308
114
139
135
91
264
313
306
311
124
76
95
308
44
203
278
59
145
317
255
311
94
284
315
150
249
313
141
316
315
271
319
73
173
249
283
258
75
167
0
278
145
222
315
42
48
319
253
291
104
245
261
306
317
15
318
223
85
228
311
243
320
319
153
309
140
197
243
259
296
260
279
243
11
144
271
317
145
68
66
119
168
271
49
283
294
147
296
191
212
317
196
268
201
299
252
190
317
0
308
313
249
272
317
319
318
126
261
149
316
189
311
305
99
295
55
226
316
8
100
251
221
259
302
169
268
240
178
228
167
117
196
296
108
123
255
312
265
130
214
78
141
207
310
310
318
318
296
179
27
318
235
246
267
237
178
49
296
320
161
118
299
307
143
107
321
114
293
278
248
313
99
263
321
319
169
249
161
252
30
266
141
316
201
319
306
67
149
35
286
316
240
137
316
279
264
240
299
308
189
172
16
284
118
317
151
77
58
298
241
239
168
316
288
155
146
192
140
260
28
63
280
319
317
307
315
28
174
281
310
322
265
191
265
19
276
192
309
314
18
54
310
128
311
242
76
153
156
300
306
228
62
294
143
43
272
321
317
117
110
288
116
13
189
211
278
45
246
1
320
299
204
322
323
164
321
46
219
320
308
139
238
284
1
214
158
324
272
197
119
303
1
319
248
328
285
231
303
312
264
324
176
86
26
206
314
323
58
227
327
325
41
209
53
294
297
121
319
327
310
245
5
175
163
329
308
112
269
318
291
280
191
33
293
232
200
311
290
52
330
238
72
107
167
244
206
111
149
216
327
121
276
242
274
275
250
328
160
321
297
310
275
112
282
118
283
294
316
58
265
83
262
276
41
258
309
80
132
275
36
268
310
266
296
308
286
273
317
269
258
136
262
104
256
172
140
206
60
164
271
20
115
132
106
186
33
157
302
132
310
2
223
283
313
255
154
298
97
63
192
111
11
247
46
77
176
329
304
276
283
304
267
100
264
288
259
78
306
191
305
309
122
56
219
235
107
286
320
116
60
128
152
316
262
45
86
239
311
25
284
253
277
282
178
276
205
41
173
53
186
259
240
212
294
110
52
278
60
307
303
151
321
8
311
311
304
121
310
180
277
264
280
235
319
121
325
249
20
229
318
300
315
237
137
287
242
25
302
296
320
280
284
320
321
173
274
294
19
276
156
287
179
309
302
320
173
221
317
285
320
318
115
181
253
169
312
136
281
25
225
319
299
285
80
288
33
108
134
52
314
235
97
226
323
67
173
247
209
276
86
27
304
140
15
172
320
243
146
300
252
307
195
107
201
295
302
290
77
296
5
316
251
311
41
145
291
54
125
162
157
225
313
37
304
193
316
297
315
98
278
104
317
285
253
314
277
105
313
301
223
195
89
165
108
194
230
305
275
107
213
275
106
235
267
102
25
67
306
323
271
132
195
317
302
155
307
305
265
179
305
321
302
315
14
16
275
156
32
277
232
303
49
311
109
130
185
213
163
183
92
20
296
27
243
310
5
274
319
254
271
267
312
312
293
36
135
311
312
299
146
211
293
1
123
312
290
94
241
148
206
137
105
188
292
212
308
216
287
310
271
