1239 1534
791723974
796001824
407179191
688403445
783716935
635511835
958646693
565103390
496148640
574119475
105880926
659999969
512547996
893188724
346635754
494280387
942527261
220161017
106691727
475618769
221004124
917425637
110765152
738425431
432709511
601508030
662213795
225866575
513029009
572267858
966227100
396349242
997120951
824373855
285856076
293562968
388215893
205771429
594872704
483086632
776270138
723841601
113271632
909269168
928758215
649732854
109476944
202115074
924955633
478586989
224044226
366653343
376189322
142866516
868838064
237049429
517526818
463301337
748800141
884055769
772054175
427371258
964525355
113541286
521950769
988891841
183647499
419538331
910141065
299979471
953481965
678026803
358091753
390111376
148398675
292908778
306382702
881638295
339634643
695365171
469157684
271436722
989255720
914458351
814341826
652846255
328568300
889998256
654779269
943404634
768879249
309034894
360617817
312460875
672798261
537716462
398778205
627472626
858445727
591048723
648407803
699283056
407541129
195902924
980859710
607069833
832585741
200684671
394269546
132846467
243193661
110726140
225431244
137961077
773796444
244434946
505383529
618719833
854352593
955954053
415379132
502470142
110747747
226594652
781913386
547295621
384430188
498849228
134119544
186237723
427567737
496714231
102938511
647291589
610607832
635304247
865228476
838147725
896721793
399421350
729693753
453663783
413465365
709715067
268081881
837835791
182338718
498261191
295715628
982866960
263534635
713044957
291437643
407145801
303220270
490535593
449107859
678163107
563686927
847182959
427805382
325060017
463692287
636976244
660193691
347704173
276316775
912075245
153609008
367251108
660375030
106973786
659263831
396028670
187976965
140406368
906209473
509588456
652918455
134344922
616801342
673726578
141351699
704907839
289468562
474497657
132282315
338358809
821609877
671150020
888310373
289136205
226295424
901026169
408186046
463361465
197044257
692255725
844001506
406704509
481391147
845046633
990557985
518405396
554598248
756760914
541247854
163972026
612460825
127866836
468266404
892067480
316024220
182003865
940022469
903429257
282056668
862490481
381822556
342403840
577421049
227621206
501028031
820465472
842975585
166880202
887150497
372345258
440607919
858872594
597832860
705339371
688876641
314347725
687117982
480504290
892416768
164354799
303175965
178195000
293685888
396359947
720546195
613572313
532347128
885068853
901658024
705683777
589637960
112048497
761222300
223862725
908315307
484749135
129658771
794577537
744123360
211423006
288190094
181201591
303677594
684857990
871040162
514089515
510559645
310553024
276773130
319499420
277080658
668706327
506009710
467093672
814024943
554069847
178256800
674809551
739315412
568690800
970382136
870963408
483497546
644245908
236383299
362059732
736228196
408635196
130952980
482949204
634928752
737630285
239634309
828079918
327126892
945673853
469037631
590103846
140124162
522101235
173984807
882670168
580201293
426486813
532240876
952940921
324309631
107503873
443266917
896539191
277287969
179949938
514758132
974501727
925015336
466180423
995869372
298496561
173641962
875758739
184596551
778168661
520966174
588120835
735346889
968163451
877748318
191471811
661397812
899353857
367286317
244626256
499264425
174713185
788554188
876644366
388550859
518525112
121433366
138954348
821037864
110602085
147931853
335620429
262258558
144055627
184406021
587874126
774583061
654049690
677959026
504341481
386688251
113607250
701104318
518110296
948384488
969800068
620829032
217916280
303735159
730629043
322493337
989407438
141816201
853135006
948639658
147736535
221937275
791916987
681567507
794470986
227586372
971482455
394790722
542593916
535637272
205884670
580933188
400852687
748833250
160849498
901563751
305681091
718835240
843769646
656169109
828914147
877890879
309064611
794686259
480499141
577660233
227018943
141826931
172322295
525176734
530281513
629594051
552508447
553016454
281062061
403275137
703561052
202457147
108695145
727165659
921868075
429445470
947168419
130956779
512130945
540455930
422456956
815663238
845517810
707571135
549377402
280020841
914884784
912212810
610045013
104448071
692871678
892320548
569832662
887746093
289454641
556541990
866960785
752984233
973887906
142763960
534294948
363918407
720097367
453185398
875210549
755783925
279442509
395782456
979152693
651601950
474500412
330947569
549653726
693653390
432299927
567183216
901978912
842873678
386469920
954145075
647609269
512851088
357834924
491919471
850796696
260886775
880584796
517127846
447887087
605977717
118838340
265561758
254349136
418289762
720720593
736398679
902820148
272011550
562144885
654146391
539988165
305877497
807485768
125724487
743474478
352147507
211232871
876318398
559936551
844557994
441154131
457575762
104946393
153145000
941727849
498752502
815637270
404369740
475743482
991103495
516385631
415169691
613848337
662992055
767207908
657682283
408488254
867008097
898172708
825157418
195469320
805832204
752039938
898129272
128774339
295280607
465320482
680257530
504503410
160108905
321998228
344321487
400991119
301606121
974588209
175319152
282021408
846877011
782234053
245387968
508294546
107184873
908092218
389119626
658533656
141513409
457811431
972793740
950894602
272736438
838618699
324486258
226300262
650114419
551805287
909758741
465819537
136498287
575536897
828060435
588912559
763098414
248071497
579633465
515872804
376598752
380700174
798175797
115621993
509332169
290860470
288917084
813567452
338484742
325478220
921800272
773570271
678463838
309747675
158938043
540564895
382805452
348698083
337972195
818686375
182629392
359012490
635350672
928449097
908295776
441408553
777289789
799459131
912697892
933632309
866487039
202651535
460920918
411211859
854068373
606271473
301984597
265603597
358672537
133308680
767544585
232302446
551247031
421507514
686998854
337197471
347344201
287401103
959717516
591862739
446967084
524378887
796481794
746189249
292162448
860131296
163317942
583420120
587998999
303988926
624884032
420682711
496692474
967855567
193416749
412878178
398546722
881608108
438792128
394262087
570232591
649668571
952280546
586496557
205683734
458783287
576663021
406870287
488566792
984596184
370221182
646997642
660320129
879640858
727790534
540431007
259779723
781459490
747454949
574122192
523298809
821569783
740235557
367255644
705710164
135074182
741626570
172465474
974089013
423340935
156182130
388375532
875114764
524481638
512626092
669858296
668881227
199810543
641743443
645242399
460146820
447427267
721634056
709979612
443482258
739612630
310076379
919477669
608240925
470784862
371674837
933507118
660219128
576889657
833483151
695441180
380355125
707903178
527084401
745942794
582051364
394257117
419809416
142376668
529101395
432523735
546592135
205124213
969018498
152891038
443224316
921331612
579078740
412936647
459978144
305662234
502707619
400043869
569211870
929346297
887270302
900506241
185579794
447269045
231652105
570054934
878577311
548058170
816966090
920521532
509048191
626313653
793166277
687414934
804321789
239311496
527350998
882415868
713844544
974916465
882908230
132277138
782352369
297120740
772941939
253279513
594355331
744520982
313991540
977471596
355422384
501313320
579484755
875471264
246536916
874854404
161732047
623186341
576207772
652253518
534643055
421765079
830854264
493686902
229818879
973287779
427329314
238929540
755228658
636131319
364096877
674686363
287565426
905835627
431094150
279736807
391147970
650089824
132237485
699586615
918983602
649756602
389065165
520543790
678251159
194608878
888940704
687702896
100177681
798044019
730238503
987134651
310948664
755614531
252665483
340526518
436853426
147193775
323363690
302113187
131019995
169495570
480223330
823427919
852114640
787544165
950481482
869736755
892417544
941382822
637186217
972180607
795960431
659038215
554672787
772662137
674249160
928111280
604925694
568302932
785019513
291651002
882807220
864160483
714054476
890787897
973272333
440195278
832656273
195097757
404829945
882277467
448419794
856974443
209803761
388884010
902478124
265264853
961843843
119635949
292981925
639108679
288223140
774473261
292351713
539755839
470402794
555947811
902187596
584611951
735988272
105586517
303533136
111271187
923253664
522513829
507788231
292051686
318694601
862756065
622329419
293041452
266379130
935011201
396600750
165006454
988602179
903818207
743657401
306556014
297830575
477736082
676938979
926123694
147546875
992412341
920863813
381815341
273151344
224249057
668970474
483205794
395662502
474083196
270460584
705043104
503747827
802695900
471636989
334298396
503339123
637327202
577067726
150603790
122625579
539021263
941606486
720363691
158640729
229475120
240084925
638518202
538489193
602909593
377667454
585866578
931041447
702762299
399894195
993054622
357896201
623328237
153050530
761838939
677740968
442350728
821814943
275209897
880135432
117294460
922844620
850771165
597115942
288715624
133817233
636817572
807060207
326798849
669573108
615004116
556859110
221135358
708891620
323322979
334684979
308434228
781317143
166648363
178723142
748778651
149610590
568699210
144723173
387590669
315750240
706979050
282744563
989563799
439480641
819535028
386745747
521198436
640776419
237955340
533939495
852896121
855662638
648727613
684123177
315444214
964788572
687028941
693316626
942618304
763596675
244601335
824873403
157994838
792287656
258001302
716491623
735556353
165453278
837417669
525401126
447781731
810231304
263527747
456679687
105640936
142672541
401102798
651726287
825663867
305768175
824598564
762125748
583231137
742332786
440991209
819083682
579975221
310130938
376697988
413885405
331866391
576616183
965041579
799147416
730195372
863357842
791263493
791707515
529558068
345460869
450030896
946940351
634084277
250400448
588751188
406560079
300298054
163324673
256694999
142400114
540931051
557315654
315333394
634785322
367021940
898011880
963483347
603700274
969853348
382050451
182296057
543780724
667261483
403874808
632253672
936561599
395501670
500703985
678750545
321178089
458557121
804020452
853964947
430775623
934062387
202936190
240349369
112438142
596364322
401910219
651740715
195231678
398289879
375936071
105054231
444739704
561906424
834678474
172479810
453543944
308451551
607396705
423216879
189591069
272286691
458378414
426699633
932450761
745236430
375164312
764215278
387332852
372919018
744638003
821680423
249448216
580776337
624601934
795699808
447104098
499025828
958337619
594536562
834178482
983117678
701015803
578090789
919064006
105873320
806059122
305357662
829451318
716961201
587813958
208564244
577092445
682346529
871098650
129000840
392706656
613305581
254503541
506656763
554257245
506196006
563398820
406459481
513452440
229057037
540172893
132390236
124261379
133161610
273123853
568794589
615940621
238501649
378971996
213770119
136973468
667541572
274946725
319244661
409121792
768828445
474002869
568205163
989873926
875476747
710754215
310637085
982629043
167178058
997789253
245258020
251644590
857979810
107875158
265264090
489607786
851575032
266843475
984183209
853485442
783492985
586863706
266465042
411902032
574855579
300785847
444520558
342343691
759403746
739781837
381998274
864768793
256562933
490294373
706126816
914985612
310243949
465398007
743213616
698815402
760248554
618510082
786027326
150411920
640198894
228490456
587701977
143155787
212525596
851725920
139953796
795409513
423224019
582505967
793623297
584242037
333402163
994525825
742636025
556216871
500473648
958167129
852916428
118442201
906237491
486242244
671348872
760730348
471535556
691704819
588565877
603785610
580575200
243171910
135282940
474694386
462946747
668236389
186357044
477350916
775999769
622871732
136818731
262635778
669615229
427245481
656613330
752737699
425910971
256679742
154871359
244675271
800306867
227920906
615696433
510103085
522140951
462580977
500647172
734593568
249394797
555582908
690201914
769983834
601710809
715412392
630358892
628990049
104195386
735660795
263981125
261982206
564757923
857245501
832821847
535971415
672430234
628461484
981881152
960265448
196570294
902624068
536264671
770361842
316521819
410984520
816692347
272174938
681394191
239888204
437984817
971791340
719096743
559826507
745070519
102778186
863117632
760627939
914000576
994981846
147972840
487118684
715779186
168654738
1 415533977
1 180494475
2 511 245036476
2 672 367244521
2 1184 598117939
2 560 931844194
2 618 274808182
1 458340472
1 450881205
2 320 396898563
1 345046984
2 953 879492017
1 700289450
2 96 811780277
1 134735891
1 767192610
2 892 653430009
1 996157499
1 209862427
2 22 208880563
2 774 515214959
2 392 315260879
1 693827428
1 346700037
1 818749260
2 384 262504856
1 230961129
2 410 599674013
2 937 854997917
2 887 190964770
1 238110064
2 49 254828902
2 276 359920094
2 707 490408414
1 267684453
1 446644045
2 920 849891944
1 933987364
2 1159 956168602
2 975 483350056
2 885 633203516
2 186 287100345
1 846477062
2 237 341684617
1 105510512
2 690 913941515
1 824583419
1 364329066
1 377090713
1 561829535
2 1224 322669099
2 36 746515964
2 757 126767992
2 1216 470938170
1 952629487
1 428304623
2 871 837996473
2 874 901643060
2 882 143559964
1 621186622
1 129086266
2 655 575949095
2 595 337668250
2 910 215476667
1 440351425
2 113 444168920
2 32 680377856
1 770051002
2 526 672599305
1 814524216
2 845 125309605
2 815 187664008
2 943 985536103
1 790727426
2 848 185800793
2 1205 239745138
1 901060599
1 885510998
2 219 658766371
1 309089954
2 815 204950296
2 437 963036940
1 740049450
2 622 797358193
2 320 326306616
1 373809575
2 982 198271955
2 929 564950899
1 294296713
2 1203 402136624
1 683374202
1 813165998
1 514123370
1 512041066
1 629766220
1 282252565
2 142 138246951
2 553 786357915
2 162 613221685
1 717351941
1 839807581
1 209482649
1 797926445
2 1054 784912523
2 738 397109091
1 198785214
2 729 603726251
2 1094 785680418
1 933543222
1 923892801
1 397238209
1 460695113
1 894180512
1 206937291
1 204564408
2 1088 997596387
2 183 633869440
2 398 284140451
2 532 393958126
2 329 149879158
2 80 955147744
1 161420980
1 379949455
2 276 302271655
2 532 457704541
1 577743680
1 441643024
1 451384285
1 193811892
1 147786430
2 567 641349333
2 369 920341962
2 1142 696421094
1 164275508
1 635532894
2 419 292268779
1 967150849
1 800459577
1 693927115
2 124 209434672
2 1149 173634096
2 1068 341374307
1 951389711
1 870602579
2 200 381755709
1 471567567
1 353985927
2 1093 267556528
2 483 448194495
2 844 677539291
2 327 612029752
1 464272460
2 571 500784339
2 41 946202300
2 670 186334659
1 163700585
2 886 627170107
1 401939032
1 588508542
1 224997096
2 898 987428416
1 331847428
2 980 680696678
1 456198049
2 416 674828885
2 676 144613539
2 481 222539153
1 206843627
2 449 300742198
2 599 991894200
1 567758237
1 579578705
2 746 681473172
1 380479933
2 521 147678656
2 930 252097029
2 768 989996477
2 1156 592440850
1 510846881
2 1074 714877642
1 939874794
1 247602235
1 739710165
2 702 258517562
1 399259216
1 729213198
1 145396796
2 467 965006955
1 849492933
2 429 206893798
1 999830784
2 1155 806179646
1 390730647
1 210097461
1 779633397
2 3 197837415
1 587306489
2 694 955715315
1 130597803
2 55 192813636
2 754 196874693
2 1083 227353274
1 964605809
1 488488507
2 261 217853672
2 1092 486048857
2 393 454665874
2 400 162986278
2 559 480020501
1 738099549
1 414940818
1 168096819
2 670 753571358
2 1083 634827782
1 745648649
2 192 395242808
1 351188376
2 1209 228894223
1 634576576
1 555579427
1 107400144
2 197 988053462
1 528756865
2 232 361130534
2 452 149589058
1 781122907
2 3 416727488
1 151312203
2 223 574994063
1 304965217
2 547 663706178
2 951 704741987
1 460813253
1 750029830
2 66 688827561
1 515713459
2 981 497734474
2 388 119511905
2 1147 667329865
2 1180 850740333
1 535784346
2 1110 760899988
2 306 189120868
1 223017786
2 304 594639000
1 619716250
2 866 772408932
2 422 736851954
1 204346344
2 243 508135371
2 111 285480234
2 270 757692309
2 633 597749965
2 915 471575002
1 810047678
1 755450826
2 621 733207937
2 1041 176664047
2 1133 548349561
2 963 804300566
2 567 366600815
2 199 657310056
1 354581588
1 660134222
1 357763770
2 827 648406967
2 269 232658336
2 765 995136158
2 44 502346533
1 679614780
1 754528367
2 945 393595741
1 106413856
2 232 822426055
2 630 690898564
1 208478274
1 704088106
2 1016 342356999
2 101 933864216
2 115 527888465
1 519918097
2 709 801930226
2 546 217115231
2 1231 376871037
1 868365767
1 943773787
2 488 725536607
1 946770169
1 895445085
1 235562548
1 702933366
1 133410508
2 941 259674618
1 669778465
1 650437906
2 32 693458733
2 298 730244054
1 214180228
2 320 283608679
2 152 257042010
2 945 440695777
1 647565336
2 229 936600546
1 264633645
1 793362090
1 490298341
1 808474802
1 377011671
1 805227527
2 143 567850526
2 445 191322509
1 430680131
2 572 137649146
1 737350058
1 819374151
2 628 483259354
1 494452158
1 998401594
2 354 239396087
1 465458343
2 230 926302506
1 477672738
2 361 288195039
2 211 754902926
2 911 784667500
2 414 287406134
2 720 701210585
2 543 835663549
2 530 894406504
2 117 471629956
1 323081245
1 704497982
2 486 357924759
2 576 789210345
1 503811086
1 497012894
2 62 768556466
1 492526276
1 885042590
2 466 958363443
2 527 176868149
1 345293053
2 351 579014869
2 448 949501595
1 212149115
2 919 478992645
2 147 989139206
2 815 285215258
1 521267256
1 260371700
2 203 389962532
1 594115414
2 830 285390342
2 642 635320357
2 635 187365392
1 610572534
1 913415546
1 646548119
1 137540074
2 752 866038208
2 384 739861977
1 301778266
2 213 522636361
2 1151 592292331
1 537728601
2 1017 582279551
1 991978181
1 168498787
2 686 312352007
2 340 756974316
1 332471207
1 297689632
1 356124652
2 1217 736095210
2 455 386377812
2 850 325800109
2 181 470195853
1 613923697
2 782 678685843
2 800 159398625
1 840436077
1 372226637
2 1159 850492271
2 648 399299337
2 383 165047434
2 111 338866335
2 1201 930341630
1 751145853
1 829738314
2 1227 823073825
2 510 867230512
1 770250737
2 1128 538396680
2 356 331257897
1 232697644
1 182601679
1 268836425
1 426485941
2 1192 463041586
2 617 806645243
2 1084 889941597
2 137 591555723
2 529 349182814
2 998 556759926
2 743 307312966
2 771 835509003
2 590 180277383
1 175634937
1 188834440
1 339648149
2 466 982024155
1 597584674
2 196 628622265
1 365361728
2 15 519522486
1 881725865
2 211 724612937
1 287929924
2 817 205467221
1 931612143
2 778 310356249
1 206034888
2 134 981969313
1 280063485
2 560 783344770
1 610682327
1 607501157
2 536 695375630
1 485416091
1 521373430
2 434 646102573
2 787 299608482
2 1083 847470681
2 46 657319136
1 422276476
2 480 726734411
1 831736257
1 119343545
2 797 570818243
2 131 883573271
1 552432819
2 1040 739199410
2 590 531037599
2 508 181815436
2 207 166590384
2 675 894232333
2 233 230378879
1 768650359
2 1089 323258166
1 323205232
2 435 333488216
2 400 140105234
2 1025 797517889
1 723421941
2 923 151290469
1 766913427
2 327 973076947
1 832923147
2 1224 673086489
2 626 203588300
1 135194896
1 410566385
1 550606941
2 61 525857114
2 610 280575213
1 853810543
2 768 546487666
2 755 737812432
2 269 837170851
1 890854796
1 425473745
2 12 721269204
2 1031 236988506
2 464 492266250
1 618630871
2 655 941288772
1 874061961
2 408 961089836
1 175252182
2 2 853645129
1 516954794
1 895454353
1 666822720
2 307 263460826
1 692267196
2 788 802530888
1 325603305
1 468035086
2 1106 698408874
1 906794356
1 356702939
2 1058 596513834
1 549362489
1 520758184
2 725 759852001
2 525 758839837
1 844187570
1 744222306
1 852410701
2 300 902424537
1 331613633
2 804 128559035
2 786 327687729
1 122356917
2 688 955888215
1 726959851
2 864 916661626
1 204204618
2 247 741934388
2 137 709716814
2 9 549847915
2 326 106894317
2 220 979042680
1 556549000
2 848 822291982
1 272535581
2 580 531756881
1 491276739
2 204 558464949
1 447122399
2 507 189350425
1 942596042
1 217403502
1 128513963
2 933 930197180
2 1009 196472883
2 246 698851766
2 1072 862732460
1 674392118
2 12 953169827
1 559598531
2 17 204580853
2 194 930528073
2 91 996395161
1 311176050
2 741 868247340
2 92 107138832
2 415 544564714
1 198601023
1 571039839
1 394343028
2 100 839874932
1 733022118
1 761592232
2 1153 271851856
2 849 674025041
1 428706313
1 603173244
2 256 935521513
1 261570296
1 842826294
2 39 631808212
2 535 125278584
1 108261159
2 966 937620148
2 1149 325797624
2 838 223464679
2 232 860409904
1 399032769
2 14 621304571
1 893473658
1 496654468
1 216813887
2 440 322536132
1 931508735
1 951418573
1 638483515
2 940 155160567
1 315025217
2 220 222658982
1 758633249
2 471 918342344
1 229357296
2 1 380943203
2 491 779504899
1 562360075
2 584 176595385
2 581 986879770
1 666437790
1 219651958
1 866044709
2 766 270330924
2 320 150305440
2 944 208653832
2 1138 464963285
1 264265259
2 974 142851962
2 995 805396139
2 825 704306638
1 874582116
1 339399785
1 975348798
2 760 308591781
2 697 384703352
1 945051007
2 1112 858934826
2 986 555128806
1 677671022
1 488059723
1 501101814
2 278 868817396
1 438834113
1 479722322
1 975178743
2 1089 300174584
1 237992244
1 385113403
2 130 900884774
2 152 652953673
1 598583223
2 235 933057415
2 59 209017823
2 1038 274388684
2 772 523608310
2 701 777157388
1 507917699
2 497 146655381
1 725945694
2 1117 435316682
2 931 560551828
1 257515194
2 122 671018764
1 726836797
1 984691298
1 692202941
1 260062000
2 902 360921757
2 125 347215010
2 158 251969411
1 460895671
1 467776261
2 99 530546192
1 110531091
2 1114 268841758
2 127 165525756
1 952504202
1 442380162
1 187183934
1 592929119
1 749745508
2 336 699254034
1 930438467
2 454 719397912
2 60 820953501
2 38 583577012
1 210967480
2 854 490212730
1 217097493
1 420334612
2 982 269799693
2 26 114277326
2 407 831669207
1 614888721
2 98 187331420
2 1136 718478290
2 214 108362322
1 770549650
2 1084 185435070
2 756 439577411
2 1237 338987679
1 944134893
2 395 996002204
1 659250057
2 885 954447576
1 199451288
2 1231 498257352
2 208 516001800
1 130047164
1 353691091
1 555615909
1 471881981
1 175766068
1 171915414
2 1096 545262455
2 1178 298954233
1 391471229
1 175962479
1 989407087
1 251560480
2 916 420987726
1 799392346
1 369411919
1 960359245
2 968 309747236
1 742902411
2 619 902705082
2 1000 247564363
2 75 768488023
1 100603538
1 519322444
2 802 114175934
1 626770665
2 756 664052526
1 269338400
1 505656285
2 291 375579417
2 771 615979203
2 214 481333977
1 535514701
2 794 335323765
1 224743574
2 1073 677277789
2 111 454218860
1 552973387
2 381 664856124
2 58 805834497
2 783 520058817
1 131414305
1 286389688
1 497032011
1 458465295
1 869506641
2 181 425907009
2 893 513831073
2 650 151810059
2 1113 833319141
1 755348932
2 775 908039543
1 381321471
2 1195 213597081
1 100855338
2 128 438904424
2 87 274486160
2 737 434936646
2 858 769757327
2 467 357626950
2 804 306111739
2 85 505673103
1 276605748
2 859 512046705
1 220936283
2 938 180851314
2 304 496975191
1 553932862
1 705401546
1 265249518
1 889348554
2 660 396231425
1 634589118
1 100779059
2 160 387736513
1 576772466
1 740082370
1 532501783
2 833 848221081
1 376223712
1 769322746
2 1190 138865675
2 793 840508285
1 625405298
2 53 853946104
2 761 545797459
2 26 412897104
2 1021 796445838
2 159 638746436
2 197 701723078
2 418 543025784
2 745 438043201
2 1160 577964758
1 465634316
1 328938312
1 513873982
2 969 504843585
1 236560350
1 918887745
1 980586155
1 804289934
2 18 887739804
2 1145 549566746
1 433436542
2 942 725830959
2 129 329181301
1 560473963
2 500 979119479
1 947696134
1 772801972
2 956 420088677
2 333 878548565
1 530077683
2 950 320850354
1 491541138
2 21 664708388
1 966132499
1 273928117
2 1117 634006808
1 136990375
1 661772656
2 321 805513868
2 67 227837318
1 658919511
1 180853914
2 792 834883462
2 327 275851908
2 524 291876513
2 639 948155712
2 886 287735420
2 218 790937160
1 478990221
2 835 101567985
2 579 472669908
2 1214 515402016
2 1102 504633756
1 519816053
1 459671755
2 646 682067761
2 220 625555360
1 309632696
1 995872018
1 232610313
2 1010 301178945
1 847528996
2 301 407839078
1 533698703
1 423649548
2 970 761312885
2 819 869956319
1 894052692
1 708950254
1 601833738
2 688 386979292
1 388889439
1 679842119
1 254025556
1 123365589
2 1096 162345150
1 391151358
2 605 270599205
2 419 838879543
1 295065466
1 267698705
2 1074 389547892
1 438958162
2 1210 689090085
1 388277307
1 136099232
1 540038771
2 1063 115554037
1 757971772
1 931620364
1 897542628
1 225199437
1 309385826
1 799915798
2 50 331546278
1 894030744
2 949 771321021
2 210 931803256
2 516 565643101
2 374 795335730
1 208306707
1 279259495
2 612 148721348
1 533596541
1 882446139
1 368049452
2 306 466203049
1 308837057
2 1207 790118163
2 205 774962983
2 660 101279505
1 360361866
2 829 403950556
2 292 769863706
1 704208999
1 313038033
1 543037761
2 312 112388804
2 1027 972996843
1 220115092
2 962 905362683
2 1099 431854727
2 181 564084789
2 478 277758581
1 500485338
2 836 767991448
1 661566785
1 463644603
2 579 673590097
2 675 837186023
2 595 975145917
2 519 819816193
1 362165616
2 937 352320813
2 166 127741266
2 961 631718762
2 298 759522284
1 892901465
2 970 335149168
2 832 669717067
1 373303960
1 887843402
2 1134 767468056
1 377341286
1 392455734
1 575025834
2 813 246080594
1 137812374
1 716664401
1 148823397
1 328405151
1 364566769
2 743 230760160
1 960579260
1 324726327
2 1024 200536735
1 585163924
1 924831288
1 186483015
1 358509520
1 968579026
2 814 204553286
2 8 327522266
1 708858244
2 502 541065157
2 333 503805934
1 437263332
1 333529195
2 234 271514172
1 654853301
1 466581491
1 385261824
1 347165932
2 124 977993408
1 576430968
1 338137157
2 77 100277564
2 723 888322757
2 383 825157569
2 730 787989758
2 1231 606531744
1 736074351
2 915 717071772
1 192264658
1 327715840
1 902266443
1 323458256
1 835454146
1 196066205
1 799391230
2 1178 265736277
1 943074728
1 846920982
1 341791249
1 982779841
1 891101241
2 726 667128610
1 186918230
2 681 226149945
2 669 223368575
2 799 795356299
1 898224780
1 818426307
1 972110259
1 851233809
1 410192593
2 181 283795645
2 479 813125518
2 753 969597126
1 186382430
1 443188728
2 1113 952498104
1 997367945
2 302 951342127
1 779235500
2 733 783301279
2 562 422786929
1 373384111
2 1148 576240655
2 294 123967655
2 763 397629477
2 116 824348254
2 1018 245819652
2 277 356569944
2 1190 998745179
1 618129209
2 1230 307596313
2 1131 851655645
1 319623256
1 852557709
1 661489957
1 157247400
1 140089081
2 1056 649847588
1 255913849
1 896053516
1 990642737
2 920 791279076
2 666 295043685
1 758558951
1 957641575
1 146647444
2 917 283092244
1 231005332
1 546404464
2 669 961042872
1 644652818
2 803 638438513
2 115 274251334
1 696553514
2 502 636769291
2 302 947868701
1 677004537
2 369 403553110
1 645848667
2 852 469402213
2 1147 222753035
1 710222456
2 785 951002703
2 846 517293740
2 302 483306631
1 161018238
1 330525869
2 1106 680900214
1 672615282
1 729664633
2 316 942904179
1 928691832
2 91 372169779
2 864 717714799
2 783 147312113
2 516 706140792
1 420463675
2 1073 488382878
2 424 303097856
2 212 600453591
1 253716474
1 413353055
2 284 830428150
2 488 510061990
2 1072 270859547
2 322 637595321
1 422745794
2 676 925095639
2 911 875976296
1 880360082
2 896 146721015
1 135815475
1 779646720
2 200 714587669
2 1200 787789158
2 496 301793145
2 489 201171139
2 400 431467106
1 761886398
1 896926592
2 907 398040336
1 377480190
2 1036 924126245
1 519125200
2 111 971583198
1 175825507
1 944525792
2 738 154130087
2 989 989365116
1 185803421
1 209477084
2 88 748727424
1 599359287
1 323859602
2 298 370939641
2 657 529829496
2 933 328222562
2 1202 497083767
2 424 570637084
1 129782880
2 1043 380818551
2 1075 609028371
1 921284798
2 845 869624565
1 761716769
1 612939622
1 977708682
1 674804479
1 736625342
1 352474344
2 776 264694775
2 71 793719634
1 681814080
2 860 983987135
1 239633738
1 703994363
1 797480289
2 1215 266590307
1 128440303
1 824500867
1 952241948
2 757 429618457
2 445 932649556
2 640 523730329
2 294 328760952
1 253485902
1 722977954
1 761513034
1 275495250
2 831 745125943
2 13 185624246
2 510 210505063
2 693 598315438
2 1177 794168794
2 360 598331108
1 396928352
2 156 462365859
2 1115 729089160
1 895284091
1 135259418
1 349656787
2 474 540893568
2 914 242808829
1 945974287
2 420 727013584
2 538 342548032
1 459482961
1 420407648
1 211453888
1 570241768
2 1185 852241832
1 994027283
1 607555286
1 582735589
2 688 697994971
2 1173 336946626
2 324 220168082
2 264 243949087
2 1110 375780208
1 417577373
2 402 629217533
2 560 197953264
1 880218477
2 189 843024616
1 434351463
1 244326941
2 837 781298352
1 341594133
2 677 671135747
2 924 903584989
2 758 595715777
1 711109480
1 351038386
2 193 279328152
1 298526086
1 572505384
2 375 394689089
2 1152 491626783
1 880383369
2 908 599159495
1 545205650
1 738270619
1 110017139
1 292047891
2 986 872003968
2 513 245283092
2 1085 120999939
1 515356740
1 647951123
2 912 153010717
2 346 288794083
1 594949370
1 299759454
1 867356305
1 381428262
1 757077849
2 288 431676431
1 977229338
2 1090 216640222
2 1051 785105302
1 413179009
1 661682437
2 781 983473746
1 573127970
1 359005764
1 367490553
1 572305132
1 559034609
2 63 161734746
2 837 779780834
1 232966362
1 338618213
1 397856504
2 521 299395633
1 982942883
1 696620887
1 845477829
2 722 267142394
1 381394279
1 245557764
2 558 875874709
2 984 712926348
2 642 774580414
2 994 514725651
1 470041747
1 416532673
1 553657668
1 824362715
2 769 677978810
1 781234184
1 515690006
2 1237 868240967
1 384116101
1 571645771
2 323 719569484
2 707 769824467
2 860 121535452
1 553220676
2 995 724714251
2 528 781230904
1 884244102
1 819426776
2 24 961634689
1 312618372
1 831588766
1 477775215
2 1059 771647536
2 929 403500733
1 199409172
2 657 608561548
1 371735741
1 976449916
1 774798591
2 255 265057128
2 1130 564942661
2 716 881911672
1 552846567
1 409553786
2 815 761732678
1 377925378
2 48 115479171
1 149476082
2 1131 834644977
2 709 364326869
2 715 571698066
1 384910274
1 119428913
2 1109 505056689
1 172876229
2 841 490424307
1 197969353
1 948747174
1 585918819
2 723 230753463
1 298197074
2 295 558301929
2 1217 605181206
2 430 421508156
2 1078 982437729
1 161265380
2 561 245617540
1 288445840
1 541242089
1 933417343
1 823445630
1 743783576
1 273309735
2 432 158792031
1 693796124
2 320 404916612
1 915510152
1 974518947
2 86 348462481
2 719 294440727
1 624888255
2 701 794803364
2 140 769178314
2 389 867772082
2 760 601674982
2 38 119964696
1 863989813
1 987388670
2 130 441031762
1 825627556
1 565427419
1 755168788
2 315 575628150
2 752 715589570
2 934 782372239
2 1202 248833702
2 1235 394760968
1 854066255
1 416544708
2 917 281215031
1 737141622
1 437520890
2 862 799715675
2 843 238335753
1 802535549
1 889959982
1 268343779
2 241 758433924
2 935 389593881
2 968 753066992
1 399633298
1 419339612
1 668262392
1 924421424
1 661598039
1 103721282
2 421 756741468
1 577549512
2 880 182153785
1 741167124
2 897 546575917
2 418 378479862
1 584146002
2 73 421029142
2 1210 640973890
1 955784816
1 208109573
1 393956707
2 1182 173652709
1 944250386
1 185629230
1 225327285
2 167 612517718
1 840558836
1 773930343
1 493434345
2 1101 701336906
1 124057717
1 638143968
2 197 413573232
2 1028 806043073
1 262187494
2 545 634227990
2 237 904990079
1 523366632
2 1138 673382772
2 1065 393317526
2 1152 407980039
2 460 360538223
2 197 453159856
2 758 725273597
1 405820680
2 122 407790694
1 494665551
2 555 619537210
2 548 169870455
2 255 868510325
2 1224 257782979
2 202 586522188
2 252 172124037
2 386 153553115
1 163616260
2 768 836548369
1 683459394
2 810 262439555
1 897617438
1 563189594
2 796 418896354
1 381769649
2 682 340864994
2 909 478922825
1 725247259
1 522996507
2 648 822727956
2 859 959425415
1 342376711
1 897189691
1 502248830
1 427411534
2 877 490496706
1 282555835
2 1018 606353718
1 803820563
2 945 164413282
2 83 314463549
2 1166 181287734
2 1090 560870177
1 912033491
2 655 117599778
1 225010531
2 516 881792306
1 890495957
1 258909048
2 1136 833159673
2 983 692336850
2 1141 571168913
1 290888193
1 466449413
2 774 492591852
1 685834413
1 891279999
1 788851656
2 423 251211836
1 683240960
2 1000 776308681
1 167403022
1 766382638
1 330821298
1 898054757
1 973241012
2 945 213038995
2 336 398807489
1 931318752
1 441904150
1 540535870
1 694001037
2 797 378912086
2 135 695793267
2 875 284768153
2 1033 811237570
1 870444693
1 804234967
2 155 840344748
2 689 403885564
2 1225 310364374
2 411 568019144
2 970 361850732
2 328 563175752
1 571087558
2 983 460802985
1 421475107
2 726 984521806
2 774 836587681
2 591 809294706
1 841974495
1 609197697
2 57 204399015
1 617861130
2 754 465621648
1 713311244
1 819818595
2 750 172026465
1 619464105
1 535638855
2 876 304827013
2 207 514119413
1 434122838
1 491175918
2 754 348170614
1 106975078
1 107919094
1 683193183
1 840064748
1 968093579
1 676362497
2 172 453002716
1 295305843
2 550 427768600
2 390 188024695
1 435533568
2 1061 396770291
2 933 510406110
1 950530720
1 482968530
1 884259100
2 1166 204851571
1 189613283
1 813439326
2 89 928579686
2 130 543781122
1 788474546
2 571 148813620
1 225109579
1 815402084
1 158335769
1 111409719
2 662 128581713
1 415283624
2 798 749136927
2 523 455514386
2 440 299962586
2 501 635463294
1 971934627
1 757034947
2 313 976948940
2 578 235737839
1 502199252
1 995147067
2 268 354222898
2 929 913067854
2 217 484660209
2 208 811640569
2 286 381507013
2 549 876369633
2 700 863930729
1 686469761
2 250 976332119
2 28 988084510
1 531798589
1 730525593
1 362288053
1 344800865
1 599402789
1 596600752
1 647602491
1 965373128
1 870021719
1 488042040
1 597643211
2 443 284730820
1 465031447
1 208335265
2 183 401059630
2 1184 100162405
1 276613382
1 647555770
2 717 587541458
2 1234 491054826
1 998571208
1 184254296
1 491143377
2 1122 437991353
2 378 910747186
2 1148 369730410
1 659692737
2 391 420481972
1 161248323
2 368 595810370
2 379 765016641
2 663 723422452
1 304585876
2 878 813584092
2 422 814759503
1 855267694
2 746 297381066
2 504 537084799
2 1147 146034459
1 272733502
1 869297506
1 896737037
2 160 549297748
2 836 279488675
1 258271162
2 299 714696919
1 651624912
1 795041848
1 490563274
2 595 327107160
1 282271871
1 394983254
2 481 944955648
2 428 258619141
1 504676531
1 696347737
2 147 197763256
