50
231088239 -8115153 -30222642 -54353505 -595615208 -744850585 420628535 -845112776 512575249 227932343 74362329 35216051 369364613 -11718677 -25644179 20656243 -85178015 -130919927 236613893 47468266 47261956 23344210 -281106517 -660719392 -793719932 6046827 -171199831 -83917295 739587811 9430490 -44172571 14633943 -54898629 79517745 -135183541 -94642165 47815859 199874760 -56306414 -71228375 -36252059 -77997768 51501352 46656683 609719338 -574229985 -811101910 -884980417 733012278 -37741778 
2 1
3 1
4 2
5 1
6 1
7 5
8 6
9 4
10 2
11 9
12 4
13 3
14 8
15 12
16 3
17 2
18 15
19 1
20 11
21 16
22 7
23 12
24 17
25 2
26 25
27 22
28 8
29 28
30 22
31 9
32 6
33 29
34 20
35 10
36 30
37 8
38 4
39 13
40 19
41 27
42 10
43 1
44 28
45 39
46 16
47 39
48 4
49 24
50 45
