50
-15800474 -1003 6882 0 0 215326 -75 -115 98 549915 -260 358 -124 -3 -7 541386 29733 -104558 14 -38 8058 -25112 4081150 -12 52705 -85410 -1 -52842 -15067770 -2718030 774530 2 249754 26131 -971 -955578 -4070 45 -14367 44 20799875 -2 1978542 3 547 2 -36855 -998125 13 790 
2 1
3 2
4 3
5 4
6 5
7 6
8 7
9 8
10 9
11 10
12 11
13 12
14 13
15 14
16 15
17 16
18 17
19 18
20 19
21 20
22 21
23 22
24 23
25 24
26 25
27 26
28 27
29 28
30 29
31 30
32 31
33 32
34 33
35 34
36 35
37 36
38 37
39 38
40 39
41 40
42 41
43 42
44 43
45 44
46 45
47 46
48 47
49 48
50 49
