200
-194466 420587 477135 76735 -72955 177853 -115986 -27135 471766 -215118 68140 317555 308569 444858 -5725 -244325 -85831 276591 260780 279201 101584 368367 -180420 286422 313367 -195330 43860 15874 112033 -83932 84830 -248235 -171061 -380657 -63612 -158114 -393344 298208 252974 -109822 -471454 11415 -156325 -197495 53568 309573 369345 -358474 -455847 221984 -174362 -170196 -278339 155136 358639 -385104 23559 213491 308216 -23266 -365149 238434 496542 -436687 -120669 229712 402007 -490801 -460773 -102194 30580 -357136 84550 -49652 -108656 419168 492348 -158184 455015 -73152 114805 -211884 -459999 -301155 271506 324732 109424 -490190 -247745 128172 -225428 -243914 -89116 -412527 125008 -331274 429066 -210987 68099 -412047 16229 378221 -480596 -121867 -207048 205290 355653 -454693 77850 -143083 13886 -381341 -128642 247926 -429904 204538 462863 304446 -499505 -133014 -359732 178751 -227570 -62987 493202 -204923 -305778 449891 245465 -481855 224265 215736 306660 36166 89304 -200150 62250 -397602 240710 -100388 -371036 254918 230887 290900 -244080 163292 -399859 -227710 20203 -465321 -292497 264561 408512 -346115 199231 -234743 176314 -213810 -160179 168887 235103 -78455 -495113 356287 -421647 4431 437494 33972 274227 -188921 221492 -267448 -84060 298760 -317131 424148 -258358 310882 -64316 46550 354881 -483570 -418876 -443709 -79133 27885 204929 -348035 -456123 178399 -156331 184401 264995 452136 -246363 229731 -138307 -186821 332864 132252 
1 2
1 3
1 4
1 5
1 6
1 7
1 8
1 9
1 10
1 11
1 12
1 13
1 14
1 15
1 16
1 17
1 18
1 19
1 20
1 21
1 22
1 23
1 24
1 25
1 26
1 27
1 28
1 29
1 30
1 31
1 32
1 33
1 34
1 35
1 36
1 37
1 38
1 39
1 40
1 41
1 42
1 43
1 44
1 45
1 46
1 47
1 48
1 49
1 50
1 51
1 52
1 53
1 54
1 55
1 56
1 57
1 58
1 59
1 60
1 61
1 62
1 63
1 64
1 65
1 66
1 67
1 68
1 69
1 70
1 71
1 72
1 73
1 74
1 75
1 76
1 77
1 78
1 79
1 80
1 81
1 82
1 83
1 84
1 85
1 86
1 87
1 88
1 89
1 90
1 91
1 92
1 93
1 94
1 95
1 96
1 97
1 98
1 99
1 100
1 101
1 102
1 103
1 104
1 105
1 106
1 107
1 108
1 109
1 110
1 111
1 112
1 113
1 114
1 115
1 116
1 117
1 118
1 119
1 120
1 121
1 122
1 123
1 124
1 125
1 126
1 127
1 128
1 129
1 130
1 131
1 132
1 133
1 134
1 135
1 136
1 137
1 138
1 139
1 140
1 141
1 142
1 143
1 144
1 145
1 146
1 147
1 148
1 149
1 150
1 151
1 152
1 153
1 154
1 155
1 156
1 157
1 158
1 159
1 160
1 161
1 162
1 163
1 164
1 165
1 166
1 167
1 168
1 169
1 170
1 171
1 172
1 173
1 174
1 175
1 176
1 177
1 178
1 179
1 180
1 181
1 182
1 183
1 184
1 185
1 186
1 187
1 188
1 189
1 190
1 191
1 192
1 193
1 194
1 195
1 196
1 197
1 198
1 199
1 200
