997 1
1537 1527 1525 1522 1513 1525 1522 1515 1513 1513 1507 1512 1504 1506 1492 1490 1491 1493 1488 1491 1470 1474 1478 1472 1461 1457 1458 1448 1446 1450 1441 1450 1452 1437 1444 1442 1427 1414 1438 1425 1414 1417 1407 1413 1392 1392 1382 1396 1402 1390 1389 1396 1380 1394 1375 1372 1358 1360 1362 1350 1350 1347 1358 1349 1346 1333 1353 1349 1343 1330 1326 1319 1311 1312 1316 1318 1294 1305 1303 1300 1296 1304 1296 1292 1269 1268 1287 1262 1268 1262 1263 1260 1251 1260 1259 1256 1244 1248 12712 1242 1238 1227 1228 1230 1218 1220 1210 1214 1201 1201 1209 1208 1194 1192 1183 1185 1187 1188 1165 1181 1180 1170 1170 1174 1158 1157 1164 1165 1163 1136 1137 1137 1134 1141 1137 1148 1112 1120 1121 1124 1131 1111 1109 1116 1093 1106 1092 1092 1104 1088 1079 1074 1087 1086 1081 1067 1076 1057 1071 1066 1066 1048 1045 1043 1047 1025 1044 1044 1026 1019 1023 1011 1023 1026 999 1016 995 991 1009 996 996 994 987 982 995 975 982 963 978 967 978 962 960 969 954 964 934 12712 949 937 926 924 935 928 916 915 924 908 909 912 908 898 889 905 900 877 892 871 873 885 886 882 881 856 867 869 850 857 851 851 849 848 833 851 830 841 832 827 811 809 812 811 809 809 808 803 795 808 800 778 778 780 779 771 775 781 774 770 760 773 752 756 758 742 742 741 750 732 716 720 720 721 715 703 708 704 704 699 702 697 696 700 686 690 682 665 676 675 661 661 674 652 652 659 646 644 12712 645 628 652 629 650 632 631 629 624 617 606 619 618 605 612 596 599 600 593 572 592 591 583 572 569 568 562 577 550 558 557 556 557 543 543 539 544 545 547 520 521 524 533 512 496 522 505 494 503 490 483 500 482 488 489 481 476 480 476 470 470 448 475 442 455 438 451 447 438 428 421 434 429 429 422 417 414 419 409 403 417 401 400 400 405 391 387 390 379 375 364 378 369 373 354 362 348 349 12712 334 340 343 345 338 343 325 316 336 321 317 306 305 308 300 298 302 295 289 278 287 284 277 284 278 273 274 279 268 257 264 259 249 263 238 236 234 238 223 223 245 238 219 208 217 223 214 214 196 213 209 206 189 196 193 184 180 173 170 178 166 156 168 160 161 165 156 136 138 139 139 142 127 132 140 134 122 116 114 120 110 97 97 107 93 88 85 87 80 74 93 75 62 73 73 66 50 57 12712 53 52 54 37 62 44 59 40 55 58 67 76 65 82 79 71 78 90 93 104 95 108 98 111 121 97 122 124 109 120 124 136 122 136 145 142 158 149 164 157 152 158 172 163 157 168 159 177 195 178 173 192 191 211 202 218 196 212 212 209 215 222 212 229 237 231 231 247 241 247 244 251 256 263 267 278 255 277 265 258 291 266 284 276 274 293 305 295 302 295 303 308 318 321 333 335 324 317 12712 341 333 325 336 359 337 358 349 367 365 374 376 364 363 383 383 380 384 383 400 384 389 400 402 392 410 408 420 425 433 411 440 412 420 432 429 432 445 455 456 444 450 445 465 466 471 471 486 483 475 478 484 492 509 493 511 505 496 498 498 500 508 507 532 525 528 536 532 534 539 548 540 542 556 570 572 566 574 562 576 561 580 584 584 599 592 586 587 588 608 612 604 614 603 606 628 634 626 12712 632 647 633 628 642 648 651 655 655 657 651 677 668 665 684 670 668 683 684 693 687 696 681 694 700 700 710 709 724 715 717 723 723 724 722 748 747 739 737 742 758 755 753 764 762 763 763 767 775 773 766 786 778 781 786 796 796 804 790 809 814 804 810 821 827 820 838 832 819 831 826 840 830 850 859 870 860 868 852 876 877 880 866 880 882 877 892 893 907 899 888 894 901 908 925 900 904 931 12712 921 947 935 937 947 943 947 939 953 957 955 966 963 973 973 977 970 987 979 977 986 998 992 989 990 1005 1003 1014 1004 1030 1018 1016 1023 1015 1034 1037 1043 1032 1036 1048 1042 1041 1058 1071 1069 1078 1052 1060 1067 1070 1071 1066 1082 1072 1094 1096 1082 1102 1105 1112 1106 1112 1101 1123 1129 1119 1138 1145 1145 1138 1148 1156 1144 1154 1151 1136 1149 1148 1167 1162 1170 1171 1170 1178 1167 1180 1186 1187 1196 1195 1206 1200 1204 1201 1195 1208 1223 1223 12712 1232 1210 1233 1227 1238 1239 1239 1241 1247 1239 1256 1261 1259 1257 1258 1259 1266 1268 1271 1271 1279 1298 1300 1295 1289 1296 1300 1309 1309 1321 1311 1313 1317 1324 1323 1328 1327 1332 1325 1346 1350 1340 1360 1354 1351 1370 1352 1356 1362 1383 1364 1383 1379 1374 1391 1383 1395 1384 1399 1410 1407 1412 1408 1411 1412 1421 1424 1424 1423 1422 1435 1450 1453 1458 1441 1450 1455 1458 1458 1462 1452 1464 1475 1473 1475 1475 1485 1486 1493 1497 1499 1498 1499 1510 1505 1507 1517 1506 12712 1523 1514 1535 1522 1535 1524 1530 
995
892 100 630
921 358 394
136 325 680
452 295 849
196 588 696
785 131 928
452 523 661
740 145 619
687 159 760
853 49 951
797 280 907
737 473 593
132 579 831
933 456 460
458 48 590
182 256 517
601 501 967
76 585 764
191 61 971
624 227 253
846 296 920
34 870 927
263 289 515
100 471 639
57 740 758
426 363 435
234 346 632
234 217 973
12 767 970
371 492 861
184 197 615
375 292 463
905 52 644
36 119 324
746 211 913
837 338 792
148 37 805
730 116 296
819 275 547
740 220 289
33 364 567
8 197 534
286 682 722
915 245 876
919 210 858
956 786 875
72 250 602
411 660 775
886 805 970
96 39 760
504 172 454
89 228 500
863 209 958
196 67 887
609 515 611
281 548 849
228 750 849
614 788 980
627 567 677
867 727 819
895 627 651
612 687 982
738 635 717
272 127 619
100 609 865
981 240 360
525 929 966
102 666 863
572 646 930
468 229 340
429 685 928
28 36 937
882 10 809
939 449 575
322 295 820
921 545 669
42 97 431
778 244 576
145 577 628
627 435 841
434 185 547
945 833 951
748 68 261
888 24 606
776 142 680
120 149 763
804 182 480
849 206 625
652 587 773
164 545 765
310 523 767
267 137 706
136 655 853
773 257 803
209 246 848
495 391 739
243 200 569
589 82 914
697 642 793
825 521 589
102 161 346
832 129 891
623 281 488
724 395 396
769 456 637
721 577 659
983 488 698
992 261 848
884 625 995
859 851 902
330 356 440
967 201 760
59 207 948
153 94 423
486 315 898
776 175 611
893 47 161
960 470 900
609 544 861
246 132 381
38 670 927
424 386 810
596 479 602
221 571 731
494 665 927
959 130 441
985 811 955
269 213 218
760 735 738
319 507 681
879 18 377
757 187 549
665 166 674
498 771 986
124 307 597
751 206 484
933 352 920
871 290 768
167 667 747
305 302 640
689 663 729
561 357 585
829 700 974
811 153 156
786 198 314
977 114 483
746 471 706
856 709 874
838 220 335
373 472 733
987 409 585
302 251 316
322 272 746
365 567 747
109 55 200
373 587 693
562 374 865
911 577 635
520 112 203
189 160 716
782 204 679
433 235 788
887 26 571
513 549 616
199 396 727
552 31 85
5 57 783
889 398 989
669 817 850
332 385 417
125 628 692
899 286 820
650 355 496
733 198 231
232 135 528
973 123 670
701 647 905
683 33 50
801 16 847
428 517 614
52 522 584
139 239 685
986 468 706
891 417 427
653 323 667
216 69 759
994 164 808
384 907 923
466 855 911
138 67 134
825 182 669
24 38 330
218 757 857
812 434 447
665 48 786
435 348 407
740 662 819
923 305 468
391 417 739
96 660 787
339 135 617
910 865 947
242 12 718
47 660 723
279 327 514
802 57 923
297 390 640
135 57 569
538 536 903
171 39 793
626 48 748
483 258 301
762 494 576
475 756 982
693 821 903
13 466 540
268 25 88
582 92 805
175 69 323
93 386 667
143 224 369
121 46 65
838 876 877
344 28 168
602 611 724
560 447 595
277 143 666
276 549 988
414 364 989
667 527 992
428 425 906
350 356 558
226 116 838
344 573 927
179 870 911
105 817 935
153 11 418
658 481 618
21 651 760
969 103 162
195 242 466
30 234 717
545 245 846
333 302 611
215 91 269
461 419 645
757 277 717
878 98 190
834 425 762
819 279 574
119 176 203
303 116 903
432 839 968
500 103 184
650 479 580
710 55 509
251 408 670
766 625 888
60 339 841
930 91 460
846 738 800
388 298 919
205 166 947
786 821 974
789 145 171
513 640 798
410 490 989
106 43 669
391 324 525
365 59 276
823 69 275
774 152 648
902 632 901
740 551 794
702 305 485
330 612 952
935 26 312
267 342 865
78 131 319
533 22 651
799 198 900
126 304 851
331 440 559
775 225 916
611 17 682
80 259 573
787 706 798
240 226 346
641 531 727
965 73 702
638 276 397
188 113 877
806 611 684
919 455 993
894 813 868
529 428 662
742 533 605
512 89 98
60 137 560
247 243 638
369 150 711
839 684 947
399 175 768
156 460 941
500 345 889
103 287 673
339 39 441
166 121 664
42 411 798
705 917 957
934 639 877
349 912 955
240 106 389
512 126 816
128 565 769
887 332 658
496 375 606
187 83 226
988 346 714
296 95 900
159 784 895
367 548 694
327 66 951
209 213 855
958 328 465
837 299 313
613 311 833
839 790 920
319 534 984
951 178 345
878 115 629
362 331 451
954 215 367
45 495 558
13 137 278
658 420 590
526 192 753
674 345 616
526 345 992
40 475 613
754 347 676
961 178 553
681 825 981
431 444 870
29 779 948
982 620 942
965 386 579
950 265 355
150 643 914
94 188 309
453 250 899
531 126 917
266 78 615
120 6 499
555 208 588
323 644 657
324 96 517
345 392 829
415 773 801
576 402 501
415 87 284
445 112 738
33 174 523
307 344 388
876 143 779
113 459 981
707 149 451
770 70 975
272 208 854
551 591 983
17 697 705
628 286 886
11 147 522
110 201 931
946 71 256
546 127 155
521 220 833
216 648 733
918 230 271
25 228 281
581 227 572
874 191 821
217 64 976
266 12 927
816 321 324
68 521 848
384 746 861
985 897 992
752 462 603
560 176 994
198 57 809
434 287 770
779 387 804
371 10 731
446 368 645
54 315 541
417 37 71
265 83 120
406 416 675
494 158 880
889 59 722
771 59 488
169 152 422
867 312 556
181 414 451
555 206 371
110 65 113
868 4 120
864 415 804
62 201 226
9 447 915
91 635 685
333 485 943
342 350 376
725 853 886
905 103 454
303 64 594
321 350 889
833 164 411
316 206 506
708 318 818
80 614 626
564 75 458
591 645 993
391 190 665
397 284 665
404 793 980
418 64 151
328 67 886
691 57 363
272 11 70
444 414 824
303 112 306
71 519 530
653 153 805
505 147 747
298 87 903
786 421 670
924 3 905
987 87 359
297 57 95
867 186 384
986 101 634
527 348 883
258 726 804
905 977 984
829 42 806
685 295 725
767 65 755
303 248 680
843 698 804
255 629 899
615 62 495
412 153 641
388 65 595
23 550 616
571 668 687
365 596 708
385 197 904
458 5 276
855 782 960
6 536 870
225 278 896
200 383 410
674 289 634
404 65 916
402 250 705
920 223 574
82 793 830
656 467 863
85 25 688
791 21 736
625 280 795
253 308 816
568 292 730
554 603 934
854 746 840
357 126 818
490 388 803
559 497 782
972 682 852
17 43 69
443 133 480
230 170 722
489 129 355
878 857 915
967 243 340
726 488 841
211 759 985
536 162 296
200 51 69
718 215 742
955 578 788
294 164 806
876 534 757
25 236 749
494 286 971
944 442 624
403 804 869
689 169 566
91 259 418
36 112 769
932 666 721
166 69 477
71 612 784
153 265 833
956 163 236
205 597 714
674 109 151
993 392 823
928 393 514
101 395 588
353 62 949
543 272 765
325 36 473
699 236 692
778 719 988
570 850 890
394 268 302
583 288 492
956 13 520
899 555 614
505 746 945
143 310 598
23 415 688
527 298 446
729 632 696
951 427 966
352 21 781
240 142 786
722 210 925
225 250 359
379 179 643
276 524 763
574 210 833
62 280 583
517 370 627
268 1 107
877 176 985
253 723 916
923 132 410
978 92 436
864 676 689
554 518 747
477 353 397
342 190 799
992 164 830
433 10 894
948 416 766
424 123 146
216 75 433
273 532 647
647 133 417
353 440 664
45 326 925
782 24 490
303 452 938
694 211 312
284 735 820
531 128 776
276 504 631
363 129 435
510 228 387
668 401 892
919 97 987
252 288 613
798 57 576
737 569 736
386 622 910
405 554 988
597 45 106
80 521 535
253 360 689
23 546 600
400 286 750
495 143 167
894 484 805
681 316 758
717 417 846
561 743 975
233 76 814
449 812 877
939 314 436
303 136 378
771 17 884
77 376 577
515 213 406
341 43 308
549 185 470
876 179 788
243 214 413
471 382 905
815 144 523
662 564 859
856 155 231
42 728 884
852 396 946
216 670 736
91 127 995
104 204 625
240 246 590
315 619 987
776 763 906
995 112 717
335 249 275
392 60 414
916 274 334
538 572 799
14 714 772
805 80 279
463 731 942
518 95 394
473 432 522
313 376 561
114 26 229
438 288 504
479 378 439
426 357 618
936 144 843
208 733 817
72 475 705
494 465 689
833 358 918
326 28 621
884 483 877
618 760 886
300 27 482
498 859 977
31 316 602
329 728 904
589 227 454
944 663 988
548 31 662
806 195 374
339 549 899
138 555 768
228 419 827
532 541 553
492 409 573
29 235 633
160 524 651
436 467 898
731 145 854
451 33 273
632 182 873
247 265 750
732 291 879
681 586 717
316 202 731
225 696 836
100 801 977
593 101 353
522 309 837
554 108 445
929 212 441
161 39 809
597 94 719
634 16 868
321 179 949
272 161 216
138 109 295
285 564 627
145 18 363
735 245 885
248 101 170
10 134 215
912 327 605
752 49 68
346 159 508
362 513 996
536 61 593
979 307 355
96 242 479
12 310 383
467 141 317
242 55 828
424 114 970
680 317 826
800 171 483
687 173 680
125 232 880
674 246 948
449 152 214
909 125 840
854 611 650
783 317 994
829 501 786
89 108 942
187 37 612
259 284 911
189 491 657
731 80 563
163 245 934
67 661 924
799 639 647
951 421 506
996 2 920
944 283 880
614 319 679
38 433 781
745 97 145
730 75 824
107 82 316
939 526 979
4 157 455
77 312 527
462 132 580
781 57 544
622 282 862
958 119 650
478 511 589
469 23 925
264 379 972
168 57 876
272 773 958
641 802 879
427 506 747
62 337 732
588 508 988
333 498 774
314 480 495
994 519 604
209 169 727
872 289 349
240 246 310
624 165 329
646 9 456
7 304 819
217 404 938
933 126 503
339 429 891
548 39 925
442 848 855
819 31 644
102 81 834
162 708 977
167 281 851
271 171 487
61 707 708
99 374 550
142 110 787
373 681 934
419 442 829
563 159 203
662 344 462
586 5 802
514 244 496
576 104 943
858 354 590
486 703 737
56 540 741
404 53 668
982 599 813
496 82 467
137 845 918
157 169 833
174 688 695
287 362 721
154 485 690
12 634 952
512 297 809
190 121 199
72 37 855
115 684 789
367 470 684
918 16 21
685 200 846
748 788 866
385 587 973
400 528 599
928 489 596
625 597 732
597 303 450
338 183 712
396 228 606
269 724 791
894 861 916
73 790 982
755 239 373
184 371 991
82 33 345
823 664 827
124 594 985
579 283 826
681 252 261
404 423 583
294 211 791
801 81 312
846 44 479
562 295 490
141 399 865
659 539 950
322 553 926
721 221 241
103 235 920
159 702 794
842 612 635
389 846 863
691 707 848
485 294 839
552 400 454
825 164 636
86 580 979
440 402 583
685 301 671
953 172 946
812 40 440
127 60 200
610 254 435
838 541 923
590 363 794
16 952 974
790 181 704
851 252 436
315 153 215
916 152 947
892 29 37
520 16 554
535 446 454
349 451 735
515 363 414
793 124 295
560 114 907
97 497 894
589 349 743
129 307 492
649 380 504
237 93 291
207 677 864
431 736 804
465 363 875
300 492 609
368 311 903
637 491 753
592 74 200
506 379 633
563 250 366
745 860 973
102 411 951
644 184 731
701 44 320
661 418 505
290 396 785
348 105 778
495 51 845
566 275 557
249 520 628
87 89 773
62 575 896
212 636 875
964 665 979
562 156 942
504 141 409
410 260 442
582 602 976
793 97 497
554 639 894
931 9 958
188 392 485
47 232 767
264 374 847
955 369 891
786 677 914
716 325 994
285 174 398
808 527 569
678 579 792
906 746 897
516 178 531
992 220 962
27 69 867
260 29 411
491 256 680
623 562 789
165 164 193
426 282 772
236 259 960
39 63 851
726 576 900
739 261 273
797 337 706
207 67 930
720 886 936
333 48 684
6 231 587
536 443 663
262 911 947
738 370 934
12 462 499
624 602 774
742 774 842
655 563 870
292 268 328
970 39 316
863 352 816
875 386 857
893 82 307
639 425 886
162 709 961
95 369 394
722 458 861
975 736 951
263 544 975
169 572 590
720 143 414
706 564 801
486 507 692
36 633 804
456 171 972
634 264 574
596 407 551
321 387 444
810 351 400
263 971 972
309 113 767
24 281 394
648 217 441
247 643 872
437 143 288
558 66 514
290 602 892
489 948 966
803 211 618
200 782 851
942 404 997
977 178 707
769 361 856
420 686 830
872 407 946
793 95 371
751 47 771
356 532 919
432 763 795
205 37 902
619 162 538
249 189 260
481 606 801
574 692 827
252 835 848
394 77 526
264 613 858
382 739 739
261 410 990
274 231 746
403 448 907
470 517 849
125 321 971
592 177 860
504 6 220
72 362 820
490 208 615
145 273 866
682 5 521
524 404 748
804 399 773
399 62 862
371 672 766
83 481 899
676 167 284
485 30 124
104 471 639
323 364 396
866 179 341
170 217 797
410 769 903
701 41 742
196 214 655
325 312 612
531 7 465
338 570 821
652 277 892
501 315 679
415 79 881
322 346 375
257 348 624
980 441 589
125 269 364
758 235 890
925 181 639
325 557 593
934 419 717
118 49 890
643 41 845
855 479 872
768 118 797
907 21 734
400 426 920
676 565 925
886 858 919
523 48 903
87 118 723
923 289 300
866 392 961
140 79 471
818 99 642
