1 4779553 468385725
4779554 12591403 960509952
12591404 14916474 741884222
14916475 19274489 741884222
19274490 20239838 741884222
20239839 20740840 235152980
20740841 35467179 235152980
35467180 48275338 235152980
48275339 48937728 235152980
48937729 56451378 264371559
56451379 56721378 610950238
56721379 56839377 610950238
56839378 60989025 610950238
60989026 64796596 919638164
64796597 65234203 919638164
65234204 68347313 919638164
68347314 70103492 919638164
70103493 71623932 919638164
71623933 77440807 329715733
77440808 82571570 235152980
82571571 87459477 235152980
87459478 96853084 235152980
96853085 107835577 235152980
107835578 110907664 235152980
110907665 122678111 235152980
122678112 122935432 220309566
122935433 126865744 919638164
126865745 136017268 919638164
136017269 137560354 919638164
137560355 138282599 919638164
138282600 140943899 513028570
140943900 142177735 513028570
142177736 144915885 264371559
144915886 146286291 264371559
146286292 147260684 12043236
147260685 148713576 944831769
148713577 149140110 89807251
149140111 155125713 89807251
155125714 156388672 741884222
156388673 163904862 741884222
163904863 169271583 329715733
169271584 177977970 329715733
177977971 193582918 329715733
193582919 196636930 329715733
196636931 200162803 329715733
200162804 200954896 468385725
200954897 201947807 12043236
201947808 202571818 12043236
202571819 204019564 944831769
204019565 204541019 944831769
204541020 205059635 944831769
205059636 213943358 235152980
213943359 233187819 235152980
219173702 233187819 235152980
233187820 237049684 468385725
237049685 238211923 468385725
238211924 239175863 468385725
239175864 240963796 960509952
240963797 249460558 919638164
249460559 266426332 468385725
266426333 277823687 976046460
277823688 278495455 976046460
278495456 279116660 976046460
279116661 285090325 468385725
285090326 287197618 468385725
287197619 294896061 960509952
294896062 303274090 960509952
303274091 303283587 960509952
303283588 303813512 89807251
303813513 306155678 12043236
306155679 309009870 960509952
309009871 324008194 960509952
324008195 329029846 329715733
329029847 330279780 329715733
330279781 332258607 329715733
332258608 334951115 329715733
334951116 342234585 329715733
342234586 342435812 329715733
342435813 345810154 976046460
345810155 361076124 976046460
361076125 361618569 661196603
361618570 367326418 661196603
367326419 372929523 264371559
372929524 379038315 102495571
379038316 387278708 102495571
387278709 388781876 239587171
388781877 395687453 89807251
395687454 400734250 89807251
400734251 403142093 946594462
403142094 405206523 220309566
405206524 408087130 188398028
408087131 411796382 239587171
411796383 417626884 382800292
417626885 417671499 919638164
417671500 417729904 919638164
417729905 418416081 589188167
418416082 427700634 949032511
427700635 433958251 949032511
433958252 442851364 949032511
442851365 444947800 949032511
444947801 462515093 264371559
462515094 477041845 661196603
477041846 478521318 792641183
478521319 480668296 589188167
480668297 480933536 490970721
480933537 494873620 792641183
494873621 501371159 792641183
501371160 504394675 976046460
504394676 506336722 976046460
506336723 508910184 976046460
508910185 518814807 960509952
518814808 528246332 960509952
528246333 532619996 468385725
532619997 543608510 661196603
543608511 549017974 661196603
549017975 549695347 661196603
549695348 553064833 661196603
553064834 553366053 661196603
553366054 555965787 102495571
555965788 574247176 12043236
574247177 574447656 382800292
574447657 577297914 12043236
577297915 590869459 12043236
590869460 591244236 329715733
591244237 594940285 978848304
594940286 596667020 978848304
596667021 601299241 624795923
601299242 605211900 624795923
605211901 611999072 624795923
611999073 614655081 624795923
614655082 615144696 624795923
615144697 629243339 624795923
629243340 636798509 235152980
636798510 644450735 589188167
644450736 644502799 264371559
644502800 645386651 507167838
645386652 653937133 507167838
653937134 658053565 507167838
658053566 659875678 490970721
659875679 661449066 792641183
661449067 663837689 792641183
663837690 664374072 792641183
664374073 667613081 792641183
667613082 670301608 944831769
670301609 677996189 468385725
677996190 679370809 900359587
679370810 680771800 661196603
680771801 693584123 661196603
693584124 696057649 661196603
696057650 700878115 900359587
700878116 708814185 900359587
708814186 724198951 900359587
724198952 731467983 56352202
731467984 737332258 589188167
737332259 738816398 589188167
738816399 746135836 610950238
746135837 751920711 610950238
751920712 758933517 12043236
758933518 766946362 12043236
766946363 773109055 220309566
773109056 776085185 220309566
776085186 787952344 468385725
787952345 799339662 468385725
799339663 799791142 468385725
799791143 803598017 513028570
803598018 816752056 513028570
816752057 820130485 513028570
820130486 822629418 513028570
822629419 826075502 513028570
826075503 831029466 239587171
831029467 836540974 490970721
836540975 843068639 382800292
843068640 852606526 382800292
852606527 855960876 235152980
855960877 857132958 235152980
857132959 859891781 235152980
859891782 875363920 235152980
875363921 887477947 235152980
887477948 888322528 490970721
888322529 888887047 610950238
888887048 895465719 610950238
895465720 903443811 610950238
903443812 906806640 610950238
906806641 927365511 919638164
927365512 929419708 56352202
929419709 940913602 56352202
940913603 942420266 12043236
942420267 943136892 12043236
943136893 947447750 12043236
947447751 947562429 12043236
947562430 947603112 976046460
947603113 952563696 976046460
952563697 956567954 919638164
956567955 975214756 919638164
975214757 980379170 919638164
980379171 982130655 382800292
982130656 988174959 949032511

1 4779553 741884222
4779554 12591403 741884222
12591404 14916474 741884222
14916475 19274489 976046460
19274490 20239838 56352202
20239839 20740840 56352202
20740841 35467179 946594462
35467180 48275338 741884222
48275339 48937728 976046460
48937729 56451378 976046460
56451379 56721378 976046460
56721379 56839377 978848304
56839378 60989025 188398028
60989026 64796596 188398028
64796597 65234203 12043236
65234204 68347313 264371559
68347314 70103492 900359587
70103493 71623932 900359587
71623933 77440807 900359587
77440808 82571570 900359587
82571571 87459477 490970721
87459478 96853084 382800292
96853085 107835577 490970721
107835578 110907664 235152980
110907665 122678111 960509952
122678112 122935432 960509952
122935433 126865744 960509952
126865745 136017268 188398028
136017269 137560354 12043236
137560355 138282599 102495571
138282600 140943899 102495571
140943900 142177735 949032511
142177736 144915885 949032511
144915886 146286291 741884222
146286292 147260684 741884222
147260685 148713576 741884222
148713577 149140110 741884222
149140111 155125713 661196603
155125714 156388672 661196603
156388673 163904862 949032511
163904863 169271583 949032511
169271584 177977970 490970721
177977971 193582918 12043236
193582919 196636930 610950238
196636931 200162803 900359587
200162804 200954896 900359587
200954897 201947807 900359587
201947808 202571818 960509952
202571819 204019564 960509952
204019565 204541019 960509952
204541020 205059635 960509952
205059636 213943358 960509952
213943359 219173701 610950238
219173702 233187819 235152980
233187820 237049684 235152980
237049685 238211923 12043236
238211924 239175863 919638164
239175864 240963796 919638164
240963797 249460558 919638164
249460559 266426332 919638164
266426333 277823687 919638164
277823688 278495455 900359587
278495456 279116660 949032511
279116661 285090325 949032511
285090326 287197618 490970721
287197619 294896061 490970721
294896062 303274090 976046460
303274091 303813512 610950238
303283588 306155678 610950238
303813513 309009870 610950238
306155679 309009870 610950238
309009871 324008194 976046460
324008195 329029846 976046460
329029847 330279780 513028570
330279781 332258607 382800292
332258608 334951115 235152980
334951116 342234585 919638164
342234586 342435812 507167838
342435813 345810154 507167838
345810155 361076124 978848304
361076125 361618569 978848304
361618570 367326418 264371559
367326419 372929523 264371559
372929524 379038315 264371559
379038316 387278708 264371559
387278709 388781876 264371559
388781877 395687453 264371559
395687454 400734250 944831769
400734251 403142093 944831769
403142094 405206523 944831769
405206524 408087130 944831769
408087131 411796382 944831769
411796383 417626884 944831769
417626885 417671499 944831769
417671500 417729904 741884222
417729905 418416081 741884222
418416082 427700634 741884222
427700635 433958251 661196603
433958252 442851364 661196603
442851365 444947800 264371559
444947801 462515093 264371559
462515094 477041845 264371559
477041846 478521318 264371559
478521319 480668296 264371559
480668297 480933536 264371559
480933537 494873620 264371559
494873621 501371159 507167838
501371160 504394675 507167838
504394676 506336722 507167838
506336723 508910184 900359587
508910185 518814807 900359587
518814808 528246332 12043236
528246333 532619996 12043236
532619997 543608510 12043236
543608511 549017974 900359587
549017975 549695347 792641183
549695348 553064833 102495571
553064834 553366053 976046460
553366054 555965787 976046460
555965788 574247176 976046460
574247177 574447656 976046460
574447657 577297914 976046460
577297915 590869459 513028570
590869460 591244236 513028570
591244237 594940285 513028570
594940286 596667020 960509952
596667021 601299241 960509952
601299242 605211900 490970721
605211901 611999072 944831769
611999073 614655081 220309566
614655082 615144696 624795923
615144697 629243339 513028570
629243340 636798509 513028570
636798510 644450735 513028570
644450736 644502799 513028570
644502800 645386651 513028570
645386652 653937133 792641183
653937134 658053565 946594462
658053566 659875678 946594462
659875679 661449066 946594462
661449067 663837689 900359587
663837690 664374072 661196603
664374073 667613081 490970721
667613082 670301608 490970721
670301609 677996189 490970721
677996190 679370809 490970721
679370810 680771800 490970721
680771801 693584123 976046460
693584124 696057649 624795923
696057650 700878115 624795923
700878116 708814185 976046460
708814186 724198951 329715733
724198952 731467983 329715733
731467984 737332258 329715733
737332259 738816398 960509952
738816399 746135836 960509952
746135837 751920711 220309566
751920712 758933517 220309566
758933518 766946362 624795923
766946363 773109055 624795923
773109056 776085185 919638164
776085186 787952344 919638164
787952345 799339662 188398028
799339663 799791142 468385725
799791143 803598017 468385725
803598018 816752056 919638164
816752057 820130485 741884222
820130486 822629418 919638164
822629419 826075502 220309566
826075503 831029466 220309566
831029467 836540974 220309566
836540975 843068639 220309566
843068640 852606526 490970721
852606527 855960876 490970721
855960877 857132958 946594462
857132959 859891781 944831769
859891782 875363920 220309566
875363921 887477947 239587171
887477948 888322528 239587171
888322529 888887047 239587171
888887048 895465719 188398028
895465720 903443811 507167838
903443812 906806640 944831769
906806641 927365511 944831769
927365512 929419708 944831769
929419709 940913602 490970721
940913603 942420266 490970721
942420267 943136892 264371559
943136893 947447750 102495571
947447751 947562429 56352202
947562430 947603112 56352202
947603113 952563696 102495571
952563697 956567954 102495571
956567955 975214756 329715733
289728839
