3000 5000
3 809 1776
1932 2404 2824
2836 2456 1420
2289 1885 4817
465 419 2307
747 1555 659
2663 1001 3282
731 1804 242
1214 933 2767
2358 1307 744
835 1125 4287
262 1087 4924
2633 2077 4347
1297 215 4093
525 1795 3654
2383 2763 2787
1499 1770 4633
2819 1625 858
2797 663 2054
78 2199 3859
403 105 2573
2336 1749 497
1827 668 4006
1330 1392 4726
549 88 4392
2088 1990 3562
2141 1276 2842
655 304 1
1274 1930 4325
637 1166 86
2906 2609 3513
2672 1139 2341
813 2923 2770
376 1940 2916
953 307 2746
1755 2055 3223
1033 232 3760
2853 554 1009
2704 2841 4316
2441 226 1955
1941 1274 719
2773 2128 4813
1412 1977 1519
1777 471 4618
1935 1255 4834
1519 1556 3286
2028 889 640
739 59 2128
883 155 1634
257 1078 2074
1129 324 2481
1907 1099 2684
1177 453 187
2273 385 1704
1474 2804 3398
1031 545 1216
2210 903 1593
2022 1650 3995
1028 2661 2650
1433 2296 3054
1606 2910 3317
401 1232 3481
1989 387 602
2194 152 4155
732 2190 4777
629 1005 4610
497 2079 2854
428 449 262
1528 982 1287
1489 1382 2899
1450 505 4959
716 2138 474
1544 341 1004
326 2045 379
1798 2892 2556
815 2487 2933
2457 2833 186
2724 1877 2581
1006 2461 2923
2841 1552 1795
193 1451 3660
2985 2305 3575
226 700 456
2370 147 3786
2024 172 1127
561 2175 4123
2755 2620 2231
2173 222 4930
2941 415 1836
1129 689 3424
224 2679 1545
297 885 1236
1021 2967 1411
345 894 1006
378 1995 3399
1491 1335 4734
1730 2811 632
371 2590 159
638 9 4569
805 1503 1483
2881 2062 3770
2271 392 1819
809 773 1976
704 123 3210
736 1067 2907
620 403 912
1709 953 2445
1342 2119 2890
743 1268 4808
655 1502 2679
2388 1758 1681
491 256 1456
2791 2588 619
2387 853 2118
141 1600 4904
2459 1057 1901
566 1607 817
2805 1204 2392
2883 458 778
1989 2646 1750
2371 341 145
29 1178 1014
2714 1762 3504
98 1231 4986
2288 850 3349
2663 2406 2845
2111 1266 4611
930 728 2702
946 2234 1064
2757 537 4322
296 395 3327
2165 2922 4783
1591 49 1345
2854 1097 1156
331 2981 1791
2358 2344 2751
690 1158 2815
2186 382 2021
1988 510 4784
1845 197 3921
722 461 1666
59 1780 2047
2949 1906 4683
1783 813 266
189 2371 2090
2178 507 750
2167 1438 114
741 271 2428
812 2948 3113
1267 923 2218
756 1376 2163
174 2943 3480
424 1526 3803
2361 684 4721
306 857 2603
720 2358 1180
2976 171 1934
1725 2080 4394
2432 2361 3712
2356 2661 1115
1506 2382 1935
2553 2474 2700
1767 1601 3989
556 1632 2778
286 1002 2314
2611 1503 2564
1918 2744 2945
473 1514 3965
1637 194 555
332 1965 85
2848 1546 4345
2802 707 32
55 970 2986
2325 2819 2079
330 1519 1498
2600 793 2889
1221 2209 942
1289 810 1354
2450 1731 2712
1614 2123 2892
1467 2156 2524
875 320 1306
2594 2737 2071
1453 2768 2588
99 2745 805
763 715 2754
127 940 4589
728 2092 4543
2295 1154 2988
1385 1279 101
2101 2015 20
248 1149 2181
1862 2097 2677
1235 1974 1812
2945 1678 910
1947 2696 4054
823 2258 3973
571 1313 97
673 1763 1455
2923 2653 2270
1883 731 974
2726 143 3837
1789 1518 847
2062 2453 296
1015 1787 859
934 2612 3374
2625 180 2242
406 2678 1219
1452 2570 1850
462 112 3952
1986 1906 655
1979 148 1281
2254 1307 147
539 541 4938
2413 422 2554
792 2193 4239
2059 2441 1642
2997 1501 2678
618 1436 2575
1610 1847 2618
2690 2179 2970
240 356 311
72 1797 4208
1063 469 2457
870 2941 998
1383 261 2413
1029 607 1826
1637 2708 1388
1239 1100 1220
1171 635 1186
2019 1590 322
177 2181 4675
2598 2372 1214
673 2206 3913
1073 79 4893
2342 566 1718
1892 2577 1196
1185 2469 1654
1585 2387 4997
2223 795 3328
2989 608 2357
2814 150 2415
1304 149 1746
1724 961 2782
1493 310 1771
2533 667 509
1681 2024 118
45 1313 4200
909 2127 4209
1595 1315 777
1669 2913 313
218 2055 458
2703 2548 2095
434 2684 4103
1818 1296 2975
2936 374 873
1888 2841 1944
1593 31 4591
1974 935 4708
780 1122 4527
2617 1090 29
461 1026 1645
1778 401 1113
2739 1780 4579
1426 539 2403
517 1496 1316
1047 464 283
2369 2202 923
1488 2702 2427
253 378 2511
154 1267 3538
1528 54 4900
591 1916 1896
1827 1856 3339
963 1786 4477
736 2168 3066
250 2355 2205
2671 1421 2324
2430 1952 10
183 71 224
2847 2316 2447
2640 1442 3191
154 2736 2954
2579 687 3132
411 2348 92
557 2072 1558
168 604 3365
945 1156 1029
2475 2079 1117
1937 1381 1766
2824 805 539
1667 2324 4481
2940 591 2419
1377 1187 1732
2245 1425 4331
2078 351 50
2684 237 2170
939 987 3593
1923 1833 2898
1494 2697 4748
1055 620 2294
2969 1040 595
2677 1081 3724
2432 952 1730
913 2945 3136
1738 2628 1447
345 1277 1013
1749 477 486
1210 2812 4145
2549 1384 4995
1974 1134 3304
1793 205 648
234 583 2059
1326 1519 4127
2825 726 848
557 1530 4640
1153 2755 3658
733 2352 1576
1741 2409 3726
1401 1549 3095
1293 1354 1077
1999 2723 4820
2366 679 116
2782 678 4953
514 2433 2305
2340 2886 606
1070 2824 4985
823 96 547
144 121 1502
2762 353 2832
2625 2723 2340
1487 554 2802
1417 311 3819
1714 79 1676
211 61 345
826 178 1482
2838 2711 2031
292 2690 3845
43 1813 3036
684 1675 3147
2869 765 2719
1080 618 3174
951 634 3270
2864 2026 943
2116 177 1909
1017 2338 528
1056 906 709
2613 2827 1698
1714 2454 2185
1160 311 533
2123 2894 2406
617 1608 1530
2724 1503 1605
1247 2874 4329
1853 2207 951
2343 2858 3634
381 1976 2948
155 1774 1336
208 2921 1051
2409 2498 173
2974 1685 3039
511 16 2464
1725 2853 126
1121 1271 1796
1176 1980 430
1190 1298 238
215 2602 3086
2519 865 1816
1692 1113 3750
235 458 3905
1375 2259 3420
2165 258 1091
1177 2103 3758
2935 454 532
1425 495 3041
1121 2264 1428
1875 2410 468
2296 1725 2273
363 2129 4169
131 1037 1258
2384 1306 2863
1077 1838 4701
48 1087 3730
1004 2528 3769
1442 1947 1845
2822 1745 826
1408 779 4162
2996 2881 3791
2230 2415 794
2911 2206 1526
2934 2923 2553
387 2618 4332
666 450 2235
129 560 4937
491 2791 3500
99 708 3186
2354 1565 814
2760 1422 3298
1928 473 1907
2350 2148 4913
299 561 1785
1715 1395 3156
634 2634 1377
2845 1069 3696
137 706 4635
1793 799 1922
1305 1054 2359
718 743 2525
2850 1475 1255
1829 2781 386
2945 1716 3733
2713 183 1371
816 2963 2197
2138 1996 964
2053 166 754
330 743 3848
2157 286 864
2424 1091 2597
2454 2656 48
1043 2732 529
2617 1959 1563
798 1438 12
2026 2498 3632
1313 1743 3843
2081 285 1919
2540 2251 3648
824 504 2909
280 1779 3938
1457 1721 80
2749 1508 2568
1645 1001 4307
104 2863 516
1715 2393 2929
2288 2590 1265
2881 410 3429
2757 1739 117
342 404 4330
2268 650 2492
1231 2300 3139
2487 1308 3898
1226 778 4081
1704 1902 3201
1229 2099 3414
442 1467 4862
2862 945 4498
1354 1872 2375
1167 750 773
1081 1671 4235
1221 2224 30
1301 2287 552
1985 15 4160
937 1059 3447
523 2107 3238
2572 1663 3326
941 2556 4647
1613 326 483
2737 1187 4650
739 1391 1341
910 100 3511
1048 254 3129
518 2469 1061
9 1328 4657
2226 1585 4389
1244 1421 3393
1991 1982 3206
2422 2640 2286
1563 2940 1043
2130 2874 1614
725 2451 3306
1882 1544 1215
58 1648 3004
1928 2030 2648
2412 999 4291
1844 1530 4376
2242 871 1144
2054 53 954
372 337 227
2496 2852 4249
2204 1324 2461
535 2024 1217
688 117 4370
2554 1713 4445
1583 1878 4139
616 1191 4281
1053 2423 3028
1040 2041 1368
936 2961 2561
122 1520 897
2627 940 627
1453 2037 3022
272 2860 1855
2739 2502 1945
1500 1939 3468
1536 2639 2676
537 2065 4364
2678 891 790
2473 1437 233
2853 2929 4240
613 1080 2775
2503 2826 2189
1913 511 1317
1860 1314 1653
2908 327 3094
602 1350 1491
1898 1144 3936
2970 1439 3585
2780 2422 988
257 2809 2471
2786 1744 480
2052 1007 1802
2796 951 4978
2226 241 2813
2659 2322 388
1680 1613 4933
1821 2513 4882
426 2665 4308
395 2286 2136
1723 111 3657
1039 1460 1569
1955 1598 255
1734 2408 1444
1473 2731 949
665 1807 1916
1355 2520 618
2220 1674 4501
2540 1803 924
1581 1031 2352
646 866 1656
144 2956 1197
272 2425 4118
1963 1613 4352
2010 2844 3322
1402 2064 3693
1560 936 304
378 1788 4086
794 1502 742
2118 2411 4149
2861 226 3517
131 1119 2176
1971 489 4485
144 1423 4554
1315 2683 500
2585 2754 3525
2231 558 4991
1290 184 2046
2381 1451 2421
2046 2565 2435
75 2004 1885
1363 176 4639
2174 732 3060
1455 427 3873
2913 2806 4019
113 483 4788
1718 2929 1035
591 982 220
2946 853 1294
332 2100 892
2226 1 634
1367 2497 3894
2990 2926 169
1419 2202 3059
980 2779 425
1800 2065 2720
79 480 749
1472 256 364
1849 1223 2682
2342 2194 671
254 2771 538
624 983 4244
993 1966 195
2961 20 2934
2756 2506 1801
868 2171 219
2346 1461 2735
299 455 4666
279 967 4962
2431 2880 1044
19 1143 4555
194 2391 4833
1241 598 355
286 1960 828
1761 1956 73
2338 1095 3073
2995 1100 2956
2100 2110 1518
1577 2670 1859
120 2177 4075
69 1026 3207
675 1452 3858
609 1058 1312
2787 2513 4052
281 1459 1134
2344 1821 2040
755 2575 3806
514 1619 4124
2117 37 2881
837 2904 554
1474 2746 4622
2394 491 2622
252 90 501
754 2101 2312
2316 1324 505
608 2975 1477
954 978 1884
2951 378 3850
901 2262 1112
2998 2208 1707
1157 737 4447
2541 957 4717
1944 1253 289
1021 1798 1235
1685 695 4999
2679 271 2896
72 963 3685
99 970 768
1465 688 2671
2081 2610 2343
2309 2302 1187
2780 1176 2433
2593 118 2425
1270 1964 4361
2077 2015 3001
2973 665 1911
1951 633 2562
704 2099 3211
2854 1136 1165
653 1379 3788
1996 2941 4324
1977 538 76
1606 510 385
2066 2594 452
1647 356 4855
1642 1731 160
663 1070 1348
1212 568 344
1848 2682 3341
1749 2472 235
2990 1681 1253
2611 526 2306
2911 1583 3579
829 2087 1761
2157 386 3800
1468 1188 4195
243 2000 3868
2020 2822 1489
2544 778 485
832 954 3380
1203 2221 1042
1950 1078 1351
79 1988 665
1547 164 3092
1396 1648 2513
1089 774 1047
2339 1196 471
2480 2564 3188
216 168 363
2464 955 3364
2901 745 3024
2022 2893 1242
2946 1642 2619
2909 2202 1951
86 1436 3745
2954 2409 2085
2219 1987 3203
800 774 498
2988 2184 1781
2390 139 4085
2832 1258 1854
2664 27 1443
2534 328 2777
2871 2318 3554
2160 1332 3997
1775 2550 3472
2795 52 3568
1096 2688 4620
510 2976 496
1916 1537 2131
1324 1149 4175
2440 1778 3567
2389 2921 4643
1604 365 4766
497 531 1140
1733 2448 1691
1107 147 2864
2737 2582 977
2071 2933 3154
1433 1078 31
2362 1438 3252
123 899 739
779 2252 1453
2468 1882 3377
896 1554 2230
2606 1499 831
2748 655 4180
213 2764 2642
1862 522 2862
2252 71 502
1826 163 514
2895 1511 268
2498 2357 2550
2536 2072 36
1102 76 2417
655 1631 3049
240 1545 1068
1897 1346 307
1118 1158 2287
1540 1437 2526
2672 1507 2876
464 818 2616
2384 1348 1830
141 1164 286
1182 2194 1789
753 2766 2640
1785 2027 4549
201 2377 4459
2435 2285 4440
936 2746 319
161 2761 2482
428 1540 1962
2049 70 1738
572 2358 2496
1220 1158 3440
1722 789 2484
56 429 2762
1975 2937 4770
1735 1213 3933
297 2267 3942
1574 913 2038
1700 313 1995
2687 1644 625
1930 2109 4096
2657 2819 82
1338 2004 278
567 1144 1583
256 1490 1508
2091 2562 1809
2329 2253 4428
1111 1141 4848
99 270 1481
2572 1504 4003
303 568 4400
2548 1380 4005
32 1175 792
721 1309 3697
2952 1185 2050
1970 486 3038
2560 91 642
1763 287 2248
1919 2199 1606
2993 1756 4976
317 1094 194
194 2640 1479
2856 2075 123
2621 1891 753
309 591 426
735 2576 535
134 923 374
2783 73 2351
2586 38 807
1004 1278 359
2650 1681 605
185 851 2873
2991 1359 1994
2497 2380 2784
2752 611 3899
175 394 3342
1347 511 1171
619 1704 1744
779 2965 1285
2128 2069 258
426 2361 4077
2098 2995 1866
2450 323 2088
2093 2457 4714
1072 857 4125
757 2468 774
2202 2122 1110
1093 116 818
1246 2866 917
2339 2621 4878
66 1569 1604
1100 1580 1495
2122 2767 1695
912 2939 2115
2920 2642 2989
499 2377 3233
55 1485 176
1566 2782 399
2467 560 1470
874 2904 735
443 902 1151
1790 69 2353
865 2292 4623
2961 2844 3751
277 2723 1990
2253 2581 3735
2947 314 2055
2274 1621 3027
2707 250 4773
2405 67 3831
2736 1060 947
319 1044 2361
1890 2040 100
2815 2125 19
657 1395 2466
767 840 4803
880 953 4212
999 348 3792
1598 2545 3264
830 1908 402
2975 130 2589
1948 1775 1227
380 998 1084
2394 2671 1900
1542 31 788
830 440 4744
2713 2629 3239
1738 145 4462
1978 1153 2817
326 673 1102
2515 1150 1422
2711 1527 2243
1970 1140 4692
2090 2790 4022
1166 1002 4636
2714 2307 4877
720 1308 4859
2598 1437 2410
1550 281 2485
2499 1510 1969
227 697 3969
1850 2994 583
847 275 3841
780 470 1597
1496 1969 1097
1046 1025 677
744 2528 4854
2237 689 833
2960 1809 2380
1438 1736 4537
1871 2756 3527
919 652 3746
2290 1422 1398
1668 1335 1407
314 1406 1936
2304 1057 340
2590 2896 783
1156 529 1903
1772 1253 2655
370 2002 4226
1432 478 4911
1466 275 4747
220 439 1204
1032 1483 1844
1557 2238 4132
995 680 4253
700 433 244
917 461 2431
1186 1682 4112
1678 1511 541
2732 2012 4138
1695 2552 3137
1350 1853 1458
167 2432 3350
1329 336 2279
2778 1127 3002
752 957 4474
180 431 1269
401 1919 1607
293 975 4786
162 2410 4070
601 2800 4351
1623 1995 624
1922 1454 1315
1545 780 2486
75 1688 3782
1627 403 2460
2195 42 3824
389 2239 1600
2382 1100 2444
242 1706 4841
1008 1036 4580
989 986 4299
1612 1706 1993
1152 2650 1823
606 237 718
745 1591 110
574 1871 2267
1952 994 1125
1610 1768 2606
1966 2216 3669
1814 2801 1007
1951 2324 1705
872 1769 4815
684 2732 4737
618 2773 3856
86 319 772
2815 1901 1852
2202 1106 3731
1753 1343 215
807 1174 1541
830 2710 2707
109 1044 2587
622 797 1598
2625 2621 2310
337 2308 21
2827 694 1846
2327 807 600
106 1902 3335
611 2501 995
2562 1656 343
304 415 2912
2506 2577 1724
636 2318 4069
128 522 2289
408 837 2691
1423 2922 4377
827 2624 2479
390 1751 698
1686 1665 3915
2130 1679 4147
1688 2561 4964
2271 2460 4921
2201 342 693
2666 2304 158
2780 1840 3807
787 2774 3972
761 1485 394
268 2883 4033
2351 1242 3542
2822 1556 2057
2253 1962 4578
2708 1200 937
94 2874 3981
2259 415 2797
2527 2643 9
1956 2852 4894
1528 1439 3828
1377 376 3519
1836 8 2699
186 2398 3686
2171 1967 2313
617 2972 2545
1528 2239 3161
318 2278 2256
1024 2166 2741
2310 2556 1321
1148 1223 3993
1952 1749 3928
1352 236 4831
2087 1781 446
1622 318 232
1172 2863 1888
2762 2333 4098
2734 2608 1446
420 2768 4328
2252 807 3052
1783 1893 3927
1342 2014 4698
2249 2614 4503
2548 552 2915
2755 791 2154
602 362 2598
1111 2314 1965
1038 2262 3601
229 2656 656
1956 302 2906
2795 879 571
2688 330 181
793 1548 2296
1271 76 2495
2769 2792 488
422 2567 4699
2375 2695 4385
2977 2731 1396
1306 1645 3173
1765 1298 921
363 246 2594
414 2634 150
493 2060 2978
2186 2402 1095
1171 1017 3864
218 1610 1856
2157 35 1735
1759 769 2382
2533 141 755
2884 2618 2263
2876 2446 4917
1738 2628 442
1083 788 4828
974 984 4045
300 1448 1448
1027 2734 121
2890 2744 1960
783 2091 1974
2110 246 2184
180 909 839
440 2976 2773
2732 932 1709
2152 2414 3734
281 1832 2462
1853 992 1734
695 933 2204
2954 2934 3255
2688 2576 1272
1909 2380 4082
2515 2100 246
1443 356 4723
814 2280 2146
851 96 669
1264 1313 3628
1870 1949 1474
2914 2706 335
1034 129 1963
1505 1078 3013
1559 821 4401
137 2086 870
523 1455 3563
2156 495 1431
2954 891 2297
2916 2985 1966
2686 2937 3219
1845 1555 2301
663 1357 4436
826 1932 662
214 2345 239
313 2977 3428
563 672 3652
2384 110 4371
474 2470 3433
1159 1298 217
2717 2049 4526
2144 95 2855
1669 1730 1729
2148 687 3356
401 1564 2809
2518 1724 1207
955 565 551
1183 2972 3276
878 2736 1788
2705 840 316
1383 2765 1415
2289 999 1531
1332 779 1333
298 1993 2019
283 1816 3198
881 1291 2812
721 2599 2924
1801 2417 4002
2758 2842 987
989 739 4115
363 831 3595
2363 1661 4480
2116 1296 1096
2647 1943 2911
2105 2754 4170
368 2131 89
2841 1046 2534
490 1516 1741
580 1314 1931
821 140 3557
916 2527 4816
219 1451 983
1226 1768 3766
986 2448 712
2406 2900 4587
912 1866 2216
1775 2709 2722
2679 2726 2759
2776 2389 3772
2301 657 1784
2359 1321 3560
2262 2041 3133
172 83 489
1676 413 841
2529 1811 197
1272 2810 333
562 2955 1708
2411 2175 13
1868 2309 247
1726 1335 4801
170 2153 2567
2854 788 3836
2546 606 1070
2312 1301 1679
1124 1243 2272
418 2424 3937
484 67 4989
943 640 3325
1976 2905 2450
2132 2632 2144
1556 2972 4451
2476 801 1542
631 231 2098
842 582 382
1256 2520 2499
2077 2607 2318
2916 656 1589
827 738 4320
1538 2238 950
546 1561 999
2126 2361 3278
89 525 2794
1264 2606 424
2186 2835 1895
1837 879 1559
901 2477 4424
993 2228 3707
2609 2689 542
1475 2029 3566
2740 702 835
2030 1600 1240
809 2300 2769
1507 2217 2322
2341 172 2489
187 9 4218
617 1520 4087
2686 2103 1093
2111 421 4089
2030 1557 1071
933 2767 3087
2218 2433 1245
2718 795 4187
147 40 1034
1224 561 4214
356 2963 203
1557 2108 2835
1847 2814 1302
2663 2323 2632
136 2658 3315
2399 1023 2166
821 2146 3603
2756 1078 2348
1748 1586 1553
1244 602 1759
993 1 3026
2127 2069 4241
971 691 182
628 942 3432
142 334 4182
2566 724 3878
834 2364 2407
1889 681 843
1771 2756 1249
1701 494 1494
1869 1618 3408
2559 917 2894
1414 2078 1929
179 1218 1386
259 2447 4178
1801 2696 3275
2442 836 3829
494 2697 2076
338 625 4133
1193 159 1108
62 1825 3779
54 2240 508
164 602 2728
2387 2729 4600
1320 621 337
1586 2157 4153
1610 923 1678
2454 2001 4550
1722 2259 2060
202 975 4681
447 917 1465
446 715 3005
1438 1387 4827
1448 2465 1506
178 653 95
1843 908 911
2024 581 4712
807 1893 1142
2474 2610 25
471 110 4050
229 82 2935
17 2920 1389
1238 426 3226
2962 2587 2847
1675 2717 1876
2669 2584 3183
556 417 4993
473 1087 339
685 445 3914
2905 703 796
1427 1682 3668
366 612 599
1263 887 3830
949 1365 1146
1020 2347 1857
308 848 4365
1832 2048 2416
343 2652 1030
1829 1998 2010
2075 47 3274
530 1705 2412
1147 2071 2532
599 715 4336
2399 2642 3694
2918 2373 3781
461 2328 4876
247 297 3738
1389 23 4567
18 2563 259
120 1535 1977
733 2181 184
250 1241 1054
2411 1396 4204
2303 2575 1299
2935 788 1674
2644 2980 2226
250 2825 1768
2521 246 4603
800 451 2386
2681 317 2052
2113 2981 2398
1202 1486 1987
2824 913 431
2255 2433 2865
1528 854 4116
1861 401 3932
1167 2709 579
545 1607 4037
198 2202 3674
1512 82 2121
601 2290 708
2045 1932 651
162 1053 2436
1347 2686 4251
1509 1741 4592
918 1769 4399
1862 2729 3159
36 2177 537
1727 2234 4925
1896 2233 4201
2683 2507 2437
1928 1189 299
217 2 4602
468 1107 3813
536 2982 3010
810 1524 620
1385 826 3506
364 1826 1837
45 2011 1996
2620 1901 2043
1556 32 2165
1522 2539 329
2524 871 229
24 2515 3387
1539 947 3860
473 2188 2192
2307 560 2193
248 1643 4979
713 2338 3329
77 2906 589
1760 2084 590
2968 1288 148
2666 2196 4939
1727 1708 1660
1627 267 2785
589 706 686
1570 440 2687
940 1254 4869
1971 2890 1939
1448 2318 52
1940 2735 3785
2729 2361 3956
828 522 1164
2646 1527 4540
1223 3 4574
1398 712 3699
322 1787 851
1048 1614 4763
1731 2655 2109
1461 1536 4109
650 1672 3235
288 1749 581
522 809 704
69 967 3405
2959 1570 1800
2145 570 3643
947 2844 3193
1600 2019 2834
378 135 4896
876 2695 1661
2294 2023 927
2067 187 3075
868 1623 2123
1603 2011 2125
65 377 2370
980 1701 2178
2626 2490 4832
1922 308 4588
2596 989 617
2873 2194 470
553 2688 2426
2273 2008 60
1348 1384 4183
2327 1786 863
118 2837 1927
1941 1336 2628
1676 1529 1610
1204 1833 328
2808 2887 172
216 1919 1527
1088 774 631
1014 2279 1950
813 1821 1496
2400 2517 3102
1156 2104 2188
2784 160 3155
986 1387 4442
2100 2983 907
2435 245 3202
2189 1690 2585
953 1907 3141
739 558 236
36 655 2951
358 936 1349
814 1628 3625
1476 1924 155
1531 1706 2111
288 1479 3000
1323 1895 2972
417 2494 1594
2426 1654 3641
850 2154 2749
1759 2601 3236
2543 95 2391
678 2007 1603
2601 2409 1703
1622 693 4047
1736 1680 2850
478 74 4478
743 2774 4395
488 2860 1570
2038 2293 3117
1512 2213 1206
2165 2780 1248
1398 788 3996
782 201 787
2514 2935 2179
2443 1154 563
2098 1210 4095
1026 1952 1310
1659 1048 743
978 1186 3006
2979 2522 3683
2269 583 4919
669 2881 4891
2356 2246 1685
669 1410 3445
1094 2265 3074
2530 2832 2872
287 1045 1028
2634 1685 2826
2508 813 1105
2143 2315 3723
2590 380 58
641 1854 2608
1193 2373 3523
1095 875 1910
2522 1068 3034
295 2524 4533
1668 261 628
1957 1802 4229
361 1521 237
2450 928 3109
2833 345 1119
2913 2003 1192
2861 838 673
1440 2425 4768
2310 2694 1392
2817 2310 1319
2779 1888 4729
1664 263 4276
737 1276 661
177 2606 1468
1743 1489 3244
512 1123 4159
2079 1228 944
934 2370 2276
1238 1517 1268
1685 1440 786
2021 2581 285
1449 1801 4476
1777 800 1208
1483 1298 2298
1587 1785 2790
1588 2275 1055
1804 2615 1463
11 1119 3170
2456 1992 2810
2394 505 1688
2532 2020 1792
557 1100 3037
636 1564 2654
1816 762 3425
1372 1567 28
1995 1103 4465
828 1037 3055
2530 2951 1667
483 1009 1973
2632 2734 4789
2214 2736 3175
2328 1657 2113
1028 1444 2962
1826 1762 684
1424 43 1822
1763 430 3682
1192 374 2377
2452 2752 3862
1549 1453 2716
2834 1037 3863
1501 1272 3559
87 1973 4931
680 1901 1652
1451 395 412
509 1068 922
1019 1997 2449
1529 2604 1018
956 2899 4632
118 368 3355
508 858 3846
1243 2784 3071
123 1680 3655
2881 1015 3609
1309 2404 887
480 188 1135
801 1321 124
14 1461 4472
2467 1942 1555
76 1866 3961
841 1712 4099
436 1994 4402
347 1516 2841
2914 160 84
2834 1483 1723
1524 2667 3346
2189 2712 302
330 2533 1413
2434 1880 849
1298 2524 2600
1686 768 1754
874 1741 2507
271 292 3990
804 1147 4372
1776 1871 75
2199 942 3630
1737 783 2316
146 36 4524
2391 223 900
110 2194 903
25 2312 985
2068 1154 1536
2887 1166 641
1980 2456 3991
2972 2156 1749
1406 2348 1521
538 733 1853
1292 2511 4576
2958 977 2697
2216 1038 856
1484 1181 4552
2233 1338 275
457 369 1251
1591 25 4384
2818 1022 3940
135 1184 2963
1420 2996 668
650 725 1765
1214 2784 4775
86 35 1385
2687 1410 1022
109 1973 3248
273 1112 2066
418 1406 3490
1108 466 4366
817 729 926
1251 793 2874
682 361 1515
1286 550 2141
2440 1293 3402
1064 836 70
2051 2419 3451
661 299 1394
1761 1702 2025
2464 2161 4606
2059 1724 1561
999 16 1609
1805 1860 2494
720 1268 3411
1721 1215 948
2017 2610 407
1852 927 3618
1304 1078 1403
1321 2195 3482
1634 1895 2926
382 334 4203
1610 1227 3911
1837 881 4649
2084 1506 2615
1226 397 667
1789 1053 2453
2799 1563 1361
1250 496 1551
97 534 2454
643 1915 893
1533 612 3499
1445 1242 4463
1375 535 301
1527 1777 3305
1350 717 1138
113 2772 2423
448 402 472
1544 950 3171
1071 1811 1228
1374 239 672
809 1343 1631
1241 953 691
350 2111 3670
1539 213 2472
2880 1484 3549
613 2313 1259
160 2837 2277
1207 1648 1230
2693 1871 1891
2189 914 2696
2521 1827 804
685 148 2721
2152 1943 14
1913 1059 400
2879 1282 3197
1097 934 1757
190 391 945
1782 1108 633
2873 2673 2651
211 2367 3081
1661 1632 519
171 859 3964
1875 2301 1198
2511 51 1434
2499 913 3842
2896 622 429
989 1488 4945
1078 924 436
2066 1461 1383
1366 452 3395
1431 1153 991
321 2400 2987
1571 1543 4362
672 1011 4742
309 1643 2586
2343 2566 3181
1825 576 1646
128 2987 2930
570 170 4951
1373 1493 4455
1437 2578 1986
1695 1970 1711
1842 1511 2339
1121 2482 4716
1084 1070 2326
139 924 4211
2645 1933 1626
643 1044 3970
2455 1850 1873
2291 1181 62
2431 1099 1500
1517 845 1914
462 2336 3531
1950 2102 920
954 2777 548
2260 1598 4194
1379 2670 3231
2285 1202 4750
195 1892 1352
1946 1253 780
684 1451 3459
1044 305 2013
1777 488 1810
959 195 2743
1743 337 4583
2466 470 1031
1271 2663 3204
2197 2312 1401
205 2725 2634
2166 656 4213
113 2148 127
26 1915 1739
2256 1341 3446
87 281 4040
129 1571 1025
423 2762 588
2679 391 3827
254 71 854
1741 830 4346
1233 410 2723
1750 61 3021
242 2745 3823
1079 2112 2251
828 2268 2830
2264 2288 4568
1419 1065 3565
1618 2432 3434
997 1064 3344
2292 1198 225
439 646 4599
1553 2596 3605
2601 2104 1493
2530 2322 1946
1808 2419 3296
1974 543 4353
2244 2732 3514
2860 264 1520
300 984 1710
1199 1413 2535
1736 696 2223
2114 56 4254
944 1378 3121
113 2503 3659
2093 1178 902
1125 1976 3620
1058 229 3152
14 2791 1040
1496 1977 3023
347 2002 4032
171 2617 1065
1236 383 321
1261 2434 3212
2390 1987 3556
278 2011 1952
117 1381 4881
1190 2762 4010
224 2259 2478
1321 2865 87
939 2202 3826
2927 2437 690
2490 2309 2001
790 1977 827
2024 2195 857
1031 2345 4350
1236 2730 769
1155 2899 4061
64 2219 4856
219 1697 4058
2535 575 543
2708 717 4659
2240 421 3663
2820 175 584
546 2245 3535
2921 1914 4473
2384 302 4715
2138 1736 3617
2566 797 3486
2874 2526 3783
1306 1432 3541
916 2598 1872
1876 2976 1402
2399 1604 1191
1751 1543 1956
1776 206 1179
1330 2743 2822
2263 338 597
688 2737 4513
2743 2685 3888
2119 2628 4753
949 2736 623
583 2168 3460
1345 2667 3396
2704 2650 2372
2489 2577 1524
1947 1168 3955
1786 985 2180
2177 2599 1400
189 1523 2068
1038 144 2035
1637 1288 4415
2753 1160 3007
263 372 2692
2030 576 1898
1366 805 2875
2451 289 2503
1287 985 4439
246 583 1511
2102 2320 3195
2427 390 2943
2666 579 4282
2378 992 580
415 2203 2182
2241 1180 222
966 1047 2731
399 2557 1920
1865 792 1824
1427 772 3498
632 1922 714
580 123 3930
2432 1073 809
836 2536 1340
2853 2267 2366
2801 2159 3403
2331 682 2610
1804 1708 1460
2654 2581 4889
845 2189 2849
2636 155 341
2884 761 965
264 961 2100
2876 294 546
507 1220 2646
2444 675 2967
2224 687 2576
308 147 3475
532 794 1988
1497 328 4378
1868 1116 4423
671 2560 3119
526 758 725
2227 3000 2748
1997 749 2222
2106 1997 4818
143 2744 4349
1423 2356 104
2002 179 1793
1261 2416 108
795 2998 309
2436 481 3979
1897 1027 1334
1546 1867 1318
2411 289 2237
1398 1809 1424
549 82 3337
753 2544 1813
1384 1558 2140
920 843 4792
208 219 4246
2274 1242 2498
1754 1692 324
390 2179 4844
121 1608 3294
1345 2267 2779
2659 1443 4653
1916 1365 880
533 1905 4387
277 1155 3358
2189 635 3521
1144 1971 4644
1367 56 1881
358 1753 3165
1613 1289 4998
380 1384 4414
2263 2150 3647
977 2582 643
2195 2748 2293
1247 2289 3925
370 2683 1132
955 989 4759
1890 2380 4461
1944 329 4158
1453 789 3463
1823 2723 1780
1149 686 3040
2961 456 3053
2461 333 1512
930 1688 3452
2873 1999 2602
2497 2937 2397
1140 127 2424
610 698 2763
1784 1577 185
1247 2280 2914
342 908 4494
142 1783 3872
322 1549 3777
2248 1435 315
2635 227 2004
2318 2558 855
2444 682 2266
150 170 1289
1465 577 2724
1746 896 4984
261 2473 3553
938 1983 162
1198 1747 1109
1530 2793 3687
407 1981 257
1617 62 4525
606 2956 3533
1294 2159 287
463 2668 4064
803 77 213
1714 2157 872
2250 1860 4607
2871 1725 4126
1325 2586 4340
654 210 2959
997 896 403
1750 1273 2378
2926 2346 4670
1835 2398 1486
976 2264 1089
499 2500 1662
312 64 4598
1510 1673 844
1090 2756 3484
2589 2898 3494
2925 1863 622
567 19 4135
1154 1024 4980
1857 2026 1337
826 1223 4809
2447 2389 199
1437 1932 3491
2703 160 2546
2771 1073 3407
1211 2394 2374
1329 912 1948
764 1994 2737
1826 2230 905
710 792 1998
1395 2715 3885
1179 1464 1328
917 639 1082
2870 2292 1211
1993 2181 2860
816 1786 2992
2834 2592 2418
1367 774 1429
5 67 1577
955 1083 4171
1113 8 1327
233 1924 4383
2744 1703 170
826 2206 3192
2530 1449 530
1344 824 1048
970 2768 4648
1969 1892 789
859 2952 2984
86 636 1578
862 2763 2738
877 1698 1742
1283 2656 3709
2840 138 3436
771 2742 273
693 2313 853
1816 2787 1917
2781 667 637
2071 396 1436
2012 36 1021
1227 284 4627
164 2945 4771
371 974 1713
1942 2986 2062
2094 2812 1897
296 400 2061
856 1926 465
1466 584 3809
2823 2497 4631
2997 2468 2541
2906 2028 3934
787 1610 1358
2681 1735 1534
601 1323 3671
2264 329 1335
2165 1997 164
2310 2632 1387
1718 2323 3895
1657 383 4769
2867 122 3068
2940 2131 3216
1598 373 748
2765 2247 2942
361 602 4907
2456 2967 46
2492 2290 2781
870 2995 2429
2096 1079 4122
313 975 3410
391 860 1937
2319 1760 4441
1337 1344 1608
676 1343 1899
303 1062 2110
1475 1779 3748
1563 1390 4718
671 1419 4508
2381 105 929
2970 2521 3882
653 1556 1669
1639 2236 1533
1122 1786 1546
612 1939 2016
2773 1690 4778
2732 465 2012
1417 1608 4107
1825 957 1072
1601 2445 15
2299 2432 3727
995 1050 209
1680 134 2034
545 1653 3661
606 1373 3550
1458 23 1737
903 2158 4471
1638 342 3416
2536 180 2528
175 2020 2605
1855 2980 369
2277 2208 3050
2548 2680 3253
1388 1784 747
832 439 2127
754 1958 751
2343 1632 3854
1340 2619 1727
655 291 526
643 405 4556
1470 1661 3536
540 450 2101
1168 66 4344
2436 1929 4113
606 1784 2338
1667 1578 2668
2787 538 881
600 725 4314
125 1411 3168
774 1425 4903
1955 920 4404
1477 1603 4970
797 2896 4487
769 827 3638
702 2448 2570
1927 1811 2566
923 69 3474
2705 590 1279
304 1155 1825
1531 2936 1751
237 432 2211
2295 1008 1794
2145 629 4168
2806 252 938
1539 353 4290
2643 913 1376
2144 1490 1918
400 2254 4256
1018 476 2347
495 1514 1692
2227 2313 3251
102 2926 1131
506 2921 1311
119 1718 2506
1862 1655 4776
2618 1079 2653
2070 2913 2695
1028 1096 4948
1674 2581 4952
1473 781 193
1687 2525 2215
789 1093 756
720 279 4438
2898 414 4551
2088 1800 161
2273 2244 3747
2159 793 71
2679 2585 51
181 1577 545
2674 1760 3904
315 1934 2689
2191 1219 1194
2312 1090 888
1623 2119 3833
2822 1737 865
1564 1864 601
2638 2298 3166
1624 1493 4004
2786 2417 644
2147 1513 2198
2304 787 2114
2740 165 1256
1898 1791 898
1341 1145 3265
713 1193 3520
1241 1006 896
241 2682 3042
718 2796 1982
2861 1196 4222
853 104 2315
44 255 1928
670 1430 4621
1763 83 761
1292 519 1540
218 92 91
1627 2243 3983
557 2508 3453
1712 1090 3512
1223 1827 3675
2681 1069 1797
2099 1782 3737
2399 331 4167
2433 424 3704
2570 1852 4097
2952 1103 2533
2996 2326 2879
983 1249 517
2257 1451 462
1409 1456 79
1889 2237 815
2494 2222 4613
1868 2199 4812
173 89 1257
1633 750 3797
2940 1842 174
1182 125 2474
2865 36 2360
110 1637 352
2651 2944 3281
2447 197 3586
2638 1506 132
1195 1102 1753
487 906 1587
1419 2039 4130
1559 2878 510
394 565 484
1314 944 3752
2825 973 2891
1844 2706 876
723 1481 3810
2048 1554 2051
2974 2229 4916
2167 2342 2119
2159 1775 5
1814 266 1647
2470 1661 4936
2228 1985 2032
2711 764 4429
1670 1658 2846
563 1840 1369
163 1909 1549
844 2947 167
713 288 3247
2160 322 746
2607 2951 3743
2799 1017 1293
1511 1833 177
2884 2819 1539
374 2283 1282
2127 169 1799
2417 730 990
1201 920 1874
2432 1209 611
936 51 701
2677 2021 2206
1368 655 3705
2236 2809 1462
450 1835 1769
360 2959 4360
519 2010 1827
1915 1131 1786
1392 2940 931
863 1079 459
912 376 3470
1378 1316 4973
713 2331 4522
504 841 5000
2467 2609 1573
605 218 1118
1773 1750 4356
2406 2591 3910
248 560 1627
1889 1886 183
2469 2554 705
2067 1015 2836
1043 841 473
304 1542 3047
1554 156 3558
1230 2768 2459
921 2237 2994
2430 1080 3471
2689 838 1648
2687 2803 3649
1928 2412 241
1482 2920 4819
127 2406 819
738 961 2007
2661 1452 4739
2684 2615 700
848 1793 4210
233 2404 383
2389 2083 585
2484 2352 2137
995 274 2362
284 2880 4248
306 2577 2105
774 2120 1554
382 787 1406
1131 960 3891
2452 2647 4101
1589 2132 2949
1173 1799 816
711 1069 2103
710 1759 2002
2593 100 2232
1990 2806 1933
679 2242 1829
1203 895 4720
1467 996 129
448 475 368
1862 364 1322
1970 1197 3922
2360 2271 2750
876 2368 4188
3 2182 3763
2558 1224 4192
2655 373 2221
467 2499 2388
313 210 4136
1231 837 40
95 181 17
1893 1598 4825
2964 2114 1083
219 1089 1883
417 1770 3263
2398 360 4634
248 268 3597
1280 2110 214
766 1396 4074
1168 2435 4306
994 235 308
2676 1058 2063
809 1599 3035
1121 1608 4655
2808 2564 976
2457 1388 636
663 2562 4530
650 1784 4608
1637 2484 2521
1918 944 1270
2232 720 4630
1838 266 4594
2977 2227 2292
2768 1002 4506
458 942 4863
1110 636 4275
1727 2090 4772
768 2081 2334
1169 2844 635
2569 2944 4949
373 2555 1774
261 517 3924
882 1723 2187
2225 1802 1153
2085 558 4693
2583 2377 4091
2630 1816 1651
226 2815 4665
687 2958 2955
2108 258 3689
367 1914 3569
1508 346 906
506 1592 49
2431 2416 2857
193 2281 3448
743 2888 4992
124 663 1059
2561 294 2514
1972 1687 4544
2665 1016 3417
459 2143 4319
624 922 940
2185 926 1574
698 684 3476
1567 1577 1277
2941 2861 432
2226 1777 4374
1400 2372 37
230 1711 1410
1908 615 2938
2877 228 513
2614 2974 1008
2006 346 3534
1738 708 1260
1270 510 4386
149 968 3817
2068 548 989
1890 2731 3681
1702 2050 2544
76 153 1101
112 2937 889
270 2399 4562
305 539 1985
812 1977 196
1093 1937 271
2985 523 64
1459 290 3196
1787 119 4983
1599 768 4615
1960 2775 1106
66 1871 4965
2457 1136 4597
407 2319 482
1921 323 1601
2963 1354 1772
682 2207 370
493 2385 3200
129 353 2572
840 958 3987
1653 971 4822
1264 2557 2539
1300 140 325
1634 1409 3338
1791 2580 2999
1766 2488 3106
2157 2154 4237
1786 1070 3811
163 2870 3288
481 2038 1081
1683 2627 2641
246 2567 842
623 203 664
1543 1312 3584
2132 515 2278
473 2576 2800
1553 2526 834
700 2398 1693
2315 2722 973
498 2660 3953
1590 290 2501
2078 2523 1266
25 1456 2921
1938 2436 1143
2731 1380 1585
1048 2196 294
1404 466 323
658 874 2080
1874 1633 360
2251 1872 1842
2179 2811 1213
1285 85 4257
1714 1389 3299
2181 2364 1414
1080 403 2049
2618 673 4509
2318 978 1364
1916 789 1124
1890 101 1923
1704 2184 4146
1032 884 4407
1651 2255 3720
2881 192 168
825 2192 1212
2485 352 4284
2549 1504 2349
1619 517 1397
1272 293 683
1366 1711 3886
2822 1320 2490
2866 1741 3245
344 558 3736
2991 848 4191
1262 677 549
1738 783 3221
2076 863 3667
1333 1193 1787
682 310 795
2871 846 970
1074 1340 2543
1022 232 4412
1782 78 4582
2223 1076 4852
85 2967 3340
2067 2843 81
445 266 3920
1996 1859 1296
1548 1833 2036
2314 2122 4614
1738 359 256
2674 316 4486
2719 1606 281
1213 2276 1841
1385 552 1670
669 2313 4368
2913 1193 1517
1162 1331 3249
2037 2210 1806
2813 891 3789
2998 1732 710
1237 2926 3388
1556 581 2252
275 418 808
1650 1599 1058
1430 898 3939
962 2543 4413
1009 2815 2475
1372 492 2077
183 1925 1582
610 2336 2607
2810 1032 230
2626 2860 3518
1762 857 1726
1925 967 969
774 2541 305
1285 1063 1012
293 2120 3080
946 1459 1777
276 804 4280
1547 97 2957
396 1577 3715
102 1630 3111
1348 1634 4646
555 1881 3640
2395 2842 2033
1264 871 4912
1648 1337 992
1819 2797 3929
2691 179 4456
1160 1907 955
2152 860 3334
2293 2880 837
2176 4 1162
1619 2951 1567
2719 1988 3945
718 1860 3889
877 69 1532
1236 882 1938
418 1212 3205
2895 1930 1480
1183 1939 3546
764 1356 2350
1599 369 696
2201 856 1199
1451 2678 2979
1620 2373 4934
1067 256 1210
352 1095 376
1098 1803 4012
261 1217 2319
2825 1072 4686
1691 649 2530
1640 1865 2825
186 1606 3834
1689 853 4184
409 1404 4901
853 1449 2367
118 1982 2173
235 1012 3870
1553 2069 2888
1895 2946 4703
1812 523 1572
2079 760 2820
681 700 3449
1008 1004 3706
2770 400 1770
1648 2892 840
730 2029 1537
418 2194 2434
435 1714 2609
51 2576 4617
2698 2990 4339
250 2268 2084
295 2271 3462
2998 1572 3465
2033 638 2756
2685 2010 437
1165 2843 4694
2235 1660 2856
2847 2532 1246
340 2173 1890
2194 8 4464
2967 819 894
1127 21 4840
2381 889 2517
2723 58 2308
2121 2973 3473
1200 1936 1700
2193 2033 4104
2011 2817 2976
375 2480 3493
2935 1194 4829
828 1206 4434
1880 2150 3757
2443 628 3529
2452 1406 1379
567 2017 1580
990 2425 4261
1248 1101 2599
2562 548 151
621 504 2736
238 2563 3610
2131 1482 4625
1188 231 3258
2171 2618 2345
54 2905 3392
2521 1343 3801
1393 2675 3105
1648 2251 3642
1656 1785 4743
319 1462 785
774 1309 2742
2595 1251 438
454 1089 4780
424 1177 4078
2855 49 3100
369 2474 2701
1621 2560 2284
1660 1745 2337
660 2583 2335
2348 300 4181
1011 1567 1528
2631 1663 564
1001 2467 4039
2578 1114 4479
1665 875 3360
1990 2441 1868
638 2116 2371
1378 619 119
2856 926 2383
1020 1916 2565
706 2472 3124
981 122 4056
2360 2976 4887
1936 370 2257
359 965 846
83 1635 946
124 157 4337
945 1267 3700
2908 2103 1972
1809 626 1243
192 765 2411
2388 2842 450
2049 2448 4270
495 774 2829
1026 1401 2024
865 1772 4810
1875 241 3307
1596 433 2
1995 2802 3578
2652 1840 791
1917 809 2569
204 2715 1184
1065 2427 3237
1063 1421 1362
2240 399 411
2239 2957 3400
1717 1398 4488
1581 668 4008
121 1891 243
745 523 2870
165 2171 4749
2208 470 2711
731 1520 1687
1016 2462 282
1495 1263 120
2342 2126 216
1659 896 2624
757 119 408
629 1836 3135
1586 2568 2659
2270 541 125
2797 414 2067
169 30 2559
1202 1799 2903
942 2462 11
2022 1980 4493
1890 2328 3877
414 1016 4850
381 1389 1958
1106 1613 1193
523 2544 1024
2164 611 1331
1736 2553 4996
712 714 4232
657 2331 3438
2719 204 4807
1356 2787 3835
900 2968 1992
965 56 3832
1707 480 1622
915 20 7
511 1099 553
2603 83 4637
685 435 2939
486 2533 1111
2609 64 3852
1675 483 1433
2894 2271 3651
2162 944 639
1613 696 3213
2585 1468 4021
2517 44 2548
2735 1501 3254
2487 1461 99
1664 396 1330
817 1707 4511
2519 1728 4141
556 2405 2540
1496 2153 4690
2978 845 67
1759 191 4172
1840 1152 3524
1054 1610 4845
2406 2733 4090
2500 2234 2753
1086 2501 1284
2291 1959 1635
2408 975 1304
2202 2334 2139
2316 921 409
2899 1417 4131
991 555 1002
1335 2173 3691
1697 1556 475
1240 1921 1076
13 1229 4102
2320 1904 1231
28 1483 3020
1505 1496 1592
2559 2191 2130
966 564 2683
2797 2486 4987
91 1529 4083
26 1190 3645
2056 1629 1427
1338 2152 1033
1167 1130 3172
2548 1025 2358
2285 221 850
462 2459 886
1508 1571 797
1205 2530 3764
1142 1510 3635
1931 2614 1832
339 2267 481
103 2183 1137
1262 1137 518
2352 1202 1286
677 830 3564
1660 2903 3503
1901 2744 78
1515 585 4015
161 43 3883
1562 2066 3679
857 2024 3151
1088 2077 460
1829 1859 675
1162 2104 1442
266 1192 957
2467 1095 1404
67 243 914
408 1583 3199
1424 1212 4048
329 815 4272
2751 815 1501
1615 2677 1075
2549 1336 4449
294 826 2094
2778 1806 2897
549 2708 1588
491 2502 626
461 949 4236
2171 1460 1366
1591 568 4521
2894 1978 525
2136 1990 2601
1107 1385 1663
2303 1410 4219
2375 1041 2788
2446 115 2246
2178 211 596
2789 1203 3163
1216 2080 4007
2419 2168 3626
386 2326 4871
969 1548 3590
521 2361 77
2934 1645 2560
695 2197 317
2107 1982 2258
331 427 3262
1039 2445 594
1516 703 4432
2950 1299 3774
2320 1219 1261
1493 1037 812
781 2447 4454
345 664 1244
1827 481 1283
2882 1443 2861
1777 2277 1052
388 1318 4502
2411 2742 2245
2685 556 2637
1907 2115 3716
2102 1670 4100
2612 2961 4317
273 2585 2961
1728 1451 4
1823 1143 1461
1610 122 4490
1162 1069 3631
1397 2796 4528
943 1445 4066
1354 162 1828
27 1055 3851
1393 2539 506
866 1264 3131
257 1984 4496
603 2680 204
2069 2939 800
282 2298 2396
1713 1282 3778
249 2140 1849
663 795 4076
2186 483 798
2959 2498 4289
87 1725 3739
1867 1508 4609
2767 178 1147
1484 1453 731
1232 1579 909
1829 1621 4457
1284 2610 1915
1227 2322 4072
961 2987 2807
2332 2889 2694
2917 582 1353
1033 803 862
117 2389 4660
2301 565 3839
23 1185 3386
2310 1406 2643
2115 2739 1697
606 757 4185
244 2249 1821
2612 2910 3390
54 1712 1298
2825 2421 2518
1251 2387 1894
121 381 1019
1377 1732 1838
631 2882 3127
1273 1770 3653
182 1455 373
635 1477 3017
889 925 3571
1266 2959 1782
2309 560 1094
2144 249 1684
2596 2671 1871
1338 2465 2734
938 1177 1999
2814 719 2647
2583 327 4243
2601 424 3409
1549 15 2752
1520 2622 3401
111 1424 3182
2053 1733 2512
1124 1631 699
851 2115 1423
751 431 348
2155 1330 3941
461 1402 3771
2892 1025 3391
339 424 1189
802 1170 4512
1470 17 2950
2777 264 2811
316 1341 1611
1171 169 102
2158 1435 495
1709 2368 198
522 1618 2097
2165 828 2134
2591 543 384
2212 1350 2081
2069 1546 2395
954 2029 3994
893 728 3107
1504 344 1060
2728 1314 2708
2015 2597 4129
544 2235 3849
1683 120 2729
1276 330 3464
818 482 2234
107 957 3526
1195 1460 1758
1097 137 4426
256 260 272
1441 2222 717
650 2898 2393
1233 1267 2920
895 2322 2112
202 833 3530
719 91 4197
512 2930 2552
646 1258 2265
541 1045 2039
137 402 3312
1414 1023 2099
2178 1207 573
533 1586 2042
2851 1089 2172
963 361 3903
2592 351 2538
1747 1505 3363
2961 7 3097
1952 686 4943
2890 1967 1342
2935 1382 3884
2925 42 4733
2222 1340 192
741 2221 692
1129 139 211
1671 243 201
2518 2789 4262
2441 2503 4388
14 2519 2011
1912 925 1057
1467 1953 3622
33 1344 2592
2692 1071 736
1013 2781 1847
2437 783 1664
2268 182 4641
2787 1538 2673
501 999 4343
389 1692 1073
275 872 1615
967 1438 3880
1502 277 3874
2663 571 4923
2035 2789 3608
121 2797 4910
1326 2341 933
1640 2979 1026
2070 1586 4557
921 2323 3592
89 1186 1218
958 302 4535
666 2480 2937
1099 2748 4041
1043 50 3488
1813 411 4186
799 1530 2133
585 1982 3300
2927 2883 2853
679 2274 467
1730 411 4705
2662 2005 3992
1211 1033 4957
1651 1002 1817
698 2972 1858
726 915 405
622 864 109
1270 1335 4663
1424 2697 3815
1064 91 1359
2356 1261 3756
765 2555 1728
2222 2820 4227
788 2336 4662
490 58 1989
2605 1645 3076
1909 241 88
2672 1201 4746
2258 2436 3552
1416 2843 1038
113 1763 2633
1892 2300 1027
2912 2905 2404
459 811 1378
439 2299 4238
2057 895 3594
1557 429 861
264 1774 2583
1089 1443 1440
2533 836 1942
2691 2908 4027
1270 106 1550
2248 125 3180
1320 480 2162
379 709 4278
159 662 2725
2617 1967 4342
453 2859 4584
1417 2155 3721
1895 2074 2014
1649 2340 3676
2396 2038 3976
311 2471 4418
2648 2308 4228
377 157 3580
215 2308 1441
2645 1168 678
2733 1565 4264
2054 1571 1130
1807 2366 540
2435 312 916
1849 2064 331
276 907 562
50 2163 1547
425 1688 3948
744 427 3589
1464 2417 65
656 2248 2613
2883 2684 4499
743 1898 707
969 229 212
2483 1058 2840
2852 2294 1355
2262 1185 3058
2308 2369 2022
760 511 2321
1715 1838 4684
2941 2705 4851
2676 2101 4080
2826 2645 3406
851 1177 439
708 2472 3759
1123 1102 16
399 938 3999
1975 1600 4283
1202 693 2744
333 2340 1086
1388 1978 476
1398 1324 3324
563 1820 913
632 1891 4656
807 941 4142
842 1082 4026
946 816 3187
2487 373 1523
876 2205 899
1756 689 358
2787 1855 390
1827 425 1418
865 2607 1372
1798 86 836
2824 2590 1467
2667 1058 2480
2495 985 1671
2952 534 1450
2264 2235 3375
1094 2100 1015
1674 1257 1970
1540 672 1152
903 684 2303
1561 861 427
2950 346 2971
2107 2343 1295
315 913 2669
2843 1030 918
1868 942 2212
990 2829 3220
1426 1297 3812
1927 153 2991
953 286 1983
2484 1330 570
2787 1235 4695
1978 1713 874
2108 411 4616
396 1102 1384
1334 1792 3112
946 2170 423
201 968 2727
2109 2392 3291
147 1381 4563
74 2381 1514
361 2709 1926
1778 272 2228
2156 363 2376
809 2003 38
1898 702 1478
2798 1928 3241
1730 1975 1080
1629 1179 2288
201 2554 4396
2440 776 608
1681 2067 4605
2143 1918 1596
1673 2732 4593
342 2390 2998
42 2136 1672
192 958 4651
298 2930 647
2251 2629 2441
510 1184 3639
880 103 3229
1623 1818 2394
174 5 2958
238 2060 3798
60 2316 966
2719 920 249
1518 1757 2582
11 2069 2207
1701 922 206
190 795 1773
74 2410 3853
1676 265 1719
1130 2148 630
886 1537 1516
1521 644 4764
2778 2532 3450
1963 429 2932
1588 1282 4326
787 837 1032
2794 1144 4312
1804 2077 1421
736 700 4905
2154 1931 2791
2118 2216 455
1607 923 4974
1429 114 2240
909 1631 4804
2111 1458 1264
640 1443 908
2473 2106 4165
843 1060 2918
928 2206 4267
1841 1865 972
1259 1630 4682
2115 16 3412
2131 1475 3767
1690 152 2309
1202 2933 2693
2273 1872 715
1782 1993 3267
1160 910 2704
729 2967 953
1537 1615 4114
583 1614 378
1164 897 1991
1720 1292 391
721 1360 666
367 2671 3301
2313 2398 559
2748 1987 2124
1891 1023 2739
242 2551 2620
1173 940 4028
323 40 4198
584 956 3268
1340 1651 2981
777 1614 1680
1421 377 679
2209 2078 1085
1145 1205 4071
1882 2733 3483
1346 245 4571
1870 2262 74
439 778 3293
414 1816 3332
1105 1035 303
2742 2952 4902
1270 1267 2928
1639 1265 4704
1104 1858 1454
1621 934 4084
1759 2200 44
2045 2963 4566
1612 2153 4754
358 2380 702
2452 852 1720
1284 843 1195
2795 1591 520
2728 2912 1736
1706 2791 3003
1968 2854 1804
784 2959 1908
590 1735 2082
2515 1900 1840
1319 2083 757
2413 406 2138
927 1983 4968
2616 1079 4546
2635 115 4520
2664 2764 2908
2337 2591 3104
1794 1146 4398
2961 1769 3394
2212 304 1161
2052 786 4890
995 1530 1764
2777 2675 1798
2534 333 1050
1672 750 2373
462 244 958
315 47 2469
1860 722 2990
1610 891 4740
195 621 3367
37 2941 2571
1602 1788 3134
186 293 3573
437 446 2003
2987 348 3773
1755 979 2214
886 394 3624
408 232 153
2982 2125 609
2198 1407 4120
1415 2935 4707
1191 998 3277
394 192 4206
1472 424 1971
1461 884 806
576 1664 4475
1749 617 604
693 1053 4304
2256 775 3477
2223 2416 4745
7 852 1087
2233 2743 1104
2479 1949 4946
1878 2813 2688
2683 2266 1278
982 206 3935
1197 1258 565
243 615 2901
2043 644 4679
1511 1846 1088
417 2518 3596
1349 2191 4982
2036 670 1405
413 731 741
1547 181 1374
1072 1723 2504
1807 3000 1949
607 77 3545
2744 1475 2275
2244 2882 2488
2654 2089 445
995 232 3619
2570 1805 4406
666 1121 716
162 1004 615
213 1801 8
1341 414 1177
36 2806 3820
2854 355 4628
2237 248 3876
1164 213 852
1474 1648 4189
2471 1454 1865
1889 2565 2877
1917 579 367
1242 1655 1507
1113 482 4425
880 584 4967
1013 225 4382
1604 2350 2631
2110 1845 1200
1285 2483 3029
2216 2737 152
423 147 3454
652 671 4355
843 1785 1947
63 2227 1902
2962 2147 1037
160 999 2551
1928 2724 2649
424 2424 351
71 1996 3621
1225 1042 2087
747 293 3957
1281 1987 4271
1436 559 4030
2583 1068 2048
2581 1266 4067
1864 452 292
286 2022 2757
1870 2510 4884
2280 1710 1221
2134 2873 4868
1710 1628 3302
2513 1646 2690
440 639 3666
1424 1268 733
376 1724 207
2800 1031 1308
2414 774 4443
16 807 1595
1399 616 2765
2863 2237 1624
549 1023 4687
2887 2428 2379
2393 947 3869
2372 1510 4303
779 1847 4547
1944 2209 3273
1248 2198 441
2622 2389 274
669 2965 3600
325 1671 2858
1265 1882 3089
1257 2900 1320
98 1250 3032
2881 1150 1303
1200 2413 2199
1735 471 3443
94 1215 3383
893 2021 3437
558 1552 3320
1444 1671 1878
1957 1099 2843
917 377 2477
479 232 2968
761 1107 4843
2247 1915 925
1319 1011 2983
1658 1274 2385
95 1399 2996
1351 2511 1181
2608 862 2116
1442 668 1492
957 363 4176
2397 1678 544
1821 2242 4363
2528 1511 4381
2165 1660 3415
2227 85 4161
81 1620 1690
1535 677 4963
2275 2685 447
95 872 2064
1121 240 1380
520 1458 2041
829 690 4824
494 644 720
540 1004 1326
621 463 4706
1664 1852 1668
1908 334 2652
233 2937 527
1816 34 2299
1175 2096 3336
1904 2560 4955
828 2447 986
869 2383 2917
2674 346 3926
1921 1532 4572
595 1182 3373
1490 832 3413
2362 1052 3944
2045 801 4403
2478 2091 4215
2983 98 845
2973 239 4645
1346 1753 2448
2005 2293 3793
2985 2448 3954
1674 1332 3896
723 2321 279
816 1181 2399
2818 1355 4724
2523 155 4419
1302 1519 4542
904 107 4025
1631 775 1490
319 97 4867
187 1126 4932
2047 1892 3214
1511 407 3227
2011 2882 4719
635 1608 2157
2348 917 3555
1015 2793 3616
885 529 3761
465 1739 4059
98 467 175
2026 1860 146
1180 471 758
533 1505 1632
332 506 2578
2456 12 1005
1457 2547 3279
469 985 2884
2426 1098 156
1812 2600 69
2319 373 2596
1591 1018 556
1574 609 2468
1700 2208 2225
2186 156 4538
1918 87 115
587 583 4947
2004 203 3754
1573 2134 139
2583 351 23
392 2183 94
2006 1152 290
1190 2433 960
11 675 55
2380 703 1010
60 1996 2122
77 2028 1438
693 1157 2075
1965 1169 3611
2739 1517 695
1100 2556 2443
2278 1633 3776
684 913 2593
949 1189 464
590 18 3570
537 2538 3574
1411 2652 4216
1522 431 1356
2215 987 1870
822 1573 72
27 542 4417
2111 1154 1170
2635 1136 3285
1841 2555 4514
776 1286 3522
521 330 860
1803 2765 3062
2491 1231 1262
2786 2459 2558
1628 2762 2233
2524 536 4221
2105 1535 1103
2281 1133 799
1932 1757 2196
1538 1814 603
2589 379 3313
1563 1441 2465
95 1347 2839
2956 2575 1905
2534 2261 4433
679 310 740
2686 423 3982
624 2448 2096
145 2563 3985
1587 2026 762
336 1291 1484
2216 216 3505
394 2155 3378
2855 263 2325
1614 503 3370
2626 1407 2491
2292 1200 1344
2326 1266 4207
2489 2017 3784
1357 176 2730
887 2025 2828
2444 2352 1114
557 1728 2964
2048 2651 103
1499 2835 2805
2088 2940 1449
2916 1363 443
288 992 1978
1848 2298 4879
2776 2285 57
1563 139 2639
1675 163 354
2964 2106 3606
428 1385 4612
1614 1087 2801
12 2221 1172
358 1489 1120
2214 389 2672
2585 1320 350
284 2579 3376
2469 2857 2065
313 895 1274
1237 1946 1941
1727 957 2621
1374 2622 1252
2838 1257 1163
1710 479 113
972 2063 1503
2875 2663 821
1807 762 2239
2730 942 1273
1876 2729 297
1265 1677 487
1842 1540 2260
1620 1081 1807
205 2367 4420
1524 783 3118
2880 1285 4956
1066 1556 4437
2782 2552 3061
1405 548 4795
964 2595 569
1898 18 3665
1294 105 4259
935 2805 1158
68 2872 3971
258 223 3975
1524 664 1835
829 2652 3528
1915 1661 4709
1367 2875 2249
429 2403 2363
2147 839 4297
1245 2637 2531
2350 1413 524
642 1451 4500
1572 1166 395
231 542 4409
1075 712 621
2094 1318 1820
1105 895 866
1034 1393 2030
2003 1508 414
599 1591 2774
1133 2639 1175
1384 2816 210
691 611 4217
2641 304 327
933 1656 4680
2174 1996 4875
402 2704 2555
1585 1548 3804
940 2626 2250
2871 2698 2808
2758 559 3167
2608 1172 598
1295 17 663
1193 2087 2883
311 987 2509
1276 2189 901
2302 178 1225
1355 2037 3604
992 62 3079
1603 1126 1053
2604 2572 4922
910 2568 205
672 621 494
930 2811 1579
59 747 3441
1272 637 293
2065 2633 1623
2774 392 2635
806 1266 629
2592 2050 4416
638 2232 961
1831 189 2758
1179 1464 3142
2343 1915 4664
199 522 1339
97 1795 3865
1757 1781 503
1163 2580 3051
1281 2505 466
2486 2855 522
118 2086 653
1480 723 2387
2201 319 1276
2046 2436 1675
849 1742 3379
1992 2182 3372
1029 2057 3838
2313 104 2882
2607 1162 3960
1195 2035 2591
1343 2293 3701
947 43 3259
2043 2888 2356
406 2661 784
1620 1849 3919
308 592 2497
2377 823 2885
2280 2818 586
854 2207 2330
1953 2144 811
1560 847 4379
2395 485 4872
624 1371 133
2774 1599 2630
765 879 1499
2489 2138 1338
500 1255 4333
35 876 253
127 2618 4870
1686 1398 2851
2986 289 2473
860 1870 2806
2422 1156 1209
2332 600 3357
2886 985 2280
245 1392 3064
2566 932 2869
297 1119 3082
2790 1129 4545
1808 292 1629
855 2965 2776
322 1297 3354
1179 1914 1529
2174 1623 1714
1847 1163 138
2834 2967 3072
2271 740 4174
1916 26 3353
380 957 2941
1238 1431 879
2004 1828 4163
1918 2092 2867
750 1512 3067
1304 2763 2523
274 116 4972
408 1881 2674
1412 232 1445
2207 2294 1510
1611 2572 2718
2988 1141 3796
2535 1611 1425
2984 905 1437
579 2621 4800
1089 2841 1039
1055 2238 4111
2429 600 34
1860 1048 4782
1730 1938 4883
1531 1285 781
596 2238 1658
2264 1641 144
2682 2205 1882
737 2834 4697
1209 2126 2837
2918 124 3629
1235 735 4638
1066 880 504
2830 2340 1036
2097 2657 738
1333 2458 4354
2472 666 2789
2493 241 2542
2382 926 2368
2855 2899 3917
1233 2628 3587
721 1433 4088
1554 1473 2657
2507 717 4110
748 2505 1381
1943 450 2705
154 1385 4373
866 318 3765
1619 1169 1959
1959 2175 149
418 44 3115
155 1149 4864
752 1870 2755
1091 1362 4154
2187 1834 4926
177 821 4935
1589 286 3808
1019 238 3085
2573 2385 875
2192 1199 137
128 2024 2660
2914 2518 4741
2639 802 35
1290 2670 1665
2670 1401 582
793 1204 2174
2314 986 4735
198 2560 1694
859 2226 3246
2380 571 2073
1300 2108 2295
786 651 1121
1710 1748 190
190 2019 3150
25 2258 4044
2520 882 2401
1710 2189 240
670 2987 3825
133 1719 2282
1370 261 1505
1067 1735 2483
2759 1644 4156
2412 654 3292
2089 1942 4669
1387 1201 993
2325 621 3157
2894 2393 4234
1436 1935 2617
2 234 1280
1733 1286 2629
151 792 2331
2430 824 3359
458 2457 2244
1024 2378 2493
580 1025 4918
2496 1200 3103
1878 1667 267
958 313 3176
2240 1017 3008
3 2957 4011
2859 2573 3844
62 2910 2953
1591 838 763
1513 493 2902
1296 537 779
2271 6 4273
1880 944 2798
2109 2154 1715
2452 304 4873
2163 353 3351
1159 2646 4523
1842 1034 2020
2836 2984 2209
1794 2760 4865
1707 85 2816
1227 2145 1752
2336 1786 4689
1039 1928 298
1360 1329 4164
305 1425 3612
748 338 3169
2339 795 4468
2063 640 2638
548 1009 1640
518 596 1363
2958 1017 1300
266 1404 1459
2076 2729 4497
2711 2535 3866
1310 1824 1755
2909 2074 4619
1909 461 4798
2922 2933 2626
1335 1063 1767
560 2465 1560
287 1794 1620
871 2351 3487
1047 447 3857
2819 2263 782
303 2945 4559
1160 1476 728
1806 817 575
2150 707 4460
1162 861 4826
905 1908 2625
582 1325 1346
621 1256 890
231 1536 1267
1255 2071 959
979 2851 61
378 867 1864
2082 2161 721
1161 2754 66
1396 2711 1639
2230 78 2516
1495 2708 3222
1473 1907 2714
2169 2169 3714
1052 1003 4805
49 479 824
2694 951 1509
361 622 3978
1440 2448 4242
314 2394 245
2974 1091 3295
948 71 1893
1478 2552 1867
1128 1808 1904
968 2028 1182
456 622 3664
1994 1923 1862
2910 93 3949
2356 1261 4318
2701 1517 3890
1094 1313 371
1437 66 3722
950 297 4411
278 324 2508
341 1896 1543
5 1281 2900
481 2413 4888
958 959 4510
267 2447 3599
2989 1525 3110
2387 1730 2681
216 1069 4929
661 1307 1575
837 439 1063
54 653 3547
2965 2375 4173
869 2536 4914
2322 1330 4305
1279 1877 1814
2963 1036 419
2550 32 2446
1270 1287 2328
2214 2152 2336
305 2204 2132
2449 6 1183
2397 2434 4341
1486 2648 3887
2715 2142 2268
1161 749 1943
771 244 68
152 1734 1833
901 1361 2557
2182 1562 4661
1800 170 1677
2703 658 822
2515 781 4310
1062 2523 4761
76 1419 3688
2606 1867 499
1444 456 1023
2648 987 1390
379 134 3794
2056 2392 3988
1120 2881 1657
461 2226 4920
95 876 2381
830 1809 2505
2579 1604 4335
644 2273 2977
1340 2247 479
4 613 1343
1665 494 3627
2706 1288 4950
1820 485 4966
2520 1136 1370
1107 232 1778
72 1619 3368
151 2092 276
2014 1023 1612
2641 2618 4760
1317 671 2186
1444 2123 1205
1513 2896 318
2166 1937 2069
261 2079 1625
2775 1142 1997
1089 2926 112
1331 1889 1325
94 2842 4975
140 228 1254
845 1654 4046
1385 974 434
2179 193 4677
203 2591 406
967 2524 4073
2989 811 895
640 179 3591
1251 2630 1116
2698 1792 4909
1558 2030 4504
2475 840 234
1269 2876 3561
2384 582 4960
1150 1607 3698
1236 1482 2452
2658 1076 4847
1573 2263 2390
1860 2744 1476
302 1757 2455
754 871 2158
2317 2041 1964
1184 1633 2285
1526 816 3814
991 2231 3426
70 87 63
1296 2746 4018
2050 2719 3310
343 2804 4710
1917 2695 288
657 2033 2261
103 962 2969
719 529 2665
1431 185 393
103 396 2142
2081 2891 3228
1646 2272 4702
992 2771 2408
1616 2046 1513
1741 1846 587
1323 2727 131
2219 172 1128
593 2961 2208
1421 624 4629
2573 1761 2200
1374 249 4266
1777 2119 1617
2131 1787 361
255 2523 2164
1594 1596 2150
1791 108 3461
2620 298 638
368 2692 4065
1367 229 4532
2649 2185 4539
1132 2871 134
366 2711 3510
1032 2205 1079
1574 2834 3045
1062 10 1391
1534 828 4190
525 928 4519
2730 1324 2135
1073 1539 2519
2974 1450 4199
2363 2038 3732
1528 2800 2803
747 2459 3576
1746 1694 310
1190 1810 878
1131 988 1222
1409 1895 1309
860 1128 2147
581 377 3057
2098 2547 43
972 1220 1122
1077 2376 2369
999 465 4928
1333 40 3240
1879 2739 2522
1089 447 891
946 979 295
2220 380 188
698 453 3805
1852 1651 734
1643 472 2201
2809 2457 3816
2578 2249 3677
1157 1895 802
44 970 4977
2758 2710 654
2800 2926 3318
2507 2676 2644
43 2560 3509
1345 807 2467
2401 2009 1160
1219 493 770
2047 2108 3753
2929 1826 1145
2550 116 3272
2602 514 4752
222 201 3381
2628 2093 3740
140 845 3662
475 1889 3950
77 2838 1584
1184 1701 3656
2041 1295 3308
2748 1391 4899
2641 530 732
255 2448 3190
2210 231 1307
2497 682 4148
1306 1691 4797
2930 1793 3178
589 2969 3539
1149 2542 334
1853 728 1154
1200 1702 1000
577 388 2680
474 2058 568
188 30 2658
900 1697 3242
719 2830 1861
1 1884 3907
562 2913 2177
1952 143 491
273 1490 2563
990 2822 4448
113 2764 2255
701 2659 342
1870 993 2093
1567 237 4393
2268 1473 4895
2137 2955 4323
2257 2177 3946
360 615 3947
205 622 1133
1237 1448 4247
2424 1008 189
1631 2641 1003
1214 2113 4309
1425 1582 3160
441 651 3755
602 1361 2661
2681 2275 4157
504 1362 3289
2283 2024 4359
1369 2976 1815
826 1508 2745
485 1196 4470
1813 1567 18
2118 2925 1168
2166 1663 1020
2979 1699 962
31 99 3508
1417 2511 1779
1801 517 2018
1756 1806 4020
443 1707 4564
2269 1764 2740
2528 2823 3840
1378 73 314
500 2 978
31 588 4051
67 944 228
418 2529 1409
1883 1098 4293
2985 1378 2302
388 583 2520
450 755 4553
16 2405 1522
1726 2618 3257
2869 2739 4446
2769 2796 4016
815 87 2529
1044 1504 4842
592 1152 2814
2966 1874 3502
1769 990 4166
384 1450 1756
1960 309 2224
1764 688 3598
441 2194 2980
630 1118 4294
2615 191 3314
861 1706 2456
2494 1084 415
607 1886 3033
1500 601 1643
269 1767 4092
990 1324 1712
957 575 3361
2715 888 534
1432 908 2159
305 127 96
939 1073 1641
2128 1205 2666
2134 2871 2274
2785 1330 1921
1372 685 3614
1135 596 4713
2388 874 2636
917 2929 3189
2967 386 2053
1960 1180 416
1663 140 191
2443 69 3330
2466 2870 2451
1708 1041 2627
1754 987 1740
1311 2037 2202
2519 2250 4202
2555 1280 1716
968 2725 2430
1950 90 3588
184 1532 4722
2156 39 766
2478 1936 4117
1820 1512 4736
2639 2881 3497
2083 379 421
1313 2266 264
1822 1277 3184
386 2908 59
1475 1413 33
2610 79 1360
1440 549 453
461 2098 4941
1982 2970 3821
2409 1773 4758
1228 565 377
2075 282 41
1881 449 3369
367 2048 1432
16 2393 3215
856 536 2947
2619 2640 823
721 2529 3532
258 2186 166
57 2178 4731
559 1633 312
17 907 3098
612 1711 1049
1819 1660 4466
722 568 1834
479 1064 3728
2174 2615 1487
924 2962 4858
2480 1339 4286
55 191 3311
2764 2957 180
941 764 3427
44 2898 3489
1530 1738 4802
2865 981 410
1700 1778 4624
1632 2475 2175
275 3 1535
2365 316 1925
64 247 2760
2469 2740 4311
254 683 1940
2657 2103 1808
1715 65 1373
2848 2888 154
2632 1020 915
2760 2995 2089
2932 2011 745
601 1510 1382
1620 1881 4727
2583 2846 936
1540 2464 26
55 2108 202
2659 1032 713
910 1817 1288
1674 2061 3646
1822 1494 4452
516 2149 4787
2908 835 3269
1523 1134 4575
1502 276 2259
604 1021 449
773 950 2821
2079 2719 200
2442 1437 39
2150 962 904
274 1484 83
2077 2189 492
2430 2000 4151
2365 80 4288
2259 2473 4898
454 837 265
1758 1940 4408
1071 26 1644
644 1511 3678
905 1102 1395
2134 1896 2966
2993 2415 2000
2560 2714 4790
2977 2364 3430
2972 1882 4886
1475 1638 1790
2391 620 1202
1569 136 3637
2644 856 4315
859 768 646
2796 2313 3855
580 17 2283
1357 263 2058
1417 1679 1123
184 8 2925
1321 2782 1419
1589 803 607
818 2270 3352
2183 2639 3900
2642 1951 2580
794 337 47
384 2156 2761
618 30 2027
381 1937 3
1179 2848 3702
960 114 231
382 2512 3918
1891 1172 4279
716 569 2536
2729 1609 493
2042 2144 3708
1387 1528 3031
536 2506 3218
2434 2732 2476
2962 1316 830
1612 1028 3893
1486 2248 4658
2573 908 1887
2010 599 3099
315 2820 347
1780 1338 4001
1452 1077 885
192 1819 4397
425 240 1497
287 34 2823
2069 1504 1818
914 235 4971
1614 995 3224
353 1538 2420
444 1628 142
1555 1096 813
217 1229 4596
2824 1228 2685
1928 45 1046
2383 1012 4405
590 965 1107
2237 2501 1863
1927 2426 2866
981 2477 1851
659 650 4049
1784 1567 1875
620 1326 1169
464 282 2320
1938 1664 4730
1351 2434 4431
1870 420 711
1922 405 2129
2674 199 3015
1212 1890 3467
991 98 4300
1255 2256 676
2285 1533 3959
1260 2977 935
600 73 980
186 1706 1701
2338 666 1638
1597 1929 1979
2799 1669 3818
2110 2392 4688
367 54 4301
1903 2045 1232
1175 886 1689
1595 287 3145
107 2092 3962
1345 1935 507
1760 561 722
1352 2819 2440
1144 712 1775
1105 1308 2527
1350 1186 2026
2473 1505 3479
2495 2299 3615
315 1570 2675
2350 556 4755
834 1729 3718
1750 1329 2327
974 2722 3583
2832 364 179
604 97 4150
1166 640 1178
1169 804 2236
2425 1001 2662
1091 1795 3998
417 1711 2922
485 1042 353
2024 2868 440
2741 101 2167
2437 1187 4042
806 1446 3108
55 855 4043
13 2937 463
700 2402 868
2834 1655 4391
120 1927 1234
1105 2248 4106
2902 2044 2764
965 2265 2432
1339 2057 4586
119 1758 2886
1400 1177 3316
936 2534 1126
2576 1435 1717
210 1820 2766
2159 2908 4700
793 724 2409
1468 15 1141
2296 510 1157
657 878 4121
2611 753 1803
1741 2704 90
1087 364 934
1913 2869 2463
1597 607 4277
1260 2411 1548
999 2879 2838
2722 512 2960
2161 1213 3185
503 14 4108
450 227 163
584 2320 825
1276 2701 2241
7 1552 1591
2539 217 4263
2236 2805 3389
1960 2276 1426
2689 2674 4140
750 906 1367
2666 479 2859
744 522 4561
884 1020 3799
306 694 365
2008 2538 3980
1579 1672 3537
2097 2623 53
2363 1216 1430
734 744 366
2521 2585 6
501 2868 45
502 1994 1618
622 1922 4055
1416 1158 1843
310 2215 3650
1621 315 3435
2712 2853 3070
69 476 2102
2891 1474 515
1655 1089 171
1577 2783 490
2438 19 4696
1025 1627 396
664 2066 2056
2810 1570 2818
2659 1328 372
1600 196 1239
2798 1143 3912
1893 1768 1150
2188 2812 3331
1391 1613 4793
704 1079 2974
2613 1043 971
1070 164 2045
2644 305 2323
1012 2495 3572
341 1524 4430
498 323 1762
633 2168 4823
1372 1785 4874
557 1550 832
1371 911 387
582 286 764
2411 2560 4866
917 1942 3690
2243 2001 3744
711 65 688
494 1773 2549
1287 295 4000
230 2563 2880
2206 221 1056
772 1595 4667
1916 899 1886
1806 303 4981
1208 1296 2706
1727 1180 3422
7 2883 793
1772 616 4128
2240 1916 4942
916 2447 3713
1199 2880 3009
26 2236 3225
748 659 1848
420 112 4529
2090 922 4053
720 415 3963
1773 2829 1201
2232 2621 1393
2073 1088 2579
1017 853 3271
701 2399 3507
377 2440 1451
1554 560 838
2261 825 2217
2531 684 1174
2104 2752 2070
163 754 1466
1266 1515 3232
1116 1890 3091
386 2941 557
1782 860 1297
2463 554 4444
1950 726 2342
619 896 4728
2417 1859 810
2895 2600 2913
261 2495 3371
2719 375 2733
510 2299 1271
2925 1355 27
1363 1288 4469
1784 2740 1633
863 1128 1472
1838 2917 3016
2725 709 2973
661 2361 1185
101 1539 2780
1113 1075 4390
885 1642 24
2160 2629 4009
1495 1766 4691
2452 2795 4014
1800 2413 1621
1076 2683 143
2150 1380 1290
607 2729 4652
764 1174 3897
2142 2459 4837
524 425 2985
1301 783 2656
988 2840 106
1150 2772 4062
135 1789 1805
1601 2958 3906
1450 1840 306
589 2496 2510
2135 1398 4274
2657 1705 260
156 821 4152
315 820 3343
1837 1903 401
1942 1285 4029
783 1775 657
1417 895 1649
586 103 2726
211 2855 1408
14 100 4348
2661 1330 3120
42 109 3495
48 2299 2044
2014 1493 418
1585 1951 1968
796 1448 574
842 1840 3418
788 179 4990
1582 2785 1350
2749 957 1760
2538 418 381
696 1339 3795
1278 2902 3725
1054 131 392
2721 1234 3968
1702 2324 93
1216 2578 2169
915 490 2713
463 1967 4489
2026 1940 4958
2990 2990 3458
2727 255 4223
2361 121 3284
2625 2120 3431
1287 2619 3261
2492 980 111
1860 1446 2590
3 2312 3742
1410 911 135
1103 214 1682
1169 2909 882
1846 492 3158
723 922 3986
1207 2090 3901
2504 629 1880
1130 2147 2804
7 143 4915
2454 391 4954
1821 1088 2442
1627 2846 561
451 1844 4196
138 2980 2982
2105 1244 2151
2818 1230 261
1711 462 4860
1750 882 4119
2376 33 578
357 1666 4369
1887 2376 3548
810 1554 3871
2143 514 1733
2610 943 357
2500 338 3695
586 800 979
752 358 4846
2799 1789 404
2207 889 4313
2589 2214 869
2724 1409 3492
267 79 994
375 2534 4541
833 1489 2547
155 614 4570
2193 2216 2904
684 484 616
1445 1330 4774
1762 2415 2905
1060 455 3138
1325 1884 996
1657 2173 4265
1215 2749 280
500 2924 1016
706 268 2414
2924 333 2709
1400 1225 4799
291 131 218
2570 1108 2844
777 2316 3078
985 1163 3543
2338 1465 4134
2756 2760 1275
17 1900 2037
49 1389 727
2680 2675 4738
2775 2384 613
2954 258 3149
1147 1821 577
1833 1748 3802
1909 2959 3065
990 2680 1166
1832 375 3892
2534 1722 1637
1603 1880 558
2601 1400 1932
1541 2580 3673
2907 2694 1129
125 1105 1706
635 1626 54
525 1198 4673
1200 2944 4908
1460 2345 2104
1652 259 2612
2116 2887 2389
2740 828 1699
2346 919 2537
1855 2161 3902
215 1897 1417
1731 2226 3153
1870 1832 1203
1553 759 1301
1799 2798 689
1757 1095 1159
2434 2833 250
922 2111 536
2649 2685 3077
1552 1013 4835
756 153 803
2286 2108 4177
186 2101 122
2047 731 1250
1205 508 2107
573 934 2152
259 2505 444
1736 649 775
551 711 3680
379 2364 4757
2265 1523 2009
1256 713 3382
1361 783 2253
487 245 3128
2270 1160 2247
1469 1638 4024
214 200 4233
2398 97 2940
1627 1555 2355
2873 2874 1984
637 1459 3602
326 1884 610
2655 183 4245
1630 1281 4224
2126 1539 2827
1561 209 3909
1005 1640 1066
1378 3000 4334
489 2564 2384
1562 2281 939
321 1096 2213
1879 1059 1078
604 2691 2332
495 2360 1565
2434 1768 4292
1112 2411 3951
1489 589 4450
173 1408 4814
2752 491 157
1771 2259 2710
1983 1870 4671
847 1172 3303
1735 358 877
1699 142 4225
2665 1051 1725
808 2204 645
2747 903 2936
470 1876 4604
1262 2770 650
1381 1247 4861
831 2266 2091
477 112 1148
85 853 389
1160 2536 1167
236 2304 1586
766 359 4013
840 162 1722
301 2987 380
2733 2171 3719
2172 1178 4252
1439 206 3822
1379 451 4518
1211 570 4678
1339 2804 3283
480 853 1590
2929 1064 2819
2296 1891 4548
1562 1101 2092
1539 1178 724
1097 1646 981
2675 2726 3209
1950 1888 3974
1053 1635 4988
1787 103 2008
1851 1192 3297
1264 645 269
796 10 1954
2025 2059 1745
2119 1538 3501
1667 1784 3710
818 659 4732
2849 2277 1233
517 1886 3083
1019 332 4260
683 1014 1092
2066 24 4295
248 2045 4068
1829 1380 680
273 113 2300
1212 2151 4338
1366 1649 4581
1096 436 3063
2852 2098 1889
286 4 1504
2317 329 4255
151 1247 2195
487 470 1877
1849 2693 4507
1094 428 2893
1668 242 919
2710 2593 4585
736 1734 4035
1002 2626 2663
2129 139 567
1709 947 4491
1380 1318 4375
1162 2506 3266
3000 108 968
2752 2334 2238
27 1432 3958
1913 2739 2078
2065 376 1636
794 2878 2194
1146 211 2439
1122 2624 4516
1053 1260 3019
497 53 649
1941 1400 3122
580 1217 3345
515 2180 3043
1493 2052 2290
898 1099 4685
479 84 723
503 1889 4536
2905 1194 3164
2331 2782 930
632 1175 1457
659 1513 3419
1557 2967 2072
2243 1163 2148
157 1082 128
1397 2632 1630
418 1786 2281
2919 879 42
616 2744 1912
2964 370 2333
584 1985 397
1902 2366 4838
444 579 776
1483 1040 2346
1737 2446 2254
22 2994 1323
88 2638 2502
586 844 4079
1998 841 2595
1243 538 4422
2601 1150 4517
1345 999 1067
1398 611 3516
800 907 687
2869 589 3456
2149 1529 2944
183 2126 1980
622 191 1930
2809 2159 3280
2691 1155 3319
1363 2195 2604
1578 563 4765
2994 2281 3243
1365 1620 3404
1525 898 22
619 98 4367
1511 8 967
151 663 3879
1100 2789 4927
2917 2894 422
763 450 3044
2109 1144 2311
492 3000 670
661 1909 1616
2926 2289 820
2230 2844 2126
197 2893 105
45 1811 2354
829 278 3018
2577 290 3692
201 2713 1098
2615 1984 1041
892 592 4711
1965 2001 1475
2500 431 592
1466 1734 658
1327 1626 3861
2434 826 2400
817 1976 2344
1025 1686 2783
849 1156 3875
2861 1579 1557
656 1036 4674
2553 891 952
1212 2953 3633
306 2969 2614
2357 712 1223
2565 1098 1226
2306 997 1783
143 1750 1538
252 1937 4137
2395 1631 1879
1849 2150 3090
1679 2977 1581
1568 486 107
1853 944 3321
485 502 3116
2512 1383 1292
2996 1026 3457
2653 2084 4017
1307 1198 1347
439 2273 3217
2914 528 4767
425 297 4839
2908 1893 461
2364 642 3775
309 2238 1357
1388 1219 1552
2601 691 4577
2552 2944 2952
113 139 4357
1089 603 982
1579 64 4830
2144 2070 1416
2976 1911 1924
1594 529 2500
605 2177 2584
449 73 521
30 2906 1439
2252 1145 3397
2234 236 1599
1053 1845 2227
2749 2781 4421
1412 1541 1702
935 2977 4626
149 76 3323
49 2849 674
1622 1888 2698
1477 1353 3711
2940 2259 1473
409 472 4590
1974 1553 2304
134 804 1696
1970 1568 4558
45 950 1149
2081 2305 2747
193 1074 1659
2831 1174 300
2636 1840 4892
1989 1692 4410
590 416 1650
2841 2665 3540
457 159 871
2569 933 3384
2199 2696 1566
2010 342 1435
2516 2901 801
578 1470 2317
2160 1410 4785
2924 480 1173
1541 1835 4940
973 2040 4725
281 1393 375
2596 2822 3485
874 2871 1747
1787 678 3096
664 2315 2029
730 2577 4676
973 1007 3260
1123 842 4483
177 1680 4258
1378 1799 1564
1133 431 2871
170 1210 2156
2399 239 884
2007 2101 3780
986 1602 140
2142 1123 1556
2043 158 685
2269 2309 3717
1980 2334 3496
2058 1644 4794
2393 1372 3636
2710 1734 3787
364 589 2083
242 212 141
2665 2033 4230
1688 764 2015
235 2924 2946
198 1840 251
260 1694 3847
428 2744 1452
1657 862 4495
2618 1755 2796
2711 2891 1743
1036 2307 3093
586 1738 330
2848 1615 2405
1921 1733 4427
1018 1962 2117
749 2622 2833
2178 1238 2686
2233 2246 1001
1052 1986 178
572 2163 4380
2605 2297 2190
165 688 413
2404 1463 4031
1760 1145 3439
538 4 3140
1276 2443 1975
2860 2773 2993
10 1214 336
140 833 3729
2535 2536 3741
1983 1128 3179
1168 2349 975
2442 1295 2732
2700 2038 2831
2434 1306 1957
715 2457 254
1788 674 550
983 274 614
1607 2558 2577
1684 944 3977
1523 1684 1628
2203 2636 4105
1157 421 451
911 2214 2574
969 2806 4063
2356 155 2887
1815 995 2086
2296 581 2264
2155 1221 4453
338 38 771
441 1543 3908
1738 632 928
1702 1066 4144
785 1096 883
911 1407 2365
1625 886 4811
237 530 2931
2324 981 560
1786 390 2458
1815 141 2919
2588 2045 2183
1650 2575 3123
1434 2152 2219
1107 2550 2515
369 2561 3551
2195 222 2017
1607 657 2772
2991 2846 2768
733 2367 277
1128 743 208
752 1712 511
2240 2333 765
1840 962 2422
413 1641 4762
1561 1543 1562
668 885 932
2648 1454 1324
154 11 4857
1729 505 1237
2031 2345 3144
235 1440 2664
536 2701 428
203 897 3162
1801 1577 3234
862 1661 2799
103 425 3749
2374 1734 3194
1752 84 1464
2306 407 1571
474 2359 3146
2055 378 3867
2657 1749 2262
1682 215 3287
183 131 3366
574 415 4806
59 1553 3046
2068 1250 4756
2873 1522 3309
2851 2999 4781
1389 810 2795
1729 586 362
2151 2396 2703
1292 1121 3130
2974 2953 1860
685 2729 3966
455 728 326
1967 175 997
427 2133 263
947 487 2878
1580 2236 4327
2200 834 2645
248 1159 4435
473 1261 706
1658 58 1139
2799 956 2910
1671 1828 2210
668 1137 3790
1837 2114 3455
2649 1860 4573
379 1403 2269
2878 1549 730
1789 851 2155
2535 851 4515
20 1680 1731
951 1921 3469
594 286 4060
2526 1888 4534
2129 1386 2623
705 490 2670
2581 1207 612
1926 48 2771
1230 377 3143
1092 1958 4796
2649 947 3442
1637 1121 2161
843 1886 4220
720 1197 523
2583 1859 2153
860 100 3923
482 2072 3623
1694 1578 4791
2832 2915 1811
10 1311 1721
2931 2111 1488
1430 2320 566
609 1658 1313
1199 884 3607
19 2999 652
462 611 1981
1755 525 4969
201 980 1913
2952 1190 1673
2922 678 4897
2132 1334 3613
488 2544 1176
157 600 3290
1299 2322 2220
129 1284 1291
2258 886 1062
1283 346 1090
2534 1784 4321
1607 139 4358
1469 2221 4296
2753 2399 2402
1255 1562 2667
532 48 4250
1041 2840 3916
132 2211 1683
1022 1851 4880
1171 1216 270
1559 2720 3126
1979 1729 3581
2026 2616 4467
1704 5 1247
1867 2865 752
2731 2657 3684
2265 1818 1869
2496 2693 3544
1201 343 867
2782 2504 4057
1230 2223 2792
2826 1318 2487
222 1007 694
17 1129 682
114 2815 454
109 2280 2143
1418 1877 1602
688 2872 1967
2829 2299 417
1303 218 3385
2084 1662 4179
2782 1792 4642
2538 1664 2717
2364 817 703
2400 224 2120
404 1956 3582
213 594 3208
1991 1372 1136
1305 1972 2108
906 2613 223
1051 536 4143
330 2620 2852
1507 1335 435
373 2776 3230
2158 2225 1525
907 273 4269
2959 1688 3014
726 2517 3056
674 2702 593
1280 1988 433
2176 1303 356
2344 1706 1099
921 2283 1238
2760 1656 2171
1170 2420 1224
876 1669 591
1476 2865 3515
2359 683 2271
2297 236 478
8 1575 1190
196 1286 729
486 1974 4779
2248 2285 4285
2019 1764 1011
1252 582 2005
2411 825 4853
2228 1618 3421
511 1589 1263
1815 2975 2965
424 2790 726
413 2461 2848
360 449 1045
2348 1508 1831
2985 800 346
54 952 4565
847 654 1155
1749 2639 3478
1414 1447 1365
2390 969 1892
1770 2847 963
2331 1615 2191
123 577 1544
961 1765 3125
2606 233 697
2277 245 3984
844 2267 3644
1774 1761 56
2618 2013 2364
1065 349 4484
1492 2099 4560
2096 514 1686
732 2228 660
2136 128 4668
2055 903 576
1863 367 681
615 2192 4023
591 490 2793
2799 2377 4298
1906 2776 3177
730 1016 3466
780 2836 477
1770 1462 1655
1890 1945 4231
662 446 2168
1366 1869 759
2136 511 4654
2629 88 3148
1617 37 4268
83 989 3069
1802 2712 1906
2511 1124 291
468 2847 2160
930 2462 4205
1206 2983 3423
371 363 320
2945 1056 3967
1789 2428 1314
2522 1416 3256
973 1078 1017
1107 2746 1332
1288 1293 3114
1821 2422 3444
1582 195 4672
2400 2960 4458
347 124 4601
1333 924 1069
1031 1963 1748
486 2241 4595
2878 1547 2149
1221 2309 3012
1144 1155 165
524 2658 3011
808 2358 2438
2981 768 1100
2337 861 1399
283 1097 2203
375 2925 4482
2621 872 3768
700 366 1305
485 605 136
792 2297 767
2422 803 4302
2058 1692 531
2958 1855 1412
2347 2335 2868
747 1341 3703
848 1580 420
2898 1893 4821
2942 839 2997
2910 258 2715
775 853 2470
375 701 221
862 141 4906
2415 527 2927
869 2871 3348
2690 1057 4038
2403 2245 3101
833 953 3362
723 2211 4994
2791 1655 4094
772 2585 398
129 2106 984
602 2649 248
1162 2763 4751
1515 1925 1471
2738 888 3030
988 484 2006
2778 2574 3577
1466 1663 1619
276 707 448
1340 2824 4193
185 25 4034
1697 789 4944
2174 2066 1485
2581 1032 4492
942 1414 3881
2739 2945 1241
1595 2388 2145
2930 370 252
2164 1202 1375
1323 484 4505
2569 1950 3943
1823 2791 2023
241 1385 1229
216 2061 4961
1298 1653 2786
2422 1915 572
1452 2933 760
2349 2040 3931
1854 2824 3333
553 1480 2229
195 722 1953
2092 2313 1613
2061 2138 469
1672 2238 4885
1792 2498 3250
412 1044 829
231 1159 130
1032 2822 3762
1174 1054 941
530 2494 2329
906 2939 3088
2150 19 956
2277 2960 1188
318 1449 338
2669 2860 457
2610 567 2895
476 2663 3347
1037 476 98
1504 2758 349
1736 734 2291
1924 1260 737
2555 2957 1074
291 2402 4036
126 15 1839
25 1297 3025
481 778 1961
1355 849 226
1540 2845 2028
442 279 1469
1784 1960 1329
1719 235 284
1425 302 4836
2638 1888 3084
2081 2416 332
2860 1992 1568
1081 2138 4531
334 1700 1763
1909 1192 2611
913 1097 4849
541 848 2106
2531 1648 3672
498 1097 2995
960 2721 3048
2884 1293 512
