3901 4000
3268 147
2832 2532
2335 1992
1528 1040
1187 1046
1835 2210
567 2602
3352 1430
1431 3490
400 3372
827 296
3454 1690
2435 760
147 1596
1192 3810
1209 2598
294 252
120 2445
3306 3170
2874 2439
194 79
374 3453
2058 1203
1220 3838
764 2752
1519 3643
3610 2014
2632 1615
2772 526
1290 2563
2800 1187
2353 3612
3637 256
2539 3707
335 2337
3470 1524
3489 505
1694 1021
2721 299
2337 3107
2653 1118
3183 2301
794 3107
816 644
1653 117
33 3789
1183 3893
1789 519
1415 2654
1366 3238
3219 3171
1090 157
2886 3151
575 1994
3877 2530
1975 2715
2688 277
1430 3731
1404 951
137 1541
3386 3059
3096 3327
2718 3358
1276 2233
3538 187
3400 3171
3600 2076
2609 1711
575 919
3785 959
3350 944
2019 2229
1229 3535
2344 2784
2661 1189
1806 657
3651 1693
1774 3053
2804 1107
2229 889
3432 1045
501 492
1170 814
1817 1378
3379 2919
1323 1765
2660 1502
1732 2959
3245 3479
539 2418
2161 3486
3762 409
1890 3274
2307 3484
1637 2563
2537 2015
816 2123
3184 988
2367 555
1026 3780
3048 1508
1151 3103
2712 427
3118 3248
2794 1307
583 843
2078 2794
28 397
1695 1019
400 3130
3016 3681
1035 771
1235 1106
699 1619
2953 1355
1505 3596
2659 3277
707 3351
2790 638
2015 2937
955 1963
3399 256
3483 1880
3198 3551
316 3461
150 3250
3565 3383
546 3145
2076 2133
283 2689
1809 3485
3262 2649
2512 1047
1 2312
2740 425
179 2042
2227 2710
3878 1768
3621 3183
3512 3306
1955 1766
2506 1475
3331 2670
2829 80
3306 2067
2467 3034
2824 678
621 920
501 619
767 184
16 1737
2822 2456
3840 976
76 561
3844 1752
581 2708
3691 3024
1195 3839
1261 1895
250 2911
3107 2069
2810 3079
47 2522
3722 899
1957 3298
2386 3901
1577 1990
354 956
1396 2250
3072 3145
1889 3723
2451 613
1732 2547
2221 1033
3303 3427
288 23
2815 1447
3394 297
1682 918
1375 2833
3335 539
2522 3494
854 1212
246 3446
3388 3804
1153 1293
2395 3629
2007 3526
2973 1268
1568 298
898 3214
2659 3226
1773 1059
3816 1346
2317 2382
2605 72
3208 2623
2656 557
318 229
2037 1362
3578 3430
903 1561
1978 1018
3251 2856
2909 117
1042 2465
2229 3697
1213 1865
2371 1272
1447 1680
661 355
3714 2823
1851 2489
714 87
3738 1241
300 2792
3125 600
2410 2596
1762 3887
1245 402
3428 1519
3840 2115
259 3275
3745 988
3710 2135
3352 2646
3410 2679
1080 2968
457 1307
2484 192
3294 2266
688 1379
3197 1939
3421 176
3102 2572
1439 3517
2790 2114
1199 1494
3594 2963
169 1684
3297 1124
1442 3181
1654 3419
1322 1902
3398 937
3673 300
613 910
1064 3176
1600 3188
1215 819
3171 1624
2571 3192
1766 796
3196 3240
3287 3032
2289 3355
2309 2648
2730 2954
2030 1090
2578 2739
204 2167
409 1604
2503 2192
1005 3518
2128 3651
3251 44
2556 2336
365 3162
3544 3457
3137 2966
926 777
3090 2156
3190 1629
965 1363
1627 3085
1304 647
250 604
1545 2937
1328 103
1247 3774
1931 3189
1712 2418
2436 1420
2255 198
1809 2003
2237 1852
1800 273
2311 141
1031 1066
3412 3111
2206 456
2458 414
387 3746
652 499
2199 985
1736 584
1538 2170
3338 3083
1657 2478
1389 2578
1045 3
1110 895
2912 1566
1023 2493
3773 924
406 3662
1660 3360
2496 3594
3320 2684
2668 2052
3074 2964
2556 375
3212 2579
2879 1424
2299 2092
2699 1212
1368 145
2252 3492
3097 2833
1077 3456
3755 1427
1477 838
2219 1704
751 2827
329 43
599 988
2482 1007
2146 965
3310 2353
3310 2483
2092 630
3228 2645
3627 127
2808 175
1509 468
592 642
991 844
2298 2684
1119 3191
299 2428
1034 624
3477 342
3131 1389
3772 3876
1590 906
3381 1291
2819 1228
405 3429
619 1866
1310 2161
3603 3330
1077 1227
2516 2577
2488 2421
2938 3009
618 165
3409 3030
631 3788
2042 691
137 2154
1246 852
1226 164
933 2821
3698 1916
3034 1459
143 590
1154 2837
1052 1514
1199 1599
63 803
1839 2400
1044 790
2946 3789
2443 2359
2065 356
1448 1904
2500 2092
3365 12
354 1051
267 2392
1903 452
677 3046
1566 147
710 3891
3181 2827
3078 2244
1304 2917
141 2552
903 669
2609 2012
1057 1809
47 92
3305 3266
922 2612
1087 2652
2735 3411
3469 2007
3009 3134
3527 36
2045 483
778 3660
1653 31
588 3875
2409 608
2189 1588
1195 1253
2474 1803
381 3246
510 2478
2799 2081
2027 3774
848 15
1367 1382
3442 3058
1967 3145
2879 3356
1580 589
515 2102
715 2244
1913 2448
2112 146
2647 470
3472 2520
1332 1613
2858 671
3311 2170
3369 1696
2745 3400
1373 3577
530 1629
1180 3771
1293 1509
1619 3893
681 3647
3227 1047
351 2255
843 2714
1843 2957
3087 2864
1808 2696
482 1241
3728 18
1754 3606
3618 3798
461 2915
316 1930
2714 157
835 1729
1591 2570
2841 1065
137 1033
3491 2556
1853 3569
1743 2388
3700 1639
1920 2527
3882 3343
2534 3110
521 853
1694 1621
184 2314
784 3301
3089 169
3228 1790
1117 1958
66 1100
3614 1803
1729 3397
1218 3529
161 837
1686 2630
2260 1765
3021 1822
1158 222
1177 850
1274 2519
3268 2009
1205 611
1796 29
2574 651
534 3295
1240 799
2399 1942
3596 3901
526 3148
1435 1291
1154 44
746 14
1332 85
473 2752
722 1412
2830 197
1437 936
1400 3486
711 1444
3777 315
2541 631
31 266
882 1771
1431 256
1369 3670
2109 1716
2213 3054
543 3054
2085 782
2050 1444
2619 1084
193 386
1324 891
2701 3888
1182 2660
763 141
2666 2888
3725 1378
233 1444
3481 2929
701 2046
2254 20
3644 3050
1380 3623
3858 759
1446 2209
3737 3037
2605 381
216 217
3811 3794
785 1982
2366 1991
2020 2859
1502 3384
1664 1354
1636 398
2121 3357
2252 3228
266 98
3434 2576
2077 1149
128 3128
148 2296
2208 1822
197 1831
1455 2752
1911 2304
3715 535
3346 2173
518 1390
1740 728
1413 1636
3873 3745
2603 2097
433 160
3729 891
329 2664
31 1867
1816 2654
1868 48
3330 3176
2635 2464
2224 3571
3005 484
1641 85
380 935
3346 1296
207 2004
139 52
3841 1167
3220 727
3311 1384
2094 1115
809 2085
3199 2399
618 2241
333 2822
439 2252
1445 1872
1597 24
3798 2296
501 3063
2783 3888
1390 3325
3680 2704
1958 1607
1511 2452
12 1035
1566 742
3288 706
166 2780
1434 2112
273 2904
1860 1593
960 2213
2790 3857
743 1997
69 802
2913 2766
2678 345
2824 1570
1380 1001
843 2997
913 1950
3229 3267
1501 3433
2187 1034
2731 116
724 77
197 2553
2643 2387
1448 3270
2490 1171
403 2900
1956 1551
2347 2809
1453 1197
1493 1174
911 3487
935 899
303 2730
165 1992
2541 1651
2756 790
2455 2601
2006 1652
1563 458
2746 2473
30 3090
2517 3016
904 701
2748 2440
2729 1061
736 1229
2106 456
965 1223
3688 295
568 836
2201 2596
1884 1926
1076 2498
3850 3561
1741 1759
2322 3004
430 592
754 741
739 3709
529 1352
516 2538
3016 1758
921 920
3845 359
3580 2637
638 2268
1487 1112
2331 165
2417 1885
1534 1896
1102 1129
2314 2844
1660 1748
3896 2496
1890 1477
3383 2980
2659 1102
3826 3613
283 3166
3065 1204
3657 3773
1290 2277
790 2643
1765 580
1869 1807
2121 3535
1306 1964
2765 249
3457 2219
871 486
3000 1406
3655 3771
847 3085
924 1383
1405 2866
68 774
1198 125
1252 1892
3576 3671
1747 3117
771 2928
1582 3713
857 1424
826 1270
687 1560
917 248
1078 2730
2673 2338
2531 53
1768 3244
2311 1987
690 2732
3303 3867
1105 1275
86 3357
354 1004
1080 1314
2741 1063
714 2478
32 546
2643 2308
1053 2282
2058 3569
1080 51
522 1256
223 3543
1 1441
441 261
797 178
1495 2953
3727 666
1405 260
2468 709
1567 1224
3771 3399
3372 1992
3590 206
1263 2956
1338 307
3737 31
1983 767
2840 3079
2842 1770
707 133
771 3107
572 3548
2988 2496
3023 3520
3451 1153
3895 1463
3739 506
2395 1599
2783 2164
173 2551
3107 957
1554 1957
3096 3442
1917 1690
1199 1287
2654 1029
3304 3796
3016 1706
3190 2796
81 2704
1860 2411
1369 2274
1059 2355
2180 3489
136 2390
2529 3311
3281 2442
2398 1794
769 1550
1302 963
2369 2193
577 3558
3287 1136
3341 2761
2385 1603
2051 3598
615 1308
2532 1663
2464 1691
599 1946
3767 165
3469 2395
3115 2125
1678 1296
1936 497
1855 112
2284 3370
2482 1232
2803 1984
3783 3799
3050 1731
424 817
1177 2818
991 880
2932 1622
44 2499
3763 1450
2384 1635
2615 2796
2032 891
1939 2780
429 2919
593 2553
1895 828
1494 243
3043 310
2794 1068
303 1128
1749 1438
486 3152
92 972
2298 1829
1910 3007
3772 3830
1611 2354
209 2690
3095 1363
2640 2158
1745 975
2732 1566
127 699
1225 1873
3594 2787
3600 1796
839 1730
3720 1019
2657 217
192 1488
3798 552
3128 3757
3254 3156
2550 571
3683 768
1118 1792
485 1939
565 2834
2872 3682
2121 1318
1844 1566
1133 392
2448 2314
1071 3813
1325 786
2084 3575
835 2733
934 610
2811 1580
2032 3110
3746 703
2240 2319
989 3259
487 188
315 2059
3178 1024
544 1814
1180 3345
1686 2162
309 2463
1332 3488
937 3375
541 2005
3586 2664
1065 2151
2077 3397
3742 1849
3384 582
1403 2949
3294 2533
2349 2379
52 2827
2151 3444
2577 3683
143 2720
3090 1000
3511 1690
1124 263
1985 3628
1876 2618
2835 1568
424 3112
2499 3576
3483 1953
171 3583
1163 2892
2399 2918
517 388
3202 3430
903 3591
2808 1296
2047 3247
2518 1153
918 1138
1729 371
2881 744
1564 3335
3357 675
3593 2018
1121 3366
2063 3081
800 145
1234 3508
873 3278
1024 1910
3852 1084
2141 2540
171 3533
598 1648
145 2427
1972 3427
1944 898
2053 1738
3147 3442
1542 202
444 2147
3758 2453
354 102
3776 1828
539 2924
1366 1756
314 3746
1542 2022
3228 3657
1679 2013
1021 1647
1696 398
1040 1385
1524 1156
3847 1775
3264 350
1998 2093
1840 3668
3113 2263
3540 514
3833 577
1827 3726
1767 2401
3044 2435
820 2353
1286 1697
3701 3308
3102 563
1107 110
3685 1545
1972 3769
1724 660
274 3332
1620 3761
2538 818
1526 1384
1424 1188
1025 2628
1148 3452
597 816
1117 588
3157 1923
798 824
3833 816
2253 550
1779 1328
1613 1016
3316 1390
949 2506
630 1513
1331 3637
1462 1713
2126 3861
2501 816
2144 314
2577 2743
349 1435
3315 43
1352 2395
3319 2001
706 598
769 3898
3019 194
1147 434
2846 3594
215 2385
2776 251
1607 2758
713 816
3808 841
2588 2050
1560 2802
2985 182
948 3355
1066 45
92 11
489 2780
2925 1809
1163 1705
2947 3683
310 1742
3593 1512
3537 1414
2486 2065
3094 2226
3022 2186
1717 384
2595 2008
1468 3413
3458 2937
158 1978
93 1082
3436 337
2131 47
622 1536
3483 842
793 2407
517 2378
786 3389
258 3598
1898 1485
1663 982
3489 1094
1719 2903
1744 1578
2324 768
3065 1613
2502 2499
3630 3875
2163 2851
2586 202
2239 3028
756 2238
1099 400
3598 3349
3676 2405
2650 2927
1333 3132
699 1358
2518 3608
849 3896
1108 2712
1793 3118
1012 684
92 1263
2283 277
1457 2411
3219 433
1010 2784
3403 2209
2321 2380
2357 1698
1521 255
1381 3491
2235 411
1102 2369
957 1986
1015 448
1938 649
1894 3115
1418 1970
3286 1487
473 2466
830 3399
1817 558
2566 1610
3894 2191
2761 3398
1371 1525
2849 1636
3165 2440
515 3446
3807 2517
456 2753
1431 220
795 3507
3447 3600
3846 2555
813 715
1813 3383
2105 3230
418 692
210 3553
348 2172
3163 2820
2256 565
697 1490
1562 3538
803 2868
1283 1479
3223 3406
2860 358
1939 1451
3230 2477
2036 3271
1241 763
2033 2621
925 968
2785 2472
1381 2479
378 1924
1312 3751
2072 1328
1877 771
2806 3308
2824 2495
1444 97
3332 2352
413 3055
2730 970
3106 3415
2136 3162
1395 3128
2513 1869
2507 3312
1042 341
2439 943
2300 2048
617 1861
3052 983
1355 1934
347 2032
2508 3642
368 64
1412 565
3257 1759
204 180
2065 1878
208 3207
1280 3731
2459 1163
558 108
870 1394
2334 3814
2436 58
1594 3397
2126 1107
2670 2411
3215 1591
3787 313
1450 3889
2101 1584
279 188
2438 1008
620 517
2286 1456
2633 324
415 325
2349 2372
3831 549
1855 1732
1749 2089
3472 523
1425 1496
717 602
1923 1517
1817 1993
1776 553
3228 3673
1079 1861
1811 1021
2099 591
2293 2298
2591 2396
2843 3253
1848 286
1435 2161
676 196
719 1155
851 440
1488 1700
1242 1510
149 3192
2731 187
2765 322
3152 3660
2026 3549
3096 2661
1343 1104
942 1308
1503 3754
2047 3435
577 1645
2828 2593
1603 353
2655 1443
1527 543
3815 682
1302 1111
851 186
1295 948
3565 506
3364 666
1292 2309
868 1305
2810 607
3467 2310
3099 8
743 1372
2169 2963
1859 83
2882 578
1381 1659
1677 2075
2463 596
117 1428
2989 3047
3721 1075
2990 1424
1658 3849
2372 1857
3566 2838
3472 720
49 1176
1471 2827
3864 1352
1823 3668
138 3812
708 139
2114 2922
2910 1121
1081 1019
92 3589
451 2612
487 1041
2120 2243
3204 466
1892 859
1019 2538
2357 2467
588 463
1529 1298
3491 2300
2843 1573
726 1042
555 3014
3461 3000
3212 3382
1076 329
139 2782
61 3566
2265 211
646 2785
1463 3106
2236 1170
3070 1678
2919 1894
1860 161
911 3836
1043 1288
2566 2311
1797 468
2562 1330
2290 2737
870 415
1211 963
61 2661
3816 1857
3311 446
1058 2691
1148 3557
312 332
3639 1473
1848 2662
2373 2418
992 1922
1945 3134
1967 3293
599 3548
3033 797
2835 2211
2313 3359
1995 1221
2724 586
3820 651
656 3093
2267 2460
3117 593
1919 1571
1455 654
2543 3115
1611 2284
1313 724
574 3261
237 1599
1189 1781
2765 1380
2511 1497
3566 3048
1648 3471
2514 81
3540 676
1617 2891
726 3493
1401 1817
3529 1814
1031 1724
945 1647
1936 3702
1437 2406
2807 1613
3586 1484
1114 3309
3708 2019
1460 3004
42 1273
362 2794
3756 1582
3877 1425
831 3234
519 3867
2604 1502
2069 1715
2781 1103
162 3093
653 343
3778 2562
998 2277
768 1555
1430 3041
1190 1294
2299 2054
1231 2063
395 3770
24 3789
1083 2120
3010 178
2174 2556
3160 2821
1365 1889
1777 1724
2728 1421
731 1407
2700 3670
1965 2788
141 1183
471 2525
2234 3373
2451 3275
3307 29
1999 2522
3665 694
1558 2166
1372 1466
1354 549
413 1395
2201 1211
707 2507
2437 3881
970 1030
2457 1045
1049 2387
821 1093
1529 1650
944 1191
3649 1860
3281 1168
2582 3365
1377 613
364 345
2888 3874
1592 779
1883 1003
3162 931
3462 31
1889 228
1747 1142
2776 1012
486 1408
648 1243
272 2610
679 1636
1405 2
2337 2544
3358 738
131 692
1040 1332
2440 2094
2176 14
1565 3465
591 2902
3882 57
2249 276
3072 1588
2288 829
3033 1429
1450 2233
1990 1447
2963 478
3593 2565
1693 819
820 2548
1627 3522
512 914
1047 2568
2318 428
3316 626
2083 1431
792 757
619 1824
2779 2271
3541 393
1089 503
2914 3095
1735 3889
2510 708
1352 763
2908 960
2534 271
2719 1507
2553 1351
66 3405
2282 3295
1337 1740
1814 9
3560 2976
3633 1175
1640 3368
3606 1736
1393 534
3524 87
2865 118
3690 652
2392 2112
3039 577
1494 1329
1178 639
3394 1057
3828 2208
230 3248
1552 1916
823 1439
137 3125
2806 3618
1190 1900
2908 1083
3609 3125
2091 1671
1674 2578
2670 2408
2032 3799
2152 667
815 1172
727 3654
7 588
672 1834
2037 689
3037 1392
3126 3567
135 1819
1105 981
38 1501
1849 3026
1169 1012
3872 3382
1101 3059
1181 355
2815 2346
2793 1019
3688 2649
3485 2245
1342 3887
2987 1333
619 437
1598 1539
2642 2464
1011 1423
3396 551
1180 1937
483 3726
2117 1918
2818 2107
57 3709
3882 2654
3027 2642
1728 1229
110 1185
625 3392
2239 3484
1250 167
3290 92
2395 3174
2648 1144
2626 1473
3749 2746
1747 2584
3714 2998
761 1941
2841 1153
2467 2392
3187 3391
2194 1361
3190 1836
2290 3145
2766 3636
3276 420
595 2737
3611 3017
2005 3673
1564 1638
1686 3782
744 2141
1436 249
3098 2978
1357 3162
2944 2607
1376 243
965 2270
3639 3833
2666 2394
1757 3618
3152 532
2668 1405
779 2082
2778 829
2092 821
764 2927
2039 2440
590 2293
1067 516
221 1927
3718 1481
302 139
1079 3607
2475 3377
3657 440
2907 2449
3532 2917
953 433
1850 2552
390 1010
2554 378
1917 2566
2822 2171
3079 3573
1581 3064
3692 815
1241 2532
1959 2922
3329 3699
8 1136
611 664
3891 3631
2438 1689
1038 3552
938 2858
1126 3337
3219 2578
483 2006
2353 203
2145 2386
1699 1739
2316 870
3474 3080
2653 3290
661 1582
1837 1966
33 153
2148 1729
3852 3167
2937 3012
724 1359
3375 1384
3639 1328
2912 2242
1784 1697
1516 3214
3380 2706
2902 3714
1922 2774
3667 2321
3649 3899
242 966
1861 1629
680 1330
104 2781
932 3843
618 2403
3126 2991
1663 1775
3478 858
50 2394
79 3461
2945 388
1747 659
2192 971
3803 3256
832 1587
2969 1848
1980 3397
1381 1190
2348 1417
2936 1646
24 3491
2311 1153
541 3180
3326 3486
2954 2087
1898 1061
3606 3886
623 788
386 2363
3555 334
2744 1082
1175 2160
2743 2618
3711 3800
2592 443
2549 683
2006 415
440 3585
2895 3021
315 1296
2350 3591
1222 1632
546 3219
425 1308
3606 395
1920 809
2562 276
1423 1698
3239 3739
105 2637
3558 1368
3099 962
2623 958
34 970
2734 2001
1023 3451
2184 1084
3092 863
1722 70
2325 3651
1029 1709
2453 2447
2496 2539
757 3550
3883 387
73 3034
2542 2721
2221 1842
2833 880
3075 3398
1822 225
384 262
312 2429
3626 2962
2813 2517
1799 1522
515 1749
3145 803
537 1268
814 2856
3353 1811
348 820
376 1668
1061 1330
2552 2080
1654 1403
323 1006
3487 1926
1504 3871
2531 2822
2418 2362
2860 4
1057 1460
1752 2812
1022 541
2286 1397
2955 1107
3194 3138
749 2462
1059 367
2767 316
3875 896
3897 812
963 624
3323 594
3314 3195
2214 3282
116 1748
2064 1991
1996 2321
1804 2015
2894 3145
1279 2463
415 789
3862 3159
949 2247
1918 758
454 1626
3853 2088
3666 2554
3201 3515
2469 3889
2827 1632
2060 2070
1751 3595
1390 1916
1277 71
1432 2137
3453 1050
1283 276
1467 2029
1263 1628
828 3115
2872 234
1245 3253
1187 163
3314 1168
514 1557
3788 3659
3888 1814
3770 2004
1689 1076
2601 2071
2117 2330
850 2841
1925 2449
2040 2404
2928 1425
2971 1057
1851 3296
816 6
2979 3849
337 1971
2419 3492
3263 906
2444 2079
1572 511
1917 23
1744 1490
93 1672
3591 2458
3767 1388
2439 1250
726 888
2084 3225
3144 3502
929 1027
452 2940
3330 1429
2198 1848
1681 1098
90 772
3582 22
497 1126
2779 201
353 2682
191 1054
1045 920
3540 1293
1894 1964
2654 2220
3670 1832
2511 2497
2773 1404
3361 1162
269 2975
1214 1619
2205 2373
2943 1439
2645 1416
600 3393
2515 1283
1167 2241
2605 3129
1326 1425
1165 2038
3408 648
542 1249
3884 3868
496 2869
1808 1634
991 511
2656 1047
1734 2257
2935 974
3885 1534
2858 1158
3380 1422
2101 522
382 525
1267 885
3810 1440
3233 99
96 3893
3311 914
3334 1919
981 1046
1583 670
2548 2218
472 474
714 1763
1916 1919
2522 2642
2821 2412
392 2934
1344 3012
1201 1966
3362 2155
3539 845
58 1225
1680 234
2074 500
3549 1727
404 1946
95 2532
1695 2225
2819 587
1157 1494
3294 3464
536 423
1255 2222
3283 2202
2457 2559
539 3324
2226 2165
3892 1968
319 3517
1780 2232
2463 3540
2961 814
939 2605
3027 1433
1410 1856
1619 2669
1581 1075
948 3298
111 2601
2454 2751
2886 2421
3586 2769
1939 2509
1381 1165
3593 3740
954 889
318 2632
2555 2532
3228 2440
281 854
3144 1361
3703 3072
2214 1835
2932 2737
3156 715
513 2223
1171 725
2165 2845
1437 1412
2785 3051
2797 2341
931 3599
1921 2258
619 2662
3065 124
2430 137
853 2175
3166 825
1894 3545
549 2256
253 2535
1917 3253
927 2467
1716 270
2517 1224
3638 282
3090 3598
392 2605
459 1959
1734 3741
1172 1874
1589 1610
161 1405
1948 1336
708 2632
2292 1949
1181 695
3562 1873
1820 3615
1161 2228
2552 3618
695 1542
3115 2280
1409 2644
3696 1198
2311 757
987 2433
1772 2626
1878 2641
2143 1437
1076 1249
545 3083
2213 199
64 1581
1703 3355
3627 2115
1567 1470
2779 3200
3147 1237
3516 645
3760 439
3289 1652
3388 1740
1779 407
1829 2709
588 949
847 2758
730 3553
2558 562
969 1964
2275 3346
237 1248
2687 2228
1912 3036
1574 2883
1211 240
2772 2981
1910 3017
3725 2320
2614 3605
1269 827
3090 1954
832 1819
3133 1265
469 581
278 3125
2838 3235
3706 3060
3093 1440
3857 3242
1978 807
2332 3412
1499 227
1610 2692
3482 2921
3425 2550
3284 1427
3458 1259
1492 3050
1220 198
1684 2882
1695 551
1875 1692
1716 3102
2690 2832
2897 2132
700 513
2374 3024
2885 1894
2306 2636
3482 2337
2671 587
1135 1928
1439 2917
1148 2185
2233 2028
656 3416
1232 1202
1381 2474
393 713
3779 2120
2732 944
2593 355
3492 1226
2989 1894
438 2086
3689 2772
644 122
317 2312
873 3742
3234 1895
923 2240
3280 3517
1208 1403
2617 1234
1113 967
2461 12
450 369
401 2200
2233 992
3473 2470
2549 3301
2192 2055
2772 2597
3459 2179
3134 67
3604 862
413 1231
1522 257
471 636
2165 3126
738 991
1742 2490
2647 3849
2567 1979
1939 3476
1590 2887
881 18
3803 377
3217 1113
84 612
2246 2790
3530 3771
3730 926
2566 3003
2819 337
947 797
382 2605
2603 168
3345 3114
1257 385
3832 641
2970 2215
471 46
303 3676
1114 95
556 3264
2498 3121
1668 1038
2761 2303
2445 164
980 2415
2015 1234
2714 3162
460 916
2911 337
1776 2343
1281 3228
1293 613
1724 901
2015 2259
3136 2591
1839 2835
2789 3758
980 3269
2021 3601
3684 515
1939 3259
3634 331
2101 2010
395 2184
3002 2707
2468 1017
2033 1612
183 2090
1710 2975
618 1728
1514 3900
651 3901
702 3798
1348 3695
630 576
1424 116
1816 533
2524 3505
3856 484
757 252
1293 449
2631 999
814 681
3186 3827
3376 3193
2875 1746
3218 156
1301 3593
2841 201
3179 1789
1278 740
579 287
1563 2900
3887 3134
871 3104
818 3715
1371 1816
927 3328
2014 3317
2024 3066
2461 75
1538 3693
2066 1771
1298 412
1805 2577
3762 846
862 539
1141 3226
663 1339
3782 2905
2960 3529
262 275
1177 1125
2048 844
3472 1888
3401 2458
2670 875
97 1530
1989 469
2862 1384
2779 966
1399 3149
3092 2441
731 3811
2192 670
2056 1210
272 809
2128 2771
2755 2247
222 2035
2903 3433
3626 3213
661 1974
1746 2212
2762 974
2460 3754
233 244
2752 1687
2285 235
1080 371
3362 1431
2856 788
2608 658
1176 3674
76 23
1891 1749
3550 1982
2732 2219
462 2019
754 1168
820 1761
1319 311
285 1060
847 1948
908 3744
1124 3040
3051 1131
755 68
571 1985
881 801
1951 3125
2049 1335
2113 1410
2732 2643
1737 483
727 509
3355 1161
3359 3362
1860 2759
3464 3620
2795 1630
1603 1584
2790 3479
3519 2649
1939 2217
1186 2171
534 3445
3814 2750
2592 1545
1868 1364
1560 517
3041 2594
2674 259
2686 1290
1074 3599
2060 3285
1613 2695
2407 2340
2083 2118
1458 3116
2752 3785
2522 3677
2080 235
3017 2365
1552 3859
2867 3537
2318 2462
1729 3065
3235 1230
3768 1302
2252 3791
2698 960
2567 946
201 2429
3384 2095
507 466
1929 3747
3453 1430
808 3803
139 839
854 833
3183 256
1382 2075
1418 3558
2538 762
1025 3809
3253 2113
1855 3193
3597 1250
22 3516
1963 745
1137 47
3108 3512
2723 430
668 1376
5 3749
1662 726
599 765
2789 2611
1917 2911
1861 1535
1687 1947
313 775
2498 1830
1766 2824
994 3767
2944 747
46 3505
2983 3866
1247 593
1637 3158
824 2262
2697 717
178 3241
3114 1685
3065 619
184 170
1160 3055
2470 320
609 763
3481 2429
2251 2507
935 1130
827 1816
76 1028
3839 2780
36 3568
1963 1347
3489 3815
3579 2825
1985 2680
2089 2288
3545 1631
978 1188
2291 97
1469 2604
2163 651
2415 3616
272 1155
3076 53
2794 2722
1533 3027
681 1707
1863 2159
2357 3525
1076 489
2566 2827
723 2911
3363 119
3229 879
3348 3331
397 372
2824 79
920 294
2950 2429
1390 3849
497 1010
649 309
816 2092
2449 1411
44 3892
2357 1973
3556 527
3126 2855
961 2329
3564 3684
340 1166
65 1978
750 1398
82 2315
1903 2748
168 2952
3845 765
3023 2272
1241 1991
3008 1512
419 2960
637 1061
2498 78
2564 1923
2273 3746
321 721
869 61
352 619
992 3822
2034 3844
1384 1372
3152 1778
155 638
3030 3797
2967 1094
2768 1113
1071 2429
2474 1791
619 28
2978 337
1893 3401
3854 3304
1479 3042
909 3584
2841 54
2589 2778
2586 3615
2487 3742
804 2996
343 3581
3296 3748
1445 3410
1666 652
3759 349
3678 3383
361 3548
865 3307
2168 2870
3211 1548
1296 2522
1102 995
113 430
983 965
1825 2506
882 1413
1485 1702
2876 3292
3150 3636
1695 1785
1876 1399
2229 3645
970 1491
1825 3716
1718 2951
2657 897
1813 1643
1910 3770
3227 1246
3137 2841
1815 2521
360 3268
1278 1200
12 491
3679 1059
574 2413
1219 1149
2397 731
1334 2189
2060 2549
2222 2541
3225 3837
2053 1801
812 3070
560 3155
3387 1610
1840 3792
1158 264
2152 3172
136 1600
2068 2395
834 2018
3426 2466
3204 114
488 2716
1859 2696
1349 2844
2155 2197
1182 1616
2224 1004
3720 2831
2909 3061
2769 3724
3509 3164
984 695
1268 1564
1866 1009
344 1413
3233 1548
3069 3367
2609 2122
3572 1907
647 2139
2044 1516
2531 916
3408 2814
3260 2268
3590 3255
1822 733
424 1088
1058 663
3183 3152
152 739
2182 1963
2279 1293
2679 1209
2598 1159
2334 3881
1725 2392
3206 2166
3351 933
1500 933
3816 2451
238 2445
3005 173
1435 1060
629 2766
3372 1373
2982 931
2942 3147
3245 1669
1885 225
1054 2305
188 1627
3324 883
1958 430
2025 644
1766 3284
2015 573
2591 151
325 358
3833 3339
1176 533
2775 673
2190 688
2127 682
12 357
3477 2549
1721 1503
2185 3175
1869 1665
3513 3517
2078 1097
2731 1890
816 1046
3763 3848
3525 2970
3063 2939
804 2645
3566 520
2295 217
983 650
1194 326
283 2553
3103 440
992 2857
694 3661
1609 1767
3728 1915
2685 3824
231 2505
23 776
2292 3162
511 540
2703 3562
2370 2531
2232 2528
214 3480
707 101
3249 2252
2363 3583
3181 1708
435 3056
451 1747
2749 3455
2018 1006
1366 95
2062 2323
3066 606
256 2824
2836 501
322 2897
218 2150
691 781
414 2103
3894 965
3089 934
248 1632
616 3397
3336 3709
1272 766
2983 1379
629 3194
1746 736
3521 2074
1430 2654
3687 675
3463 2625
2183 3449
1197 1519
3377 2178
474 1866
3172 483
3015 182
1821 2948
2809 3723
3142 732
554 2544
2110 2518
3719 1208
2016 2816
609 1661
2900 3528
1977 2441
551 716
898 704
713 362
2368 2156
3418 3011
1272 792
721 2920
195 1171
424 2552
2426 3098
108 2272
423 592
993 3449
304 1016
566 3815
666 985
15 1987
2777 2796
88 1289
1881 3537
3266 2578
2374 3363
1868 1055
1217 1069
2742 1796
1747 1625
965 3775
369 2848
2617 2085
3885 379
1855 923
455 2385
3319 313
2719 2905
1815 1359
2159 3862
1427 3704
217 1384
3135 362
2878 3156
1561 2571
1759 2091
2264 671
3000 2944
2882 1940
3215 1701
3624 1992
3025 2282
71 1569
773 1855
575 884
2388 1619
3620 2401
354 150
1483 1552
646 3439
3622 2078
2663 96
1245 2981
2981 3196
726 2309
3152 521
384 1247
3818 1278
2835 2817
344 2297
3367 2608
3562 2113
3803 2845
2959 2011
3318 1236
1241 1201
2668 1853
3548 1786
1098 1953
314 1031
3625 2526
1233 3424
3565 979
2425 2839
3072 465
2161 1644
1298 648
1350 1694
555 2909
3699 92
1855 760
618 1039
3211 2566
1062 3495
2829 2402
256 1212
324 1480
1809 861
2749 1630
1552 2167
1086 1972
1481 2253
2939 3465
3863 3752
1794 2642
2728 1862
1391 630
990 72
3385 253
3030 1494
2866 2732
3640 2696
3091 2530
1452 19
2126 1796
1911 2207
2797 1877
3808 809
3805 1063
2736 2104
3234 2600
1175 3039
1087 3852
1673 1598
2613 250
75 172
3272 123
2800 2901
3204 798
245 38
2351 2291
1201 2949
1929 2534
3341 467
952 1200
3354 2825
3082 2246
3169 460
2522 1688
1734 2382
3429 3038
980 1552
2279 338
1244 3821
509 905
2571 3543
1870 2216
2536 243
1270 3714
2721 1359
1817 2284
3124 3429
1063 2818
2389 1056
409 1543
847 1969
1206 2561
2333 2599
2103 2302
2507 569
1201 1796
124 1614
3718 2545
813 1605
1274 3430
2827 816
3174 3441
1576 1713
116 1184
1025 3537
269 3892
2007 640
1316 3882
395 2157
217 1180
1865 2801
2575 293
2092 2233
1205 3861
1328 46
1907 2860
17 3690
3060 3171
3162 585
3829 927
1249 1150
2993 2675
350 1444
3445 3793
3443 3781
213 1386
707 495
1033 1341
1617 1961
3221 3421
1145 3417
818 2364
2348 3451
1921 1785
1812 988
657 3210
3063 3420
3541 13
3733 2419
1952 2219
2092 1166
268 2312
121 2743
2195 12
386 692
1211 2539
3190 571
2637 44
2824 276
676 2638
2627 3294
2445 74
1015 320
941 3811
3440 1454
140 3663
1866 1563
96 1633
208 3271
1487 3562
2861 1073
737 1002
2150 3151
3071 516
1545 1942
343 2357
3460 1943
3745 3116
2337 1880
805 708
3266 1047
734 870
1113 1829
3161 2698
201 1809
1070 3901
3477 797
2301 2958
96 2269
3006 2834
1898 2957
2422 2282
26 1845
1574 1602
3361 3153
1419 3477
130 649
1890 327
432 1900
2348 2752
1046 330
479 428
2602 44
3819 1424
2733 436
1807 219
157 2096
376 1932
3214 862
2071 3588
548 3727
2711 3413
3071 3801
840 3494
1969 3361
2079 2965
2443 2950
3880 3243
2933 141
2158 1635
2819 3368
3404 1332
3821 458
1460 2514
260 2827
1272 3225
1890 2086
738 2024
3036 1584
3451 2360
783 2377
2234 1014
1172 2142
3152 3626
2557 3270
3632 2423
3036 1273
693 2356
2804 3209
3547 3801
3593 91
2312 1989
3556 2447
27 3219
3105 2875
2446 3483
3369 3231
386 3418
2472 3871
1359 748
758 242
3742 1845
177 1752
1077 2108
1106 1858
3295 3171
292 2952
3446 1257
84 2770
1682 2294
141 647
891 2989
1057 2454
3181 2298
2445 1879
3270 2953
2036 313
1122 635
1586 2167
1656 57
3811 2126
290 3259
2872 1657
1670 1653
2134 3586
1739 1530
2374 2785
2752 2717
2068 3438
592 1356
2702 2763
2196 1551
1352 928
1703 3773
3001 2060
50 797
1235 2880
900 3275
2825 2897
3222 915
3292 3881
3780 2538
647 2328
3237 1699
2566 2389
2764 818
3407 538
1941 2048
3499 1180
2827 593
3281 2634
95 456
3669 2139
2463 2842
715 3748
999 2375
1241 1553
1811 1673
415 2358
3448 147
2715 846
3827 1511
1254 3514
289 1481
2713 3505
2353 3638
3352 480
1299 883
1455 1569
1319 1738
1922 1232
3022 2770
1398 3340
1714 162
1413 3385
2624 1949
129 876
3460 1113
1117 1813
674 705
1140 969
2781 1578
1266 3274
1501 254
1063 389
322 410
1114 2168
1382 1749
3335 3553
1091 623
2584 211
442 3101
394 47
1361 3107
2375 61
3302 645
2154 3332
1731 1845
1534 1920
3842 1860
2694 2425
2676 3586
3274 502
1523 926
801 174
2385 772
2449 1241
33 2725
3782 1035
3322 2025
3728 3501
1955 856
3388 1476
2130 1815
3221 3137
2042 650
34 2906
2491 1382
1937 689
862 685
2994 1156
386 2124
2468 3295
3321 435
3802 3893
1139 2315
199 1293
1564 2546
3732 224
3886 1260
3067 256
44 2561
2042 3154
181 2342
1536 2586
2712 559
2827 263
1024 3751
3372 2153
3523 1635
1223 1116
190 887
165 18
2418 965
727 3540
2475 3542
757 398
1890 44
2414 3381
774 1867
2551 1123
1473 1300
2416 786
434 302
312 2781
2164 1271
1110 1425
3467 1000
3388 129
3782 255
3045 2794
2999 3758
2674 528
702 2029
3428 2963
3005 3561
3247 757
1320 819
3216 3053
1832 20
1799 3431
1960 3285
735 1061
1055 142
436 1666
1082 2398
46 1006
493 2420
1552 2234
284 2084
1904 1782
1026 291
3273 2317
256 1891
3749 2850
3554 2132
2909 447
2441 104
1671 3765
605 2184
157 2021
40 1142
53 161
3206 141
1848 3324
3705 501
3388 132
131 185
2468 1810
2617 3587
1285 1156
1137 3122
2806 3795
1263 3073
1152 1033
2287 202
2439 1405
52 1370
3453 508
673 3579
3508 3534
3752 3065
2732 744
3065 2889
3132 2727
3377 2984
216 2788
859 276
2181 747
517 2859
913 994
1590 944
1924 630
3451 2312
3510 2953
115 692
3543 2384
21 1900
291 226
3067 2916
370 637
2460 2560
1062 1521
3764 881
2418 1325
3488 2770
3248 3784
1102 3559
1510 155
239 41
179 1464
1545 1262
3154 2677
546 2665
3761 2642
519 635
1823 1848
2835 3189
1655 1414
1218 2138
2538 2092
1639 2278
589 860
750 916
3191 1073
461 3190
2218 19
106 1687
3742 2791
2434 3849
2093 1917
2738 1703
2766 3016
1411 2675
2705 3089
2188 1741
3670 575
1547 67
2067 1676
451 1524
2581 1885
2952 2926
986 2341
3886 198
2296 1444
3577 3265
1817 55
1424 3459
3675 2059
1731 3639
1738 413
337 2490
1035 205
949 3555
1881 3753
2880 1049
322 3563
1515 1621
1868 3386
765 2002
2562 3189
2541 3658
252 1692
232 2091
3770 2541
141 2645
2826 420
3749 802
2681 1000
575 1502
688 3143
3390 1607
1599 864
2516 199
3065 109
2841 1886
2576 858
1788 500
764 2575
575 593
3140 1025
328 3835
305 1359
2660 1179
2852 903
3283 29
2088 2714
1048 346
892 1922
1838 2457
1365 2790
3870 2794
3663 1454
1236 2121
1880 500
3155 688
2485 1856
1667 352
2059 2941
3168 2637
89 1671
262 2019
764 3869
433 3344
3834 534
2649 3155
618 199
3648 2363
1870 2465
645 2126
490 913
2508 1122
1766 476
3605 2232
1020 2311
1962 2298
3784 911
189 3649
195 674
1316 3229
3554 2864
698 3053
1529 353
221 439
3892 2964
3382 1910
1146 3537
3543 752
1350 1675
2749 3060
3662 1440
3050 3635
1680 1902
3595 916
856 2976
2327 3206
483 2659
935 1860
757 2223
1834 1142
2727 1903
591 2873
383 1513
585 1309
3553 2760
1887 574
1234 1814
2633 2655
1484 3395
820 398
1692 3566
868 1373
2543 2747
3758 2239
2618 1864
1549 2210
329 3711
3352 929
2980 3855
2477 529
1033 1414
524 3618
2655 1019
282 1321
486 663
3450 2440
1573 3402
3634 3214
1604 771
431 283
1398 665
2697 1878
3127 1241
2847 3399
2381 3233
1874 3732
3027 2326
3879 2341
2212 3029
1066 2046
2696 1728
3504 2168
655 894
1575 3
2496 3107
2149 3658
1153 1776
815 3368
2667 725
1559 2225
3500 386
3422 1766
2910 3668
3758 395
3061 614
2980 1722
2573 1293
1856 2620
2137 1072
1560 997
1745 1703
1012 481
231 1565
1656 1787
3816 3314
3849 3695
2522 713
241 186
2776 2213
3446 1865
92 682
259 2786
534 236
1914 1035
645 951
973 3797
201 810
795 2647
2340 3882
2893 2562
1551 2645
1396 539
3299 1561
1544 777
1648 2806
444 2359
2335 1556
2835 601
2816 2960
1359 354
713 2686
56 3729
3361 247
1365 2726
2546 3694
540 1936
3830 1348
2092 1463
3131 3480
3741 608
1617 3345
3412 2041
2239 2177
336 113
2458 1031
3771 952
850 2757
192 2440
3728 1682
1461 1908
3195 3602
3650 2743
1059 2386
3531 3368
3054 2116
1234 1454
2600 3313
1173 2476
2732 62
634 422
2871 2610
643 1384
53 3100
1832 2683
416 3831
1296 3046
3736 3112
2606 1298
2357 3020
877 3760
1671 950
1560 2523
564 1906
3215 1909
791 1694
822 784
489 3412
2606 2820
184 1173
3205 3550
539 1984
1181 2931
2282 453
707 3461
1120 3382
1437 3651
38 613
3546 1652
1933 2468
3840 1532
3295 395
3076 396
159 934
3766 1421
316 3653
3734 2857
1046 651
2376 3592
1037 1516
217 3865
1623 452
2854 2338
865 2580
2923 269
321 3155
3190 3203
1785 594
2031 760
2450 3762
3790 2886
2268 607
2298 3825
261 1164
1201 2986
1260 1723
3205 2000
677 326
3815 3232
2076 2497
430 769
2952 2500
896 3142
2232 2804
3448 2951
3027 190
312 1683
3832 903
3656 2132
1899 3686
1533 2033
961 2656
797 816
1976 1398
3480 2995
29 2183
2664 1518
562 1114
3502 2762
676 354
1621 445
3134 1076
867 1924
3751 3862
835 2444
135 561
1637 3712
3881 1860
2643 156
866 1200
1773 2587
1603 23
1221 2966
657 1909
1601 3178
1890 31
3580 799
3279 2679
1900 3743
3833 1437
2023 3714
328 20
3141 999
1860 2639
3374 2150
1874 1032
3050 547
1870 745
2901 3173
111 1003
1426 580
2578 2886
1265 3715
3707 3333
3035 2563
816 3545
3117 930
1733 2419
3498 3338
3502 1493
3321 1740
1833 1621
3881 3113
835 3257
1031 1474
1422 2078
923 1860
670 1996
2590 2506
638 1579
1761 425
1134 4
3228 3155
2231 3074
138 2605
3707 662
503 339
3107 1871
3085 225
3468 1810
40 3686
1216 3718
2569 779
932 3800
95 420
352 1646
3437 242
1478 3735
1013 1024
802 1330
679 3057
2361 436
627 2394
1800 3152
2526 3483
3406 682
3583 806
1869 116
1198 3654
1854 2696
1720 760
498 1775
2490 3177
3509 1468
2246 1315
1988 852
2754 2397
3084 1093
1713 3839
3844 315
2078 3851
2104 192
903 1506
1690 3646
1402 1421
3714 1734
394 1374
59 3845
2395 3407
1100 912
1514 603
3810 3477
2495 2098
1758 3122
3028 737
1282 341
94 461
1638 1207
1846 897
3826 3662
2865 14
234 1046
1405 3714
1994 3786
3527 702
1489 1581
586 3606
2237 1903
417 562
1042 2161
1319 1288
2605 1359
2481 1952
373 3833
3453 1828
3205 2492
1181 1405
2279 1254
2557 2827
1705 3714
3619 198
1435 1897
3875 1520
3836 1522
3236 3031
315 301
3009 3378
1449 2815
1806 1303
3155 1574
3018 2805
3300 1986
2057 3284
1841 3257
3476 1486
2261 1704
2402 2544
3536 2592
3291 1484
2827 2458
1611 1546
1753 3531
2550 3475
3833 3107
2517 1311
235 886
1618 588
1175 1196
2776 2015
1381 3139
421 1886
3652 2881
1461 811
1357 713
908 2698
2654 3887
2896 534
1760 1717
3119 1204
710 2896
35 1229
1092 3577
2017 737
1659 1647
366 1087
346 3661
3086 1331
107 564
399 1657
454 1678
3486 2204
2941 1642
38 2659
2171 753
2043 1713
2462 2538
3664 1554
646 88
3464 2804
2224 3068
561 1297
3443 2815
816 1033
2644 192
3817 2723
3823 497
1264 1799
217 1499
2089 715
2948 1110
3037 625
2049 1663
568 564
352 3208
3292 306
3405 3271
3700 923
3069 3554
2790 1964
1468 3283
1917 3201
1231 3887
1 1531
1800 391
2178 308
494 623
233 2040
2845 197
144 1482
646 488
1784 79
1234 3632
2518 2595
543 878
1379 639
2504 3449
1332 1629
977 2599
1165 1465
2693 491
3122 3261
294 940
1125 3672
388 3162
2089 783
2480 3445
2591 3357
3487 3550
2480 2622
1143 2721
3780 363
3306 3100
1345 367
3858 148
2977 631
1033 1042
1540 1471
1941 504
1764 533
2930 3638
588 2230
3667 850
1987 3271
1012 3053
3795 2238
3717 990
2424 1379
2863 1168
1127 1374
2471 3260
533 261
3515 2585
859 1387
2339 3070
1729 2658
1119 915
1193 3754
99 2884
3463 2811
1750 932
588 1122
1384 2306
3510 3146
2712 745
3726 798
3579 2735
2919 265
2056 3706
67 1075
1927 154
1991 3860
2061 2898
475 2207
666 262
3657 1173
1724 1478
1296 2798
2203 1098
1247 1104
1537 1766
2248 362
3585 3417
2685 2872
1217 3122
41 1403
872 3624
2213 580
3124 1439
3854 970
3255 2853
3151 3750
1716 1187
1095 1233
1958 2065
3496 1068
2250 1461
491 2253
2160 1882
2583 1319
1768 3172
3861 1916
39 816
925 3497
707 2728
1009 1585
2629 1755
2304 1165
564 988
1668 1984
1209 944
2286 313
2616 1071
2972 3823
632 2531
837 3272
2040 570
1327 1459
3610 644
276 647
2119 870
2073 3351
280 517
1569 2672
799 2974
2185 2999
3596 1595
3863 2899
787 3589
2494 693
1328 2825
82 2464
3439 1923
543 712
3466 1406
1717 126
1046 531
1380 718
526 3342
3570 246
2643 426
2499 1679
411 329
1883 217
212 1959
1860 3497
352 3187
1720 3013
2391 2674
3428 2338
3423 713
503 1255
1629 523
890 3844
2432 3063
885 3596
637 1096
693 1865
2276 2680
3388 1296
3143 3198
3890 3714
3347 2592
12 2651
1981 2830
969 779
100 374
2637 173
2176 1606
1762 1482
2213 2678
871 855
3043 1258
2944 3574
1233 3117
44 3065
464 976
2661 183
1678 60
2629 3513
1726 157
3663 25
1795 392
1222 477
2223 2342
1435 3641
3083 2790
3457 2376
3501 2200
3549 911
2162 3806
1905 3892
686 1455
2451 1769
2853 266
2281 3235
395 780
696 3707
1227 1250
369 1864
3215 47
893 702
2440 579
2639 1360
1231 2209
1353 1638
1073 43
2620 2470
266 1835
894 2913
2263 1472
3881 3478
346 2171
1441 3101
3152 2345
1317 929
1997 3031
2284 589
1903 926
2985 678
1214 3506
1481 2425
3430 2522
2447 3414
1834 1608
2555 628
1641 1798
909 715
1014 1109
2790 169
996 3706
2922 3617
1868 2298
3412 2898
3224 724
907 1385
770 3268
574 2100
134 33
1842 2393
3249 3371
634 415
653 3123
1649 1895
3062 3324
1418 946
987 681
2834 874
139 1847
1877 3182
395 141
757 845
3491 3833
37 3493
2827 1117
321 1818
3720 3077
2688 1429
2001 1826
1238 1484
1085 2285
10 420
3406 3109
827 1072
3295 633
3771 3258
408 3272
1514 100
307 2113
1978 426
3892 3090
3088 1100
2135 1614
2727 213
3218 1239
395 1076
1352 2467
3587 496
1802 2475
2614 200
1801 2140
1600 802
2062 3116
763 2662
1936 2710
3324 558
964 2571
2890 1512
3750 2475
493 748
2219 3827
3002 3115
2431 3074
3155 386
2032 2877
3469 1783
2662 2730
1132 1253
3190 1005
1734 729
1503 1572
1054 1136
182 3503
2832 765
3014 2609
1761 2383
2953 1036
14 2827
3880 995
3120 2739
1340 1373
107 902
2799 3193
3252 1046
1136 2881
1251 2285
2374 850
2425 1935
2111 3503
1135 1067
2129 2178
3884 818
1498 1524
3206 3049
3433 2992
3080 331
201 977
515 2858
3185 1149
347 2702
3364 1284
161 1901
3067 2805

JC 1599
Query 85
Query 973
JC 1733
Query 1827
JC 3352
JC 2120
JC 1145
JC 998
JC 479
Query 3281
Query 2559
Query 1308
Query 2007
Query 625
JC 3198
Query 3145
Query 709
Query 2537
Query 3161
Query 1178
Query 2558
JC 3115
JC 400
Query 3340
Query 3100
JC 3161
JC 3524
JC 862
JC 1788
Query 806
Query 2673
JC 1550
Query 3625
JC 518
JC 1463
JC 3528
JC 2450
Query 744
JC 3420
Query 134
Query 3131
JC 939
Query 731
Query 2704
JC 142
Query 634
Query 892
JC 1182
JC 1414
JC 1856
JC 200
JC 1045
Query 3757
Query 516
Query 1244
JC 330
JC 3342
Query 2106
Query 2361
Query 395
JC 2588
JC 1691
JC 632
JC 2055
Query 2752
Query 461
Query 3779
Query 899
Query 269
Query 3243
JC 748
JC 1955
Query 744
Query 1061
Query 831
JC 285
Query 186
JC 1703
Query 2212
JC 322
JC 1285
Query 1319
JC 1611
JC 2404
Query 1527
Query 2858
Query 509
Query 2418
JC 1132
Query 2913
Query 1694
JC 192
JC 2381
JC 474
Query 1847
Query 2439
JC 1284
Query 1630
JC 1582
JC 1346
JC 3079
JC 3204
Query 3330
Query 620
JC 197
JC 340
JC 2574
JC 1813
Query 3716
Query 1317
JC 2881
JC 1022
JC 334
JC 93
Query 235
JC 3878
JC 2643
Query 1648
Query 3704
Query 2405
JC 3897
Query 3873
JC 1220
JC 500
JC 1185
Query 3577
JC 65
JC 2401
JC 1087
Query 2074
JC 1622
JC 2285
Query 747
JC 3383
Query 1868
Query 3533
Query 792
JC 680
JC 3680
Query 1383
JC 3291
JC 2798
JC 298
Query 1627
Query 2521
JC 1307
Query 3032
Query 1556
Query 982
Query 845
JC 1051
Query 281
JC 2458
JC 2960
JC 3794
Query 2110
JC 3026
Query 2251
Query 824
Query 1321
Query 3208
JC 3443
JC 2404
JC 1251
JC 3069
Query 2356
Query 1070
JC 2259
JC 3417
JC 2347
Query 2564
Query 3527
Query 3115
JC 1152
JC 1351
Query 417
Query 1869
JC 2841
Query 2987
JC 1891
JC 2633
Query 2853
Query 1892
Query 482
Query 806
JC 2129
Query 1824
Query 3837
Query 1311
JC 2637
JC 1544
Query 1712
JC 2632
Query 2692
Query 2382
Query 579
Query 1951
Query 2795
Query 1137
JC 2220
JC 2067
Query 1247
JC 2328
Query 3500
Query 654
Query 3415
JC 159
JC 1172
JC 807
Query 3513
JC 2748
JC 1667
Query 2097
Query 3795
JC 3563
Query 971
JC 2791
JC 1526
Query 2225
Query 3504
JC 1992
JC 472
JC 2096
Query 1532
JC 205
Query 3167
Query 3835
JC 305
JC 680
Query 3040
JC 3007
JC 700
Query 3808
Query 1338
JC 3801
Query 906
JC 1704
Query 2136
JC 2277
Query 2397
JC 1981
JC 2421
Query 959
JC 3266
Query 2476
JC 1674
JC 3210
Query 795
Query 2348
JC 1021
JC 1592
JC 1754
Query 2271
Query 2867
Query 2518
Query 1139
JC 1921
JC 1717
Query 1750
Query 2909
JC 3450
Query 949
Query 1625
Query 1196
Query 3001
JC 462
Query 1005
Query 2938
Query 861
JC 350
JC 2179
Query 1070
JC 2659
JC 363
Query 3055
Query 2102
JC 2484
JC 1453
JC 2530
JC 2042
Query 1790
JC 2786
Query 724
JC 111
JC 1900
JC 2637
Query 3316
Query 2657
Query 3647
JC 2622
JC 1636
JC 1447
JC 3148
Query 3353
Query 985
JC 141
Query 880
JC 2267
JC 3331
JC 1145
JC 3228
Query 2074
JC 610
JC 2815
Query 2538
JC 3352
JC 2096
JC 1530
Query 2135
Query 3568
JC 3080
JC 1781
JC 1092
Query 507
JC 771
JC 2558
Query 3867
Query 587
Query 115
Query 2071
Query 468
JC 2671
JC 2891
Query 3753
Query 3888
Query 2520
Query 798
JC 1458
Query 482
Query 1745
Query 1739
JC 1605
Query 1941
Query 3364
Query 2332
Query 1964
JC 2416
Query 3758
JC 1041
Query 1597
Query 3228
Query 875
Query 2197
JC 3309
JC 897
JC 1426
JC 2521
JC 1826
Query 730
Query 3387
JC 1839
JC 2085
Query 762
JC 3255
Query 2684
JC 2727
Query 3613
JC 2136
Query 1403
JC 718
JC 18
JC 900
Query 927
Query 846
Query 509
Query 13
JC 305
Query 2709
Query 3031
JC 383
Query 3774
JC 1208
Query 1082
Query 3532
Query 38
Query 2671
JC 3810
Query 2195
JC 1678
Query 2964
Query 1641
JC 776
JC 76
Query 2892
Query 3412
JC 874
Query 3464
Query 3326
JC 1370
Query 3426
JC 1560
JC 402
JC 1541
Query 3134
JC 2975
JC 1551
Query 3796
Query 3290
Query 3895
JC 1089
JC 3551
Query 1453
Query 3558
JC 498
Query 2398
JC 2754
Query 2296
Query 2054
Query 1029
JC 1262
JC 1004
JC 1968
Query 2112
Query 631
JC 2563
Query 256
Query 2684
Query 1568
Query 1004
Query 375
JC 3667
JC 2945
JC 1653
JC 2605
JC 448
Query 322
Query 3017
JC 3779
JC 476
Query 3347
JC 3359
JC 2057
JC 438
Query 739
Query 1290
Query 1678
JC 2994
Query 1613
JC 3399
JC 2244
Query 3531
Query 3106
Query 3642
Query 694
JC 415
Query 1137
Query 63
JC 3425
JC 2717
Query 738
Query 3636
Query 574
JC 3688
Query 3136
Query 2587
JC 54
Query 1370
JC 1396
Query 3256
Query 721
Query 2833
JC 188
Query 224
Query 2090
Query 2044
JC 2622
JC 2501
Query 2587
JC 1129
JC 1259
JC 1669
Query 2611
Query 3775
JC 3201
Query 619
Query 763
JC 1104
JC 904
JC 3227
Query 799
Query 3378
JC 633
Query 754
JC 99
JC 1548
JC 2508
JC 2910
JC 1171
Query 2304
Query 3801
Query 2919
Query 3843
JC 532
Query 3072
Query 1647
JC 945
Query 3540
Query 2751
JC 3436
Query 1331
Query 1711
Query 331
Query 1559
Query 2314
Query 701
JC 1834
Query 1089
JC 407
Query 3437
JC 1305
Query 2290
JC 3384
JC 3758
JC 958
JC 2477
Query 3471
JC 966
Query 1751
JC 3837
JC 3289
JC 2818
JC 1808
JC 3551
JC 2061
Query 1033
Query 2423
JC 131
JC 275
Query 3311
JC 894
Query 3039
Query 3810
Query 2805
JC 2698
Query 1858
JC 1714
Query 2890
JC 3579
Query 500
Query 21
JC 177
JC 949
JC 3107
JC 2577
JC 264
Query 3640
JC 2665
Query 1559
JC 1978
JC 3138
JC 1792
JC 2769
JC 3084
Query 3013
Query 3882
Query 3131
JC 183
JC 2490
Query 3746
JC 2836
JC 2579
Query 1858
JC 1988
JC 1671
Query 879
Query 2764
JC 1843
Query 2295
Query 2704
Query 2435
Query 332
JC 2401
JC 3225
Query 1556
Query 1521
Query 3276
JC 3572
Query 2329
JC 431
Query 3268
Query 1305
Query 1887
JC 1545
Query 2772
JC 3800
Query 2410
Query 1926
Query 254
Query 399
Query 3807
Query 2100
Query 479
JC 2779
JC 1530
JC 2301
JC 891
Query 251
JC 1273
JC 2748
Query 430
Query 1332
JC 3405
JC 3335
Query 3598
JC 1071
JC 3268
JC 3303
JC 2863
JC 2128
Query 1437
JC 372
Query 3211
JC 2192
JC 2644
Query 924
Query 1367
Query 1615
JC 530
JC 1377
Query 57
Query 3227
JC 3428
JC 2318
JC 1796
Query 660
Query 771
Query 725
JC 1808
Query 3881
Query 2931
Query 3823
JC 3199
JC 1376
Query 2543
Query 144
Query 3678
Query 3676
Query 3835
Query 3723
JC 479
JC 446
Query 626
Query 2643
JC 867
JC 120
Query 2149
JC 1817
Query 3542
JC 1946
Query 1422
Query 3172
JC 3381
JC 1454
Query 3017
JC 792
Query 3229
Query 3019
Query 781
JC 962
JC 1708
JC 2324
Query 3585
JC 3863
JC 2859
JC 1022
JC 1167
JC 3432
Query 2882
Query 231
JC 935
Query 1553
JC 1880
Query 3598
JC 39
Query 2374
Query 1076
JC 3052
Query 1937
JC 976
Query 857
Query 263
JC 2205
JC 2360
Query 2153
JC 3530
Query 1471
Query 1556
JC 285
JC 1615
Query 2191
Query 1234
Query 2538
Query 3443
JC 143
JC 185
JC 2177
JC 1703
Query 3261
Query 3289
JC 3652
JC 2805
JC 3063
Query 2536
JC 3802
Query 1815
JC 1348
JC 3838
Query 3819
JC 1624
Query 1427
JC 2193
JC 38
Query 3503
JC 2387
Query 1866
JC 2100
Query 2031
JC 1361
JC 2332
JC 285
Query 1135
JC 2726
Query 2305
Query 3169
JC 2485
JC 1699
JC 2007
Query 1763
JC 1189
JC 1364
Query 432
JC 2005
Query 3686
Query 769
Query 3016
Query 2936
Query 946
Query 3775
JC 1611
JC 1963
JC 3887
JC 2925
Query 1540
JC 328
Query 1734
JC 505
Query 1126
JC 3712
JC 3205
Query 766
Query 3713
Query 3027
JC 1929
Query 781
Query 1424
JC 3076
Query 2927
Query 1254
Query 1278
Query 1025
JC 370
Query 3671
JC 3191
JC 2471
JC 2147
JC 3614
Query 845
Query 241
Query 316
Query 149
Query 2616
Query 3685
JC 3533
Query 3043
Query 899
JC 2385
JC 456
Query 1711
JC 1228
JC 3306
Query 3866
JC 3586
Query 3817
JC 3849
Query 259
JC 829
JC 175
Query 968
JC 1894
JC 2815
Query 288
Query 2884
JC 2239
Query 3890
Query 2005
Query 3829
JC 2326
Query 1507
JC 299
JC 1010
Query 2148
JC 254
Query 1088
JC 2470
Query 2731
Query 1135
JC 1787
JC 2600
Query 3087
Query 247
JC 1949
Query 1492
JC 308
JC 90
Query 2551
JC 967
Query 1792
Query 3442
Query 2210
JC 1572
Query 288
JC 310
JC 350
JC 466
Query 3673
JC 2188
JC 1695
Query 1188
Query 851
JC 3212
JC 1297
JC 3731
Query 1893
JC 1247
JC 43
JC 1691
JC 3331
Query 2993
JC 3448
JC 3172
Query 3660
JC 904
Query 3577
JC 1771
JC 2604
JC 3564
JC 1447
Query 2345
JC 1214
JC 3143
Query 2426
Query 1186
Query 1034
Query 315
JC 2032
Query 3292
Query 2975
Query 2271
Query 3310
Query 1794
JC 1850
JC 3763
Query 1886
JC 3027
JC 1312
JC 2281
JC 2558
Query 3502
JC 3818
JC 3497
JC 3309
JC 668
JC 766
Query 643
Query 2823
Query 3351
Query 3737
Query 3840
JC 2449
JC 3111
JC 3098
JC 2078
JC 2822
JC 2589
JC 2527
Query 1495
JC 233
JC 3684
Query 1522
Query 304
Query 1648
JC 1509
JC 3202
Query 115
Query 917
JC 157
JC 1015
JC 3014
Query 3721
JC 1504
Query 2761
Query 1740
Query 1425
JC 1124
Query 2635
Query 3483
Query 2611
Query 2533
JC 1534
Query 2409
Query 746
Query 2202
JC 744
Query 518
JC 3493
JC 2303
Query 786
Query 1230
Query 2100
Query 2743
JC 1938
Query 526
Query 909
JC 2510
Query 2145
Query 1141
JC 3780
Query 991
Query 2155
JC 2561
Query 1403
Query 1944
JC 2738
Query 3327
Query 1866
Query 149
JC 2987
JC 1304
Query 423
JC 930
JC 3376
Query 567
Query 3400
JC 11
JC 3673
JC 2994
Query 2009
JC 3008
JC 839
JC 293
JC 2396
Query 3638
JC 1636
Query 3244
JC 1365
JC 2020
Query 1509
JC 377
Query 3303
Query 212
Query 202
Query 3022
JC 3893
Query 3600
Query 2286
JC 3805
Query 809
JC 3535
JC 3062
JC 1932
Query 3444
Query 428
Query 3208
Query 1994
JC 3215
Query 992
JC 3848
Query 2689
Query 589
JC 1021
JC 1579
Query 2433
JC 1823
JC 1693
Query 1177
JC 692
JC 3717
JC 3068
JC 860
Query 2274
Query 2515
Query 3037
JC 2880
JC 2765
JC 487
Query 1281
Query 2101
JC 66
Query 2332
JC 26
JC 2444
JC 1968
Query 895
JC 2733
JC 656
JC 2295
JC 856
JC 3318
Query 3077
Query 1873
JC 802
JC 81
JC 2568
JC 1963
JC 3313
JC 2170
Query 928
JC 566
JC 3054
Query 1703
Query 3632
JC 1509
JC 3184
Query 3809
Query 406
Query 2836
Query 2549
Query 2061
Query 1180
Query 841
Query 719
JC 3442
Query 3725
Query 3157
Query 1187
JC 1282
Query 611
JC 2805
JC 2245
JC 2568
JC 761
JC 1845
JC 581
JC 3104
Query 960
JC 432
Query 2375
Query 3317
Query 619
Query 1780
JC 2620
Query 3820
Query 2130
JC 1774
JC 2678
JC 112
JC 2
JC 2607
JC 17
JC 2648
Query 2488
JC 1486
JC 3391
JC 2871
JC 2740
JC 1341
Query 3329
Query 2403
JC 559
Query 3343
JC 70
Query 1097
JC 2451
Query 2901
JC 3279
JC 1525
JC 986
Query 2301
Query 545
JC 1816
JC 2683
Query 1395
JC 1124
JC 2301
Query 3603
Query 1720
JC 786
JC 2802
JC 1301
JC 3591
JC 1190
Query 2195
JC 542
JC 1701
JC 3041
Query 3832
JC 3492
JC 126
JC 3015
Query 1004
Query 1022
Query 2735
Query 178
Query 3825
Query 1695
JC 2920
JC 3497
Query 3629
Query 57
JC 215
JC 2363
JC 1311
JC 1655
JC 1862
Query 1731
Query 2211
JC 2369
Query 2141
JC 147
Query 45
JC 722
Query 59
JC 1952
Query 2185
Query 675
Query 1178
Query 2340
JC 259
Query 1154
JC 3552
JC 1643
Query 355
Query 2388
Query 2392
Query 3098
Query 617
Query 2374
Query 3087
JC 2980
Query 790
JC 1753
JC 3765
Query 3349
Query 50
Query 2994
JC 106
Query 2735
JC 3514
Query 2314
JC 3217
Query 1302
JC 641
JC 2788
JC 1428
Query 1120
Query 1021
JC 3659
JC 3118
Query 2308
JC 663
JC 3417
JC 3164
JC 1641
Query 1325
JC 3288
JC 211
Query 801
Query 372
JC 2811
JC 2952
JC 2090
JC 2407
Query 3267
JC 100
JC 1948
JC 3543
Query 3424
Query 3834
JC 235
JC 3709
JC 3765
Query 203
JC 385
Query 1285
Query 75
Query 1647
JC 3345
Query 2346
JC 215
JC 647
Query 655
JC 1980
JC 792
Query 3492
JC 1933
JC 1895
JC 2710
Query 2296
Query 1588
Query 478
JC 403
JC 1585
JC 717
JC 852
Query 3383
JC 2752
Query 313
JC 841
Query 950
Query 3287
JC 1459
JC 1696
Query 1794
JC 281
Query 385
JC 1486
Query 506
Query 2066
Query 929
Query 3631
JC 2977
Query 2590
Query 3432
Query 3134
Query 2168
JC 836
JC 2425
Query 1231
JC 2584
JC 2233
JC 3353
JC 1796
Query 132
Query 1336
Query 1915
Query 1165
JC 1295
Query 1420
Query 1412
JC 1998
Query 1661
Query 1600
JC 2330
JC 1360
JC 2815
Query 2788
Query 2002
Query 862
JC 302
JC 1676
Query 3632
Query 359
JC 1560
JC 2157
JC 2187
Query 442
Query 2291
Query 1807
Query 2984
JC 2560
Query 1748
Query 1482
JC 2983
JC 1901
Query 2179
JC 2853
JC 1689
Query 2142
JC 521
JC 314
Query 1754
Query 2508
Query 1137
Query 3511
JC 1306
Query 3607
JC 3397
Query 57
Query 1333
JC 245
Query 1197
JC 3081
JC 704
Query 1746
Query 478
Query 1933
Query 3028
Query 836
Query 1655
Query 886
JC 1756
Query 83
JC 3400
Query 713
JC 1945
Query 3232
JC 203
JC 973
JC 1566
JC 1014
JC 2773
JC 150
Query 2012
Query 2329
JC 801
JC 3561
JC 2977
Query 1189
Query 1832
JC 414
JC 576
Query 1000
Query 3706
JC 1370
JC 2004
JC 1813
JC 3445
Query 3724
Query 3105
JC 2613
Query 1539
JC 3189
JC 3682
Query 1494
JC 871
Query 74
Query 3091
JC 1108
JC 1148
JC 3565
Query 3565
Query 796
JC 1988
JC 3740
JC 884
JC 2665
JC 1163
JC 188
JC 3593
JC 3628
Query 1560
JC 1962
JC 455
JC 1754
JC 2450
JC 3178
JC 435
JC 3853
JC 2469
Query 2360
Query 3592
JC 3525
JC 14
JC 3556
JC 3091
JC 733
JC 1934
Query 664
Query 2764
Query 191
Query 3668
Query 827
Query 2726
Query 1649
JC 582
Query 746
Query 1516
Query 1267
JC 3796
Query 1144
JC 2804
JC 3221
Query 1577
Query 2728
JC 734
JC 106
Query 394
Query 3017
Query 1435
Query 3705
JC 1871
Query 3582
JC 2310
JC 605
Query 367
Query 286
Query 3624
JC 2753
JC 1893
JC 2748
JC 721
JC 38
JC 649
JC 2783
Query 2177
JC 1307
JC 2388
JC 25
Query 3835
Query 1355
Query 1014
Query 3769
JC 559
JC 3040
JC 3433
Query 3261
Query 2097
JC 748
Query 1373
JC 1590
Query 980
JC 284
JC 2304
JC 1222
Query 1244
Query 896
Query 306
JC 1225
JC 923
Query 828
Query 2806
JC 1784
Query 1886
JC 1843
Query 2106
Query 3021
Query 1916
JC 947
JC 2244
JC 252
Query 799
JC 2186
JC 1204
JC 1559
Query 2996
Query 1332
JC 2635
JC 3840
Query 2852
Query 793
JC 3110
Query 1434
JC 2594
Query 3815
JC 626
JC 971
Query 2209
JC 1338
Query 471
JC 3231
JC 1979
JC 3248
Query 3020
JC 3835
Query 286
JC 2841
JC 881
Query 2564
Query 2573
Query 3326
JC 745
JC 2571
JC 2666
Query 2523
Query 13
JC 3592
JC 1720
JC 3518
Query 1062
JC 3476
JC 1374
JC 1023
JC 3447
Query 212
Query 2882
Query 3583
JC 2898
JC 164
Query 1110
Query 1456
JC 2315
JC 970
Query 1575
Query 1476
Query 510
JC 1693
JC 1085
Query 2941
JC 814
Query 549
Query 1307
Query 3394
Query 2880
JC 457
JC 2776
JC 2207
Query 1473
Query 10
Query 1324
Query 187
Query 199
JC 809
JC 3018
JC 992
JC 201
Query 2592
Query 3536
Query 2324
JC 2490
Query 2021
JC 297
JC 1210
Query 390
Query 53
JC 3796
Query 1758
Query 1369
Query 3046
JC 3197
JC 1968
Query 1903
JC 889
JC 3667
Query 1820
Query 1824
JC 303
Query 3137
Query 3854
Query 198
Query 198
Query 256
Query 2130
JC 3558
JC 693
Query 1023
JC 2897
Query 3777
Query 2389
Query 137
JC 1906
Query 1249
Query 372
JC 522
Query 192
Query 3331
JC 1108
Query 3753
Query 2132
Query 1763
Query 2508
Query 112
Query 1404
Query 2060
Query 3454
Query 475
JC 977
JC 1647
Query 1819
JC 2446
Query 1834
JC 2349
Query 105
Query 1123
JC 481
JC 3818
Query 2843
Query 170
Query 1255
JC 2877
JC 2225
Query 1024
JC 1439
Query 465
Query 2928
JC 1284
JC 2406
JC 1907
Query 1491
Query 90
Query 1768
JC 1144
Query 1057
Query 3898
Query 84
Query 2897
JC 3038
Query 3391
Query 3575
Query 844
JC 3870
Query 2252
JC 2210
Query 1432
JC 2103
JC 159
JC 1706
JC 1873
JC 2263
JC 2814
Query 1381
JC 3296
Query 2531
JC 343
JC 3151
Query 1699
Query 3688
Query 291
JC 1592
JC 1249
JC 1937
Query 2013
JC 1902
JC 316
JC 1021
JC 1039
Query 555
Query 1545
JC 3845
Query 1271
Query 2514
Query 3875
Query 3663
Query 314
JC 977
JC 2944
Query 1401
JC 960
Query 594
JC 161
Query 1317
Query 878
Query 310
JC 2179
Query 1140
Query 2493
Query 2064
Query 2854
JC 2998
JC 1872
Query 1526
Query 3828
Query 1584
Query 3295
Query 242
Query 2170
JC 128
Query 1170
JC 3658
JC 2118
Query 2966
JC 3802
Query 551
JC 1215
Query 2653
Query 354
JC 788
JC 837
JC 603
JC 2614
Query 2964
Query 3640
Query 700
Query 758
JC 848
Query 35
JC 1457
Query 641
JC 3393
JC 630
Query 3744
JC 1160
Query 3861
Query 2871
JC 1030
JC 2765
Query 2796
JC 2230
Query 780
Query 2819
Query 3899
JC 2234
Query 1855
JC 1810
JC 2284
Query 984
JC 3639
Query 625
Query 1499
Query 736
JC 1419
Query 2996
JC 731
Query 1156
JC 1661
Query 178
Query 1169
JC 1963
Query 2955
Query 684
Query 291
Query 3262
JC 3646
Query 286
JC 3646
Query 1241
Query 382
Query 264
JC 2431
JC 3716
JC 167
JC 382
JC 3589
JC 464
Query 2794
Query 1371
JC 994
JC 1536
Query 1429
JC 1242
JC 3217
Query 3632
JC 913
JC 977
Query 1501
JC 360
Query 2364
Query 2387
JC 1656
JC 411
Query 2583
Query 1748
Query 3374
JC 730
Query 820
Query 2155
Query 40
JC 1694
JC 313
Query 2778
Query 2968
JC 1483
JC 2060
Query 208
JC 555
JC 131
Query 1325
JC 2157
Query 1405
JC 689
Query 542
Query 3261
Query 2062
Query 2605
JC 672
JC 485
JC 341
Query 2348
JC 1897
JC 2249
Query 3258
JC 1945
JC 1831
JC 2908
JC 2717
Query 1840
Query 814
Query 795
Query 144
Query 2359
Query 944
Query 184
JC 3761
Query 2795
Query 1099
JC 3277
Query 905
JC 3479
JC 892
JC 479
JC 1426
Query 2300
Query 2893
Query 2908
JC 42
JC 3666
Query 3482
JC 2236
Query 2215
JC 3545
JC 1449
JC 3770
JC 3785
JC 2470
Query 3706
Query 1146
JC 1939
JC 1220
JC 13
Query 1088
JC 1308
Query 398
Query 3595
JC 2809
Query 201
JC 3389
JC 2039
Query 3729
Query 2530
JC 580
Query 1667
JC 35
JC 1763
Query 2222
JC 3650
JC 3423
Query 739
Query 3477
Query 3449
JC 3665
Query 54
Query 3111
Query 1861
JC 1958
JC 83
Query 2174
JC 2037
Query 286
Query 151
JC 3493
JC 3688
JC 3705
JC 1775
Query 1670
Query 1586
Query 970
Query 1845
Query 931
JC 435
JC 2779
Query 3144
JC 1410
Query 2290
JC 3754
Query 297
JC 3222
Query 440
Query 2514
JC 3637
JC 3205
JC 1599
Query 1416
Query 3647
JC 2371
Query 288
Query 1487
JC 50
Query 2253
Query 3328
JC 2858
JC 3629
JC 2881
JC 3285
JC 3412
JC 3847
Query 1554
Query 2672
JC 898
Query 3895
Query 2712
Query 3773
JC 3125
Query 529
JC 2382
Query 328
JC 1179
Query 3778
JC 2591
Query 1826
Query 3696
JC 3739
Query 3187
Query 3646
JC 481
Query 1273
Query 3373
Query 61
JC 3441
Query 712
JC 3605
Query 3422
JC 3848
Query 1195
Query 3025
Query 3211
JC 3897
JC 2860
Query 2880
Query 1288
JC 2251
Query 2932
JC 454
JC 455
JC 3737
Query 3093
JC 411
JC 2644
Query 3729
Query 1129
Query 3302
Query 1997
JC 1535
Query 1575
JC 1065
Query 1095
JC 261
JC 3878
JC 2100
JC 539
JC 3399
JC 3598
Query 3118
Query 3532
Query 1670
Query 2814
Query 3831
JC 3704
Query 582
Query 3034
Query 3337
JC 1417
JC 1432
JC 2865
JC 164
Query 1216
JC 3060
Query 2319
JC 607
JC 3677
Query 558
Query 1637
JC 1061
Query 1042
Query 1997
JC 47
JC 1280
JC 1456
Query 1379
JC 900
Query 1369
Query 359
Query 3098
Query 1201
JC 2863
JC 445
Query 3838
Query 3284
Query 921
JC 2749
Query 3377
JC 2361
JC 2017
Query 1956
JC 3063
Query 77
JC 120
JC 668
Query 2407
Query 1101
Query 2177
JC 3578
Query 3476
JC 657
Query 1233
JC 2353
JC 2009
Query 2540
JC 1340
JC 115
Query 2806
JC 2978
Query 2195
Query 180
JC 867
Query 1406
Query 1718
JC 3293
JC 1981
JC 3304
JC 3432
JC 3768
JC 1863
JC 3116
Query 584
Query 740
JC 2603
Query 3855
Query 2141
Query 2639
Query 1901
Query 2799
Query 862
JC 1421
Query 1394
Query 2654
JC 720
JC 1717
Query 2660
Query 1823
JC 1296
Query 3308
JC 3020
Query 1994
Query 2274
JC 2558
JC 2356
JC 1842
JC 3728
Query 1943
Query 2234
Query 2818
JC 1517
JC 3867
JC 3690
Query 3442
JC 2499
Query 2266
Query 2601
Query 10
Query 3537
Query 2190
Query 1896
JC 3037
JC 712
JC 3539
JC 2149
JC 1203
JC 545
Query 65
JC 1060
Query 2726
Query 3558
Query 3673
Query 294
JC 2138
JC 2136
JC 3115
Query 2960
Query 3186
Query 2782
JC 271
JC 3646
Query 1544
Query 3301
JC 1091
JC 2558
JC 3268
Query 25
Query 3500
JC 3574
JC 1486
JC 2153
Query 3848
JC 3161
JC 929
Query 2464
JC 3418
JC 3205
JC 2373
Query 1993
JC 3427
Query 2986
Query 1824
Query 2992
Query 3035
Query 2609
JC 2729
JC 3032
Query 1259
Query 2309
JC 3687
Query 3167
Query 494
JC 1810
JC 936
Query 2912
JC 2015
Query 3562
JC 1005
JC 2434
Query 3660
JC 572
Query 2866
JC 2260
Query 2379
JC 2628
JC 3620
JC 3614
Query 1771
JC 966
JC 1944
JC 2232
JC 952
JC 1095
JC 2181
Query 3287
JC 3707
Query 1852
JC 545
JC 929
Query 1048
Query 3654
Query 3850
JC 579
JC 1733
JC 3295
Query 3099
JC 2913
JC 2166
Query 1109
Query 3255
JC 1206
Query 1081
Query 3751
JC 1949
JC 35
Query 2342
JC 2346
Query 3118
JC 3647
Query 1987
JC 1909
Query 2996
Query 972
JC 3395
Query 2848
Query 2100
Query 2948
Query 1268
JC 2054
Query 1810
JC 720
JC 558
Query 414
JC 2804
JC 2883
Query 1003
JC 995
Query 3689
JC 919
Query 1759
JC 2327
Query 50
Query 1300
Query 278
JC 2374
JC 1614
Query 1005
JC 2121
Query 3011
JC 973
Query 2898
JC 297
Query 1854
JC 362
JC 1172
JC 1118
Query 16
JC 3415
Query 210
Query 1293
JC 795
JC 3301
JC 1568
Query 2187
JC 277
JC 1308
Query 3417
JC 2987
JC 1705
JC 674
JC 2125
Query 914
JC 962
JC 3320
Query 1594
Query 696
JC 663
Query 440
JC 1861
Query 3511
Query 3766
JC 1623
JC 446
JC 1422
JC 3314
Query 3672
Query 1739
Query 2864
JC 3840
JC 3351
Query 1073
Query 1002
JC 293
JC 619
Query 1515
Query 1727
Query 3557
JC 2531
Query 160
Query 3008
Query 312
JC 2450
Query 3527
JC 1924
Query 2914
Query 1235
JC 1698
Query 550
Query 1558
JC 904
Query 2274
Query 3016
JC 2951
Query 2802
Query 1132
JC 413
Query 1972
JC 2617
Query 1706
JC 77
JC 3350
Query 365
Query 2585
Query 137
JC 2435
JC 1395
Query 2723
Query 276
Query 523
JC 3227
JC 3113
Query 216
Query 3775
Query 2094
JC 1121
JC 2482
JC 1988
JC 2363
JC 695
Query 743
Query 2375
JC 3569
Query 1821
Query 502
Query 188
Query 2194
JC 2070
Query 1487
JC 28
Query 3102
JC 1200
Query 819
JC 369
Query 1153
Query 2229
Query 2622
Query 1785
Query 2246
JC 2534
Query 1606
JC 2547
JC 3055
JC 2554
Query 2947
JC 3412
JC 870
Query 2300
Query 2770
JC 1093
Query 3783
Query 714
Query 3731
JC 2055
JC 1437
Query 1162
JC 2173
JC 946
Query 1846
JC 3817
Query 2061
Query 3263
Query 1048
JC 363
Query 1214
JC 3672
JC 1783
Query 962
JC 147
Query 2079
JC 2932
JC 682
JC 1573
Query 3649
JC 3543
JC 872
JC 2781
Query 927
Query 527
JC 3706
Query 330
JC 3066
JC 1132
JC 2697
Query 3694
Query 41
JC 699
JC 1108
Query 1193
Query 2028
JC 3845
JC 3594
JC 2707
JC 3471
JC 937
Query 2356
Query 2149
JC 3221
JC 2817
Query 978
Query 2229
Query 3877
JC 2298
Query 1439
JC 1102
Query 514
JC 3692
JC 2473
Query 1004
Query 2015
JC 3664
JC 512
Query 690
JC 1470
JC 1143
Query 998
Query 864
JC 1800
JC 1761
Query 1613
JC 3512
JC 1378
JC 1915
Query 999
Query 2237
JC 516
Query 359
JC 2504
Query 2751
Query 443
Query 2139
Query 975
Query 3566
JC 2061
JC 3444
JC 1420
JC 1946
JC 114
JC 1657
Query 1089
Query 2516
JC 3638
Query 1116
Query 1217
Query 2892
Query 991
Query 2798
JC 698
Query 3024
JC 1049
Query 2278
Query 1449
Query 449
JC 2532
Query 3712
Query 2585
Query 124
Query 3620
Query 3093
Query 565
Query 78
JC 3117
JC 2403
JC 3848
JC 203
JC 3232
Query 3501
JC 752
JC 2726
JC 1969
Query 2429
JC 1147
JC 1737
JC 3706
Query 1744
JC 1574
JC 1300
Query 3048
Query 1683
JC 3236
JC 2621
Query 802
Query 1849
Query 2008
Query 1617
Query 2453
Query 418
JC 101
Query 628
Query 57
JC 590
Query 494
JC 2467
JC 1285
Query 3218
Query 187
Query 711
Query 317
JC 207
Query 3556
JC 2757
Query 1317
JC 1190
Query 1478
Query 496
JC 3816
JC 762
JC 3436
JC 2823
Query 3616
JC 2091
Query 2276
JC 3846
JC 1922
Query 1160
JC 692
JC 1075
JC 2916
JC 1586
Query 3777
JC 1312
JC 1509
Query 2385
Query 952
JC 149
JC 3717
JC 1655
Query 1549
JC 3745
JC 3618
JC 567
JC 1573
Query 1767
Query 3351
JC 2947
JC 1034
Query 3077
JC 803
JC 3561
Query 3336
JC 1332
Query 3555
JC 1534
JC 2621
Query 3789
Query 752
Query 3650
Query 3564
JC 126
JC 3166
Query 2474
JC 2212
JC 3787
JC 2460
Query 3795
Query 375
Query 3694
JC 1064
Query 2574
Query 1243
JC 2445
Query 3476
JC 420
JC 1833
JC 3673
JC 2870
JC 1327
JC 3074
JC 2488
Query 1239
Query 2293
JC 1060
JC 2974
JC 2220
Query 3457
JC 2066
JC 3540
Query 2812
JC 3022
Query 2552
Query 1752
JC 1450
JC 2710
Query 2649
Query 1980
Query 759
Query 2258
Query 1896
JC 1076
Query 2863
Query 728
JC 2489
Query 1849
Query 3593
JC 360
JC 2612
JC 2535
JC 532
JC 107
Query 1979
Query 2760
Query 2050
Query 2454
Query 1623
JC 847
Query 3041
Query 1998
Query 3481
Query 2717
Query 2071
JC 2166
JC 2067
Query 2712
Query 2240
JC 2997
JC 2552
Query 2909
Query 2988
Query 2341
Query 2595
Query 2954
JC 2498
JC 1974
Query 3385
Query 1608
JC 2263
Query 1650
Query 379
Query 2123
Query 2347
Query 19
Query 2893
Query 1064
Query 2152
Query 2715
Query 3076
Query 2731
JC 357
JC 3000
Query 1008
JC 3264
Query 402
JC 1519
JC 132
Query 2470
JC 2154
Query 462
JC 3053
Query 812
JC 2629
JC 1253
Query 2849
JC 3546
Query 723
JC 2433
Query 372
JC 825
Query 915
JC 3057
Query 2532
Query 3047
Query 2025
Query 3848
Query 2487
JC 2162
Query 3201
JC 972
Query 209
JC 3276
JC 44
Query 3311
Query 112
Query 2062
Query 1507
Query 2107
Query 1896
Query 1746
Query 415
JC 2042
Query 1713
Query 2519
Query 2630
Query 297
JC 3378
Query 310
Query 1231
JC 1530
Query 1179
Query 1
Query 3655
Query 2934
JC 2452
JC 71
Query 3050
Query 3608
Query 3290
JC 2572
JC 815
Query 2608
Query 1478
JC 1882
Query 3816
JC 3126
JC 1405
JC 2404
Query 818
JC 1377
Query 379
JC 3388
JC 2079
Query 371
Query 105
Query 3482
Query 3160
Query 902
JC 638
JC 1326
JC 3574
Query 2231
Query 1887
JC 1737
Query 3652
Query 775
Query 2873
Query 918
Query 3788
JC 1876
Query 1777
JC 26
Query 3620
JC 2390
JC 204
JC 1085
Query 23
Query 2908
Query 2635
JC 2008
Query 3451
Query 3061
JC 2135
Query 3448
Query 2896
JC 1657
JC 1433
Query 739
Query 1388
JC 3038
JC 2241
JC 2155
Query 3162
JC 1792
JC 754
Query 1667
Query 1178
Query 2416
Query 3197
Query 2833
JC 2205
JC 1368
Query 2822
JC 598
JC 3647
JC 3837
Query 196
Query 3839
JC 2880
Query 2409
Query 3779
Query 3343
Query 818
Query 1246
JC 3186
JC 144
Query 3275
JC 2659
Query 336
Query 662
JC 1966
JC 124
Query 651
Query 243
JC 98
JC 42
Query 2944
Query 2390
Query 167
JC 135
JC 3324
JC 3843
JC 2773
JC 2036
Query 1775
Query 1002
Query 973
Query 3183
JC 357
JC 3868
Query 3669
Query 1498
JC 882
JC 664
Query 276
JC 3604
JC 1576
JC 2914
JC 3528
JC 2665
Query 3276
Query 2516
JC 3822
Query 3640
JC 3097
JC 2877
Query 213
JC 2867
Query 1332
JC 1696
Query 2206
JC 968
JC 722
JC 3806
JC 3411
Query 365
JC 1580
Query 34
Query 2203
Query 3643
JC 1766
Query 663
Query 3233
Query 3897
JC 438
Query 2477
Query 849
JC 1854
Query 3131
Query 2481
JC 3071
Query 3564
Query 1719
Query 3332
JC 3641
JC 2306
JC 1031
Query 533
Query 461
JC 1062
Query 994
JC 2059
JC 751
Query 42
Query 2849
JC 175
JC 3298
JC 1587
JC 3368
Query 2885
JC 2650
Query 945
JC 406
JC 1581
Query 3255
Query 1744
JC 2835
JC 2245
JC 537
JC 1011
JC 2475
Query 2725
Query 66
JC 3417
JC 1599
JC 2572
JC 890
JC 1484
Query 758
Query 412
Query 2558
Query 2073
JC 1324
Query 2331
JC 3743
Query 1686
Query 1908
JC 3011
Query 2410
JC 3798
Query 3199
Query 3686
Query 3817
JC 1617
JC 3540
Query 1532
Query 3444
JC 3311
Query 2594
Query 3232
Query 1759
JC 1788
Query 821
Query 3220
JC 1164
JC 609
Query 2462
JC 2790
JC 344
JC 1023
Query 2778
Query 1765
JC 14
JC 3428
Query 1220
JC 1297
JC 770
Query 2968
JC 883
JC 1653
Query 2699
Query 1717
JC 1005
JC 1292
JC 2956
JC 1876
Query 1468
JC 229
JC 2788
Query 3626
JC 1596
Query 349
JC 2469
JC 922
Query 60
JC 373
JC 837
JC 2901
Query 570
JC 79
JC 3096
Query 1482
Query 161
JC 2747
JC 1548
Query 3839
Query 450
Query 3504
Query 2401
JC 528
Query 3849
JC 1387
JC 3492
JC 2430
JC 1081
JC 2823
Query 266
Query 3727
Query 3731
Query 966
JC 2035
Query 1840
JC 762
JC 734
JC 2332
JC 3678
Query 893
JC 322
Query 315
Query 14
JC 1773
Query 3533
JC 155
JC 2646
JC 685
Query 749
Query 2858
Query 60
JC 978
Query 2360
JC 499
Query 196
Query 2463
Query 3710
JC 1109
JC 206
Query 1451
JC 1181
Query 1966
JC 1619
Query 3523
Query 961
JC 1936
JC 3624
JC 2138
JC 445
JC 2703
JC 851
Query 103
JC 3693
Query 255
JC 3733
Query 468
JC 1009
Query 2445
JC 331
Query 2058
JC 1997
JC 2966
JC 219
JC 719
Query 3806
Query 413
JC 2536
JC 44
Query 915
Query 3164
JC 3642
Query 1578
Query 3780
JC 2791
JC 523
Query 148
Query 856
Query 3580
Query 683
Query 2764
Query 2649
JC 2373
Query 162
JC 997
JC 508
JC 2847
JC 285
Query 678
Query 1189
JC 2609
JC 3306
JC 3311
JC 541
JC 2422
JC 973
Query 1377
Query 3243
JC 3061
JC 3560
Query 2369
Query 2795
Query 3221
Query 2461
Query 1457
JC 2240
JC 3632
Query 3373
JC 2868
Query 3005
JC 2663
JC 2876
Query 3524
JC 2900
Query 2392
JC 52
Query 363
Query 1261
Query 2912
JC 2751
Query 1572
JC 628
Query 2713
JC 819
JC 3237
Query 2877
Query 3607
JC 76
JC 3162
Query 1329
JC 2952
Query 3185
JC 1819
JC 1451
JC 1820
Query 2887
Query 227
JC 2591
JC 2755
Query 707
JC 3772
JC 2849
Query 2063
Query 1528
Query 2225
Query 972
JC 2538
JC 3090
JC 2089
Query 1396
JC 3364
Query 645
JC 1033
JC 1198
Query 1448
Query 3282
JC 2232
Query 3867
Query 3016
JC 674
Query 722
JC 3140
Query 443
JC 400
Query 580
Query 2842
JC 577
JC 1702
Query 3875
Query 737
Query 921
JC 98
JC 1236
JC 1058
JC 3746
Query 786
Query 1755
Query 196
JC 81
JC 1513
JC 2267
Query 3120
Query 2563
Query 1044
JC 1856
JC 1472
Query 2538
JC 3589
JC 1536
JC 3689
Query 3490
Query 1836
JC 1584
Query 3294
JC 3357
Query 3466
Query 3878
Query 2229
Query 3218
Query 432
JC 2719
Query 3419
JC 3456
Query 1262
JC 721
JC 892
JC 3673
Query 123
JC 771
JC 2799
Query 92
Query 1955
Query 2821
JC 1159
JC 2396
JC 830
Query 235
Query 2536
JC 1587
JC 2280
Query 2250
JC 552
JC 3895
JC 2525
Query 1981
JC 1494
Query 240
JC 1394
Query 2203
JC 169
JC 2964
JC 796
Query 1698
JC 2016
Query 2255
JC 2212
JC 765
Query 2869
JC 3678
Query 1719
JC 2933
Query 2340
Query 151
JC 244
Query 446
JC 2029
Query 1084
JC 3258
Query 3510
Query 1271
Query 1281
JC 306
Query 1372
Query 1386
JC 3365
Query 2830
Query 18
Query 2842
JC 3477
JC 376
JC 2900
Query 915
Query 3388
Query 1854
JC 738
JC 3535
JC 570
Query 2427
Query 3147
Query 1311
Query 626
Query 3270
JC 993
JC 3816
JC 74
JC 2164
JC 2798
Query 1208
Query 2567
Query 573
Query 2916
Query 2087
JC 2869
JC 1632
JC 1761
JC 626
Query 2518
JC 1623
Query 1647
JC 3492
Query 2962
Query 1847
JC 946
Query 188
JC 3483
Query 1478
JC 2121
Query 759
Query 125
Query 1952
Query 2692
Query 754
JC 1980
JC 3846
Query 3055
JC 1075
JC 2952
Query 67
JC 2760
Query 304
Query 2067
Query 3041
JC 3419
JC 1602
JC 1275
JC 740
Query 2773
JC 2571
Query 3612
Query 3653
Query 1147
Query 1059
JC 521
Query 3123
JC 465
Query 2457
Query 2941
Query 253
Query 2752
JC 3005
Query 3747
Query 3336
JC 3433
JC 3269
Query 2439
JC 2775
JC 1921
Query 2226
JC 1679
Query 3162
Query 170
JC 1247
Query 699
Query 869
Query 3638
JC 3133
JC 101
JC 2925
Query 3494
Query 2268
JC 3713
Query 3782
Query 1014
Query 3688
Query 1004
JC 195
JC 422
Query 3405
Query 3612
JC 3261
JC 2028
JC 1789
Query 367
Query 1915
JC 251
Query 3034
JC 467
JC 2908
Query 150
Query 2561
Query 3507
JC 1449
Query 1716
Query 3757
Query 2648
Query 2809
JC 1971
JC 1779
Query 261
Query 2438
JC 703
JC 3805
JC 1624
JC 2292
JC 2494
JC 1292
Query 3683
Query 2930
JC 173
JC 3754
Query 3872
JC 153
JC 2416
Query 1145
Query 846
Query 1589
JC 613
Query 3699
JC 1610
Query 1748
Query 2692
Query 2426
JC 2032
JC 3352
JC 1632
JC 1393
JC 2358
Query 845
JC 2953
JC 1603
Query 3170
JC 1467
JC 3020
JC 840
JC 3154
JC 2668
JC 2791
JC 2746
JC 983
Query 186
Query 90
JC 3157
Query 1226
JC 1513
JC 998
Query 3589
JC 240
Query 2509
Query 2495
JC 42
Query 1355
Query 210
JC 2634
JC 3565
JC 3332
JC 3651
Query 55
JC 2908
JC 2887
JC 2161
Query 3829
JC 2055
JC 962
JC 1587
JC 138
Query 3217
JC 2234
Query 1134
JC 200
JC 568
JC 1319
Query 3036
JC 103
Query 3500
JC 375
Query 1301
JC 1863
JC 2807
JC 2308
Query 2201
Query 2339
Query 1513
JC 2951
JC 2219
Query 2860
Query 3339
Query 1935
JC 3178
JC 3369
Query 1872
JC 2832
JC 3620
JC 718
JC 3335
Query 2556
JC 438
JC 3255
JC 1322
Query 391
JC 1145
Query 2220
Query 1110
Query 2601
JC 1630
Query 1926
JC 2975
Query 1426
Query 412
JC 65
JC 3306
Query 356
JC 124
JC 3755
Query 3463
JC 744
JC 3386
Query 1002
Query 3111
JC 3865
JC 3304
Query 2107
Query 262
Query 2676
Query 3350
Query 3665
Query 2310
Query 2297
Query 1323
Query 191
Query 17
Query 3591
Query 3281
JC 3121
Query 1470
Query 12
JC 1224
Query 1560
Query 1421
JC 1451
JC 495
JC 955
JC 73
JC 729
Query 583
JC 369
JC 1795
Query 1360
JC 2881
JC 3367
JC 1957
Query 3102
Query 2828
JC 2128
Query 2265
JC 569
Query 1427
JC 3358
JC 318
JC 488
JC 2455
Query 3232
Query 347
JC 702
Query 658
Query 2010
Query 2479
JC 546
Query 1116
Query 1433
JC 1309
JC 2435
Query 1376
JC 3418
JC 1863
JC 103
JC 402
JC 1280
Query 242
Query 1232
JC 1227
Query 3677
Query 3725
Query 957
Query 1200
JC 3070
JC 2033
Query 3158
Query 325
JC 2123
Query 539
JC 839
JC 2496
Query 1745
JC 916
Query 3077
Query 3561
Query 1025
Query 1506
Query 1052
Query 365
Query 970
JC 352
Query 3548
JC 2462
Query 1076
Query 3145
JC 2315
JC 3568
JC 3042
Query 3886
JC 635
Query 2727
Query 1178
JC 2565
JC 1326
JC 3370
JC 2231
JC 3532
JC 1509
JC 3634
Query 1580
JC 2788
Query 1156
Query 2056
Query 1551
JC 752
Query 1281
Query 3602
JC 1997
JC 2947
JC 374
JC 3040
Query 2498
Query 3889
Query 2864
JC 1328
JC 1768
JC 2860
Query 1161
JC 1662
Query 2982
Query 3261
Query 962
JC 334
Query 1335
Query 59
Query 3564
JC 69
JC 2180
JC 2390
JC 2094
JC 1150
Query 1467
JC 623
JC 1455
JC 380
Query 356
JC 1403
Query 1253
Query 3218
JC 2728
JC 130
JC 3895
JC 2474
Query 3881
JC 803
JC 147
Query 3734
Query 1248
JC 3376
Query 1434
JC 2091
Query 66
JC 662
Query 1954
Query 2969
Query 1668
JC 2079
Query 2542
JC 1058
Query 3544
Query 3141
Query 1736
JC 409
Query 3610
Query 2653
Query 1712
JC 65
JC 865
Query 2251
JC 692
JC 3896
Query 1851
Query 2377
JC 2470
Query 2956
Query 703
JC 659
Query 3547
Query 1051
Query 3886
Query 3669
JC 2757
Query 3314
Query 3239
JC 60
JC 3604
JC 3828
JC 3287
Query 1819
Query 3420
Query 3884
JC 1568
JC 1054
Query 3703
JC 3332
JC 1151
Query 780
JC 2189
Query 2420
Query 1615
JC 2225
JC 466
JC 3571
JC 3134
JC 3657
Query 222
Query 1227
Query 2017
Query 3691
Query 3003
JC 894
Query 2551
JC 3525
Query 3273
JC 856
Query 3584
JC 2052
Query 799
JC 1886
JC 1795
JC 1958
JC 3036
JC 2458
Query 3423
JC 1433
JC 3364
JC 3190
JC 3693
JC 1389
Query 3625
Query 2507
JC 3621
Query 1312
Query 1467
JC 2952
JC 2340
Query 968
JC 1916
JC 2320
JC 3196
JC 310
JC 3157
JC 2757
JC 2684
Query 1609
Query 968
Query 2103
JC 2484
Query 3392
JC 3768
Query 3513
Query 2723
JC 1784
Query 1049
JC 715
Query 3044
Query 1948
Query 620
JC 3884
Query 1718
JC 735
JC 1469
Query 1188
Query 2006
JC 454
Query 2344
Query 375
Query 1856
JC 3529
Query 2960
JC 1133
JC 1235
JC 2324
JC 3223
JC 2522
JC 1486
Query 1431
Query 3534
Query 2440
Query 3701
Query 3083
JC 2105
JC 2075
JC 2000
Query 2857
JC 2281
JC 1811
JC 1994
JC 2109
Query 2415
Query 3391
Query 3496
Query 1729
JC 2595
Query 2203
JC 3577
Query 1521
Query 2467
JC 697
Query 1739
JC 3729
JC 3775
Query 3620
Query 2040
Query 1354
Query 3549
Query 1294
Query 742
JC 801
Query 3507
JC 2905
JC 1707
JC 3849
JC 1231
JC 3551
Query 523
Query 2814
JC 1340
Query 2773
JC 3182
Query 749
Query 2567
JC 845
Query 47
Query 1699
JC 1580
Query 2362
Query 3720
Query 1928
JC 3386
Query 2843
JC 850
JC 748
JC 1361
Query 2421
Query 1256
JC 687
Query 13
Query 1000
Query 456
JC 3475
Query 1524
JC 1214
Query 1016
JC 702
JC 2097
Query 1496
Query 3824
JC 89
JC 2746
JC 2065
Query 1276
JC 3762
Query 3260
JC 341
Query 408
Query 1206
Query 3389
JC 3645
JC 874
JC 2772
Query 3716
Query 464
JC 2872
JC 3756
JC 2051
Query 2354
Query 3314
Query 2974
JC 1026
JC 2633
Query 2153
JC 1173
JC 1685
Query 3867
JC 3280
Query 1560
JC 1103
Query 1496
JC 3033
JC 3643
JC 287
Query 61
JC 3425
JC 1954
JC 1059
Query 1832
Query 3833
JC 3414
JC 1157
JC 1901
JC 3809
Query 2781
Query 133
JC 2438
Query 2480
JC 2546
Query 3810
JC 1781
Query 1135
Query 1463
JC 2186
JC 3131
Query 2936
JC 1068
JC 3318
Query 2074
Query 1580
JC 2843
Query 3861
JC 2798
Query 1098
Query 2562
JC 111
JC 2081
JC 3531
Query 3486
JC 3233
Query 2908
JC 2580
JC 1560
Query 2901
JC 3342
Query 1657
Query 2341
Query 1861
Query 3626
JC 3788
Query 182
Query 2542
Query 1549
Query 3085
Query 2528
Query 1478
JC 1618
Query 959
Query 1410
Query 1441
Query 2534
JC 1641
Query 3078
Query 1084
JC 408
Query 57
Query 1084
Query 3729
Query 461
Query 173
Query 1949
Query 272
Query 2783
JC 1234
Query 333
JC 505
Query 3095
Query 520
Query 1097
Query 633
Query 609
Query 207
Query 334
Query 2801
JC 2253
Query 3576
Query 2259
JC 1445
Query 2331
JC 3715
JC 424
JC 2925
JC 2440
JC 2128
Query 3557
JC 2543
JC 2952
Query 3638
JC 2599
Query 2764
Query 3222
Query 2726
Query 2489
JC 2270
JC 3178
Query 2137
Query 691
JC 2062
Query 2039
JC 624
Query 1929
Query 2080
Query 2705
JC 510
JC 2023
JC 752
JC 2516
JC 310
Query 2296
Query 286
JC 811
Query 746
JC 3442
JC 455
JC 735
JC 77
JC 1464
Query 31
JC 1158
JC 1714
Query 2175
JC 244
Query 128
JC 2754
Query 3156
JC 3151
Query 3836
Query 2327
JC 2902
Query 3715
Query 3411
JC 2474
JC 705
JC 771
Query 518
JC 3588
JC 1195
Query 92
Query 3714
Query 3744
JC 1361
JC 3511
Query 1102
Query 2953
JC 1341
Query 1260
JC 1796
JC 371
JC 1342
JC 2870
JC 1672
JC 3283
Query 1108
Query 1286
Query 2706
Query 2946
JC 1475
JC 2144
Query 2622
JC 556
Query 288
JC 869
Query 1814
JC 2407
JC 3405
JC 157
JC 3420
Query 423
Query 1791
Query 3593
Query 2983
Query 229
JC 1536
Query 313
JC 513
JC 242
JC 2645
Query 2836
JC 245
Query 772
Query 2993
Query 3111
JC 84
JC 917
Query 3353
Query 2480
JC 571
JC 2790
Query 818
JC 2265
JC 494
JC 3323
Query 1937
Query 3441
JC 2504
Query 3118
JC 509
Query 885
Query 405
JC 1319
Query 3491
Query 2019
Query 928
Query 3522
Query 2108
JC 916
JC 2648
JC 2982
Query 3091
Query 921
Query 1185
Query 914
Query 2526
JC 2054
Query 3302
JC 1961
Query 2285
JC 1983
JC 1566
JC 3717
Query 3852
Query 3255
Query 937
JC 1927
Query 799
JC 1460
JC 1074
JC 1956
Query 2634
JC 2246
Query 369
Query 738
Query 2334
Query 1518
Query 82
JC 2858
JC 769
Query 1144
