2000 2000
1057 657
1492 1353
541 797
1996 1597
1044 713
476 1677
1960 1392
996 1260
1882 1438
441 1602
1103 900
107 41
1674 1027
552 750
1619 1784
250 162
1921 207
586 721
592 1202
1034 1623
1357 430
342 1116
1784 1215
833 1167
523 1855
1393 183
611 1124
1864 838
1774 628
1290 327
352 238
197 969
1473 726
826 818
2 556
308 938
1379 66
306 35
1443 1850
43 903
1812 483
1644 1694
985 1093
1707 1810
1957 541
1950 156
150 1399
545 1973
681 697
1123 660
1747 1615
1151 858
118 561
397 1493
645 631
1013 1418
354 465
292 1868
1841 1341
1948 508
1045 259
1477 456
1941 1420
237 1808
1752 414
747 1066
157 1265
1653 102
885 833
717 1671
511 1704
936 1701
1019 237
336 1601
101 1348
658 3
1522 299
71 761
224 1965
1161 351
110 336
1899 1704
46 866
578 743
836 1565
1890 319
1951 1371
515 1130
1654 1190
1359 462
1245 926
1592 1021
791 1566
461 1188
1776 1224
1562 1764
888 1573
883 486
587 1869
975 580
611 388
1422 1424
605 1409
406 1639
596 1280
606 1736
804 223
1123 854
104 1506
72 607
1857 546
146 1947
217 580
741 913
1999 1956
1727 384
234 725
1312 792
1568 1094
1077 744
1605 1635
190 949
107 210
1491 1898
343 1131
68 150
523 1818
653 1440
1075 827
1793 491
377 618
1268 928
1074 1044
1388 1398
850 765
1623 44
129 1738
444 1178
209 935
692 1008
1884 147
1362 151
1664 400
1029 1264
1367 220
1763 1992
746 1207
17 864
1445 105
1250 1696
1991 1569
1554 495
1671 1978
1863 1900
984 755
1559 1076
1237 1814
1828 776
201 701
79 922
121 1697
577 1135
507 378
967 617
570 634
609 1786
1521 1565
1089 1819
1068 715
989 129
1904 402
1332 1950
679 1476
1406 297
1386 503
906 223
1255 310
195 1331
851 398
56 9
264 610
1646 1966
362 1180
1400 1483
298 1026
83 1921
374 629
1713 950
1694 1571
1788 1397
1 1272
1845 1292
1821 1129
1451 1673
1394 44
1611 110
429 1328
294 1893
996 344
1756 1793
623 1590
1225 861
1818 1330
1741 1255
116 278
50 1791
113 552
519 1448
414 385
598 674
1848 1278
275 871
602 1220
154 853
120 1113
961 1964
1941 1927
1316 425
238 172
1842 380
1806 448
1152 297
484 1322
724 143
417 492
562 1594
1480 771
154 1747
385 1638
1339 1152
65 526
399 1916
730 1799
1015 763
1370 1259
1380 1832
1558 1463
1402 899
547 1765
1341 771
832 1126
1697 315
837 882
157 346
1006 563
1087 612
1641 1855
1399 290
943 1188
1196 1663
1930 95
1052 1734
1958 292
280 1431
741 1771
849 1101
906 694
707 48
518 1757
43 609
1345 690
529 382
772 784
1843 83
346 963
713 1401
727 641
88 1536
1464 209
1042 697
1890 1253
1819 1677
1280 854
1 1736
1715 1533
1084 1519
865 424
373 905
416 1127
162 1992
143 1056
847 1167
714 1173
576 1086
332 528
1561 1726
895 1685
257 470
227 1959
1483 1324
1675 1230
1364 1405
1987 1908
1626 350
873 1705
1969 1249
1387 1751
1387 1197
747 1346
30 1607
1636 699
1754 698
173 169
1197 528
80 1461
74 102
1915 880
1564 942
1714 1545
1842 1165
1284 1048
1036 509
710 1958
1988 1815
1081 524
1232 536
305 233
1536 1358
1956 1408
857 530
914 1263
1835 1424
899 310
685 1668
749 1488
1340 1144
675 1273
1734 1273
871 1573
1199 1030
1563 370
1620 1702
980 789
368 481
1568 145
67 76
1930 1476
900 1787
1822 929
9 599
984 654
1493 1458
890 407
1924 256
1434 379
399 1370
712 290
766 1021
1523 1994
1825 1618
1994 1326
1242 677
673 1098
958 1547
192 578
1672 1634
943 545
1503 1660
115 806
1042 664
1235 309
1136 330
1584 1285
758 7
665 707
1299 1949
664 216
248 1977
1524 1656
1222 1153
1512 97
608 430
631 120
1159 627
597 347
855 1585
1928 234
777 474
1516 1576
1365 127
570 248
151 1894
432 64
447 837
1944 350
185 532
1223 1495
1939 1017
1126 197
21 1307
673 832
1218 905
872 718
314 1765
1838 797
672 1074
1799 254
1034 1079
693 1727
880 491
734 1593
1344 1315
1046 442
1786 1728
1225 780
1794 876
1705 923
276 1422
1916 137
728 1069
1605 1236
737 1630
31 473
1174 1109
1496 249
1112 264
1064 458
1701 1155
866 1952
1909 66
997 212
701 1087
1269 301
620 679
25 1353
754 589
1052 937
472 987
1777 1596
455 706
1761 166
475 757
1003 287
1751 1430
1945 1035
662 1898
642 1740
1761 1050
1510 216
506 384
536 824
1425 775
647 856
1592 160
860 298
1090 1279
1224 1629
1116 1947
1070 493
1529 722
1828 86
365 1561
1432 1667
1519 1739
986 131
1440 1385
614 133
1470 709
490 246
1589 476
1641 581
1756 1333
1163 1096
835 442
1847 1337
1567 514
1791 88
1935 1036
265 1007
467 317
1629 590
1209 28
1925 1180
950 1508
1830 128
446 588
289 1981
474 878
10 714
1182 1435
1134 118
709 1725
461 364
424 1740
1621 941
1453 661
362 1912
1343 1218
388 287
288 160
841 1616
1027 658
968 1713
1802 1437
1437 755
1485 341
659 1504
1283 308
1304 1525
1495 571
745 1459
1925 1776
394 276
1298 1340
645 1730
993 1054
551 1499
1478 855
1177 1558
113 1880
1869 895
638 1496
629 106
419 719
772 359
1714 896
1455 1253
890 104
1987 55
60 1174
739 47
1423 1631
347 1706
496 1837
913 842
1178 1236
161 1862
1851 1243
828 1030
1676 749
1804 1755
1323 1741
637 1486
911 273
1129 1040
1345 1128
1829 1069
1775 1769
1703 1463
406 766
1080 1622
1514 550
965 1478
445 1132
975 30
583 1531
1285 392
742 621
1748 303
1507 374
726 607
1257 926
1777 956
1381 912
1794 226
1079 351
613 1739
1543 241
280 520
86 357
1452 799
1521 1821
488 1971
1649 1928
1247 1022
1352 28
1271 1702
1778 1226
751 754
1757 1067
1268 179
918 909
1137 1434
588 1944
1547 613
1418 558
1026 1267
800 181
1537 1313
87 82
831 356
1897 912
106 1158
603 1352
636 1492
1031 1179
524 15
792 432
1075 1567
1282 808
109 644
433 1057
24 686
403 600
1088 1498
531 456
489 1881
721 323
809 583
1511 1378
275 1163
1692 227
619 1922
263 633
1769 1540
656 1376
622 1484
1008 501
1952 488
357 245
1900 951
804 1882
557 122
126 759
1771 1716
101 1849
1153 289
1401 355
1710 328
396 1120
1226 1638
1545 1378
1735 158
1717 881
1711 80
1946 1248
1148 1252
1395 1413
311 256
559 1825
99 1796
392 91
218 229
1019 1484
764 676
1467 753
141 1258
1041 638
423 1810
349 1960
1364 1391
827 1733
1148 267
478 1600
1857 807
1475 1600
819 1509
590 1637
696 1586
145 1899
814 345
692 752
798 753
502 1688
423 1056
1831 219
1110 72
1870 1298
1091 1300
1626 23
1667 1009
487 1579
487 696
712 196
828 902
1297 666
863 445
426 1000
194 309
1498 1278
1374 63
1982 1208
1689 1245
591 1881
1444 1584
1760 1094
1321 1593
1035 1058
70 365
1998 307
1460 1243
282 1664
1619 1996
594 1013
1931 263
1132 1604
732 938
544 790
265 77
1288 742
494 1525
15 710
1696 756
1284 594
1170 1703
1015 550
970 1122
1205 764
1029 1783
512 144
283 1112
1330 1656
97 612
173 530
1136 1080
531 56
1805 1959
592 134
1010 1396
429 451
1002 183
542 282
117 1874
367 134
849 739
1914 1803
1542 267
1242 630
1541 188
29 270
67 824
1338 1531
852 563
203 1425
1912 1191
683 1402
699 1566
314 156
751 826
1603 691
789 1185
291 1452
1980 1471
719 515
830 1817
836 1262
770 1650
141 1254
1266 1085
371 843
1726 1555
954 687
882 378
1628 408
20 1186
1831 279
971 293
1055 763
61 1475
1146 1117
462 1699
1839 128
520 860
526 1477
507 1286
231 99
918 669
997 800
907 1177
11 132
725 822
1388 235
293 1893
418 1533
1743 213
657 1563
1529 37
1578 268
1512 677
1002 1235
1854 1479
586 1417
510 1063
1706 1658
1923 601
269 999
446 1951
1360 1582
190 1408
972 1720
935 50
618 566
711 809
269 1394
910 1804
1827 249
1970 944
581 942
848 1354
522 218
728 1888
1039 1833
306 1685
366 1430
1515 1564
915 1660
549 1862
814 1012
54 90
1063 1689
1095 278
1187 291
231 1216
7 17
1061 1526
1750 1292
1570 260
1461 295
1606 654
460 337
254 1140
3 978
1448 1587
247 1085
968 1541
1410 1043
1392 865
806 222
1583 1172
842 1795
1579 501
1062 26
717 1924
1782 1877
450 305
1362 756
1267 1155
1965 1312
1709 23
146 1871
957 1678
718 24
903 1335
322 715
757 1426
1207 1413
1914 1710
1699 628
1216 4
220 861
1548 1240
765 1316
1796 117
1289 1954
835 1549
483 1048
1310 1372
762 1196
122 90
1505 603
480 678
1612 858
1257 1470
208 211
1644 1920
330 1526
14 1590
155 790
222 1548
1582 1829
1001 577
323 1469
1377 1343
691 1574
361 1046
363 1940
566 1645
1220 34
207 51
137 21
1643 1264
130 395
273 105
758 1725
636 716
616 51
1327 1773
1815 1717
1636 1839
1731 1102
1759 740
1031 192
243 100
803 1040
1421 1511
909 415
208 225
1398 1569
255 111
498 268
1407 597
1209 1329
1386 387
477 313
589 1532
875 1072
335 1246
1135 1608
991 201
1755 951
135 349
1191 1827
1937 1032
972 829
875 845
1674 1615
1507 1171
396 878
928 1288
1669 19
1964 1995
1065 841
1575 1758
1456 1540
1365 355
61 1249
158 1066
1723 1384
940 199
671 1105
436 1690
1863 1929
1805 421
1860 426
20 1501
1904 1729
991 1443
1252 383
1089 1118
1665 1738
1800 1486
416 1978
502 1552
1446 1822
1665 519
1446 337
1466 93
470 60
219 1594
879 1389
939 494
966 1808
850 1444
1346 371
1679 508
1212 688
1748 1130
637 1384
1294 471
572 1115
1577 380
511 722
412 1108
332 678
683 283
1246 229
946 398
670 787
1305 1139
8 1824
1763 428
366 839
1265 1927
1194 493
1432 1291
1721 235
243 1534
58 1995
1141 272
1105 551
1682 820
1850 1891
1991 31
868 1097
1758 407
1601 317
810 1715
19 164
885 1054
1179 661
652 733
1113 1926
1428 1250
1038 27
1515 1632
391 847
1314 1602
168 1752
1053 1318
1293 271
1332 1576
1050 1149
1788 1974
382 1159
1609 213
1127 103
1735 1041
1607 1781
329 750
279 506
1120 272
642 770
1948 221
1517 962
1412 1792
303 428
1261 1742
1672 1183
381 1429
934 142
575 1400
1843 176
109 1562
1482 484
1675 356
907 1157
455 1861
8 1375
1431 853
651 1423
1523 1853
1787 1479
1824 410
1124 553
1500 635
1729 233
1451 124
1455 1205
45 1181
452 376
1785 1606
186 1360
204 284
883 1854
1524 1611
1491 985
1778 627
817 1949
953 1106
527 1107
1319 1279
954 1698
1187 1577
565 1718
224 469
1296 1262
443 1322
164 650
955 1071
1490 504
1920 112
169 1779
241 376
1233 1946
1732 1097
71 1679
686 732
1646 1190
32 1474
1639 689
1864 1501
1981 647
294 970
1173 744
341 1372
1156 1125
391 688
1961 184
499 1845
1053 1301
245 171
1962 1204
1099 1653
1802 1409
675 174
62 1058
444 1709
1405 359
1415 584
1233 1970
1803 53
553 1724
1809 1578
1213 644
93 1083
52 1648
472 846
1700 1877
1817 705
596 1202
1832 381
978 1520
322 881
1001 730
1640 1293
1591 1272
1060 1051
788 1182
1687 1390
463 874
443 540
1668 89
1351 1500
727 1692
1730 321
340 1161
35 84
1107 1131
1580 1878
923 693
1543 1228
1125 652
1005 1926
1625 1106
489 161
228 1775
1367 1888
1929 1841
587 815
1128 1911
1024 1871
857 516
562 375
1199 1510
1238 546
1006 1684
724 447
1164 96
1811 96
325 1306
1984 257
979 1849
633 261
1077 1302
1637 957
1291 1707
433 1339
244 1071
1003 1317
1186 1374
1383 1868
1657 872
1608 557
1104 959
14 52
48 608
1480 1051
560 893
16 1018
1552 1654
1192 352
326 353
244 1162
1065 49
1453 1022
619 803
1969 1728
333 1414
604 261
1302 1417
1329 1395
1462 1213
920 626
1909 369
1522 1811
1999 1467
412 440
818 993
533 1691
191 1546
1527 1270
300 1873
504 762
1146 499
1968 152
1295 1781
239 492
694 178
1990 1945
1651 497
1433 262
1375 418
1865 277
1588 1062
1060 203
1181 892
845 821
1544 1892
925 466
896 781
124 605
1403 1287
1076 413
403 6
1737 277
879 389
95 863
1596 1138
626 569
1208 1572
1499 1334
1502 281
1354 1838
1681 614
1012 922
68 1238
1473 776
1712 1212
1201 1000
497 1138
702 1319
1049 1210
1580 4
379 908
140 565
840 262
463 1313
703 976
1658 1688
288 171
377 1025
823 236
1349 1210
1296 1447
1745 1750
549 1098
1005 811
163 989
82 1518
368 967
98 1184
1192 672
438 1997
1133 702
1621 38
1275 542
704 1557
795 32
571 1290
1682 1487
153 1014
1990 36
1150 6
1314 25
1258 41
769 425
29 1194
738 79
329 1381
1760 204
1731 1820
1108 57
387 1142
1162 1172
239 974
1911 87
1327 884
684 1812
210 801
1435 1445
1102 175
1844 1490
650 1691
167 689
1099 1737
1762 1816
575 1096
959 1589
921 1795
1718 1867
475 149
116 1823
1442 1537
338 1061
1932 1954
1442 70
1049 595
172 258
1014 478
1816 1308
736 1814
1894 1335
621 1852
1902 1997
1504 662
1295 1745
126 1640
974 1506
527 521
457 966
1645 1232
85 1643
1348 1539
1466 1886
1625 960
1585 1789
194 1468
947 1544
682 331
179 253
1371 971
1449 1535
532 1624
149 1259
1254 876
1993 784
327 944
960 1542
1616 1385
643 964
1663 1201
123 441
669 188
440 1879
1742 911
1666 799
1004 1919
1708 73
977 331
990 782
1215 786
812 1151
473 64
778 198
821 560
184 1282
1184 354
345 914
808 1342
1118 389
946 1884
1792 1361
547 1993
516 85
1427 969
1859 1976
395 1586
1281 98
752 624
846 127
448 1154
1835 325
1762 166
296 1732
1411 1419
1231 1534
665 1998
1092 214
1973 361
1722 1311
1275 1918
152 1223
1514 1228
189 585
1324 65
409 1652
1414 413
232 1652
458 990
338 505
1620 1214
940 1407
1937 810
1866 998
795 480
1429 1325
838 716
240 659
363 1719
517 301
798 1979
1695 333
1724 94
1723 1276
2 1171
779 1780
1101 1017
311 1067
212 1931
635 410
1244 364
1571 434
466 18
1344 535
813 1719
569 598
1234 1783
1083 1111
1800 1393
1336 1874
1297 823
995 884
242 1790
12 952
40 1557
1509 498
437 405
982 318
916 514
1168 1438
1317 321
1830 1359
417 1966
1306 1555
214 704
1115 369
1230 894
34 1559
1357 1642
924 495
517 1164
1985 1037
1986 460
300 1170
1024 479
284 1169
1320 1137
1349 468
316 1754
258 1587
1632 1516
1379 930
695 1391
477 335
1690 1700
844 1513
1485 1214
973 1647
465 1972
625 574
46 684
862 1622
360 438
1712 449
1766 774
181 73
1746 1749
205 934
167 760
1331 915
125 1156
420 1716
1774 1680
270 318
995 844
1189 1767
1039 680
1913 215
1617 632
1767 816
1468 471
632 482
1940 1695
348 1150
1342 94
255 653
133 955
939 1403
420 1433
63 1090
370 1404
1140 1093
889 54
1984 1834
467 496
510 615
1373 778
260 1779
76 1628
148 135
735 889
1104 78
1673 687
666 400
988 397
75 1985
386 813
1426 1873
1260 862
139 155
533 1355
1538 1351
888 973
1189 1412
1045 1876
108 1963
1261 1347
964 593
534 622
1239 503
348 1780
1336 324
759 228
436 671
174 1876
1334 1358
1892 953
302 1853
1198 932
1502 1957
221 1746
1599 825
1325 1630
1743 5
748 39
1043 1227
660 1286
624 304
976 917
1119 1222
695 419
690 1604
555 312
274 1528
1983 1975
114 1772
735 1055
620 1617
1144 788
1917 956
920 1527
125 1004
949 548
561 816
1823 39
232 1117
1169 1361
1142 864
734 200
1505 1166
452 251
1032 877
893 1356
22 1661
1979 1459
781 785
1072 469
1363 91
1896 490
1971 1666
1513 13
554 856
408 38
807 1037
1410 898
576 574
783 1837
634 1539
564 1421
1300 1801
1846 1016
1848 868
59 1356
584 1086
981 198
1609 1277
1321 59
1753 877
1975 1323
819 130
153 53
1308 1851
1903 815
1439 1299
829 1581
1168 743
215 1439
1488 927
1903 1347
186 1922
81 720
615 1721
1073 1708
1456 1219
1867 386
1847 1328
736 1891
791 1119
834 1923
1240 1676
760 1953
1355 1649
453 639
1972 454
115 1082
1482 1383
937 745
783 1807
1789 1934
1160 439
119 1913
1337 910
1759 1989
1474 1211
252 1110
165 591
1376 1441
108 205
1618 148
1528 1613
1684 286
439 1147
1826 1373
180 1798
372 1183
782 779
582 312
737 1624
585 630
1274 731
1494 773
700 178
1160 1722
525 319
1283 1988
886 344
1350 1662
761 793
78 42
941 667
851 1149
802 529
252 182
230 1271
1834 1088
1277 1294
1976 601
720 49
246 676
1389 1239
1553 1465
668 1068
320 202
450 916
668 1441
1887 119
1203 1583
537 1185
987 1227
1798 843
411 1009
1711 535
199 132
1217 136
655 486
655 1670
891 481
1883 1599
1234 1627
573 927
1657 793
1100 1773
411 554
1575 1078
27 1073
979 555
1059 1231
1820 1503
1248 1826
1462 1304
1861 1368
111 1553
89 2000
1382 952
1633 711
1428 1875
1084 1464
375 1936
873 1974
1487 1886
1157 977
217 1968
1806 892
1635 646
1797 705
930 992
1980 1518
1766 606
1415 1145
1833 37
1494 142
1139 780
42 1768
202 1647
1211 75
45 1885
165 834
1447 1844
1870 1404
131 36
22 534
100 1551
1204 1967
47 334
775 57
1733 459
1532 512
1670 1307
482 1134
1859 285
643 1570
226 1801
924 1983
1368 1465
92 1693
1906 1634
933 646
649 1397
1915 1550
1382 1588
1535 1662
342 393
360 1661
1963 176
1883 1276
962 1782
1303 1807
733 509
1901 251
1095 123
558 1047
373 811
681 1572
250 999
1047 700
1530 787
625 1598
404 10
1018 540
537 163
479 839
874 983
16 1887
1154 1287
421 921
1396 409
1680 640
539 1720
1889 175
538 1546
1897 1650
539 1856
1933 1917
870 1698
1896 1200
840 140
682 1942
894 785
1406 602
434 796
1198 1809
459 518
617 112
525 1369
230 1603
1934 610
1753 1059
859 817
648 1554
69 931
1175 313
830 1016
435 579
191 1454
1785 992
568 820
1517 794
1655 189
1686 667
1011 1977
568 435
1932 77
453 801
933 703
1768 567
1744 731
931 326
1935 904
144 1651
988 649
505 1942
1591 185
556 353
869 746
1114 812
1551 773
1556 1939
1938 286
1879 786
708 1420
500 401
1251 1595
1411 1269
13 1219
1581 948
1686 1175
500 1390
573 738
449 405
1025 1200
980 1147
340 1038
206 1982
1852 1918
1901 767
103 320
1910 1489
1797 1263
1350 1028
768 390
1770 271
11 579
1989 870
616 1301
685 285
1023 415
640 315
187 372
1033 1902
1064 1936
1627 1427
367 869
564 917
1595 1023
663 982
1028 1693
358 1244
1614 1229
1574 794
929 206
1217 324
147 58
1905 1813
33 1450
674 521
777 1274
316 1158
897 339
986 1206
138 177
859 1955
708 295
404 1141
1469 1315
1103 1497
543 402
1309 1377
651 427
281 1011
1549 936
1229 33
582 670
177 641
567 740
1020 1631
62 1764
1907 947
1836 1530
1193 897
1597 1905
168 1166
193 170
1856 40
92 543
187 994
390 769
296 195
908 1100
437 1310
748 26
1380 1114
1910 1460
1449 1143
1875 1309
1143 1333
593 513
1907 1885
401 1633
1092 1986
121 663
1908 848
69 1289
706 1642
1471 159
159 1081
767 1612
307 901
427 1846
1251 544
211 84
1311 259
998 1091
965 1866
604 1121
1176 623
1203 723
1749 822
81 1122
1955 1419
1256 1366
1880 242
994 887
1681 55
431 1878
805 1889
1247 304
1613 1326
538 18
1481 274
796 1508
299 1082
1165 1770
1836 302
902 266
1111 1007
898 457
1241 513
170 1121
343 948
253 1458
1070 1933
1020 1678
680 1416
1109 1598
1655 1772
698 334
1256 74
1659 1221
114 12
1237 1266
1614 1318
1366 1221
1145 1938
464 983
393 1560
1659 1450
1033 768
1457 1281
1206 656
225 1953
901 1683
1195 599
328 138
485 1497
1338 468
639 945
5 247
1560 595
193 454
266 1648
600 1860
1176 1865
1840 887
1840 981
1481 139
1489 867
805 1919
339 1078
464 559
1906 572
1241 1472
200 1303
1193 136
1454 1687
1363 358
1305 182
1472 1858
485 1457
1416 825
394 2000
522 1133
831 1195
1669 925
1744 958
451 729
196 1550
1010 932
723 1610
1872 236
1943 904
431 648
1858 1538
1961 1520
383 1610
963 729
1962 1813
774 945
1943 886
1320 1967
548 1369
961 180
891 240
919 1790
1683 1270
1436 422
1436 802
919 422
1895 867
852 1895
1872 1556
