2000
4
705680352 935892204 33279067 793467570
3
586929979 83016878 164842812
3
983832908 547116807 179603684
5
670471116 235657721 607353806 563553967 238273958
1
618148121
3
698017812 262183567 286401702
4
141088527 294330943 80553702 984959445
2
779973286 431008283
3
946296984 824113306 757781861
2
791037251 90886895
1
193341709
3
580131436 143222505 76206867
1
585390433
3
696483667 281727653 454908253
5
144196945 752106518 448426680 290427961 210008667
3
837225284 976694712 224371835
4
147752893 233672558 882403972 227259512
2
546870757 463484305
2
793580677 839271849
2
476627789 162243027
3
822900802 952988918 648294776
3
287416216 144434923 199521351
1
793390361
1
88660512
1
316425247
2
621355225 916191064
1
217117061
2
366730431 82456682
2
851145982 285639948
5
309560780 31229593 451324821 139072259 579712193
2
538183874 304181184
2
611863130 652189621
4
438818810 44567586 947315865 411656801
4
287921087 952504126 139642026 602437031
6
534455425 260810947 105903623 461569981 84388760 435302203
2
431262146 899305348
2
647481087 28375632
3
811780530 143654680 839443446
2
80208823 301857009
4
887476701 327592315 5789530 702352831
3
246764217 431265271 600444277
2
953213659 439785419
1
539214124
2
201504470 779502828
2
248458865 731178462
3
288568964 745838411 158443539
1
962096881
1
417894440
1
732313378
2
2142206 312724372
2
954616692 620185937
1
760170751
3
884899365 792478923 581036864
2
329680428 638789526
3
915519597 703248016 107567811
2
586154817 915082143
2
190568410 699892646
2
479180762 261251741
1
155282285
2
841500486 651468825
3
561453784 754086324 328839415
5
954019938 613254804 811365762 768968111 675730568
2
279134846 617165856
1
508134038
1
489857743
3
906816349 889873303 874253477
2
456328781 873762725
1
102121141
2
702995456 53682511
3
134911511 436153740 813122699
2
358254300 826798606
5
555837358 214748803 533672418 349590268 64767124
3
841931972 757341591 205845538
2
563672340 347039057
4
176481425 903469658 887471062 528256291
1
773625998
1
147541508
2
159916988 670125069
1
866182223
4
648362086 789033514 627429435 590570765
1
941393472
1
713602588
3
38887373 37865460 157527783
2
88778863 706600973
2
404266269 241649588
2
308856308 137408618
3
17838614 816087765 80415407
1
587348535
2
417362356 761743033
3
221942813 935613988 121720385
2
577508086 981516249
6
537954743 91582232 251665085 706728664 710761977 673646046
3
545800559 91791434 5149679
1
566485129
1
316298178
3
847686420 534334267 286190130
2
493109653 200410988
1
609280401
2
504942545 298027739
5
570108441 388912393 365757732 942742296 294946821
2
876152807 118974404
2
514235804 481298833
3
946675246 246227045 998592139
1
540835270
1
934849591
3
248021510 476937234 54264034
1
993679598
5
806276640 106971196 831478082 374362903 284310617
1
113076327
1
869227867
1
596043159
4
169839777 639403732 519717964 299095886
4
448294389 146964229 613225415 28812765
3
271944247 538831156 922495936
2
334597403 700881126
5
75531293 121036719 812582044 307098343 241340772
2
929533331 530711749
1
746033611
3
425074692 136146580 522626727
1
518973333
1
360816865
2
645890369 344620222
3
585986237 343629561 234599918
1
846441506
6
582537608 467173024 129311746 400295068 797399839 73324083
1
336223908
1
769884922
2
932756146 876973167
2
591256719 859857122
2
471978898 219707912
5
519489209 457219468 237045252 435147535 393271551
2
177329493 598432321
3
46090302 672671006 81393815
2
128775639 185694983
2
257862409 903269828
4
350711199 625424370 848411569 625402327
1
420913425
3
622762817 92076535 714555203
1
801889264
2
951131919 97179900
3
975979123 533841143 841337766
2
921459090 230215190
2
499903290 954290996
1
816856861
2
700902428 287518172
1
725125430
1
397979292
2
755724682 262294090
3
170468822 56328330 504490459
3
45281427 845000968 58104293
2
799904758 214711672
3
860308033 230898727 245614636
3
299327309 134778292 609273227
4
585517028 99624035 370712410 810817766
3
231726404 230829424 303150095
2
207377316 147011741
7
786242871 992950239 828971072 466961086 533394007 56700292 658171348
4
516732262 740033628 275590982 282571473
2
860341715 729871934
1
745575492
2
807665404 933653206
3
184866960 484427950 481739294
1
202321397
1
75643568
5
310332427 239263273 451413206 38044810 261781625
4
876528054 832458772 852687211 4466561
2
32205197 84512292
5
989323421 278414389 128774927 407718153 899985938
1
62498598
2
746934845 32816002
1
827657343
1
10382348
2
923945231 892772552
5
105533874 528069622 486712323 834190838 834287511
3
865677506 111634065 629186457
3
36939742 729076005 659094555
1
767743650
2
218882212 871109952
2
982675820 920170939
2
194781545 239486424
2
402361521 816924821
2
161673868 236987485
1
792044291
2
669983955 852501702
5
125652924 803049493 892742577 741158086 240739
5
530823826 926231408 530706417 591939355 318382130
2
677731177 181971428
1
540293192
2
685274682 947632805
1
291322826
3
373496829 280070262 312770534
2
230352161 185908292
2
214799556 643731550
2
814689642 849229729
4
656428165 749377686 21656433 416517983
2
300639002 686102489
1
920901952
3
253275872 710574176 221669298
3
107062707 572675095 503038692
3
254281852 248389291 667506353
1
677629956
1
720052083
4
144337913 539454577 441958957 764555969
8
800191740 111377123 421044647 912565928 422451002 361748508 738946709 309453687
2
95843035 290672708
3
785265589 404999325 30838038
2
314603725 886594715
1
295768628
2
950173159 993544735
3
842510922 814243867 4036313
2
612561966 333604982
3
156007389 227010917 915291843
2
435819255 434862678
2
815668616 588817335
1
649412825
3
80875596 934461394 520076964
3
15526572 989746431 841093546
3
254220028 246381016 893515089
3
277722563 873750980 831676513
3
24459477 582521948 201496932
4
177818248 107862611 426075850 813408076
3
968461854 973773594 36009998
2
589381290 876687005
1
433325827
4
903137154 732391389 276317308 535166456
1
935568401
4
465941241 660469828 535716821 216245733
2
19928206 503154614
2
171535837 458391929
3
163951550 65383761 35921582
5
162777130 132212027 278602424 560422278 684113339
3
56555008 168327902 507062242
1
601782192
4
396550502 232166772 848971729 240258077
5
41774862 180730360 651976859 764736307 6279002
1
280347909
2
266303041 678100690
2
74490905 114853476
2
634767906 95680241
5
167384798 980714397 935770182 459434023 794552940
1
151829861
1
154792251
3
886863024 573498824 85829422
1
703106302
3
751487790 241762788 920746044
3
250670307 179687007 513266368
2
336570295 541915126
2
790043224 691526913
1
279340229
1
550144184
4
132376165 296938150 698670572 747456010
2
935532816 216436043
4
357903566 164067901 255243965 279464416
1
149206813
1
196698787
2
631163764 296986822
3
29960863 65628804 852395840
2
20824697 25401598
3
705591021 736203202 937216311
1
905949819
3
391564822 446702006 168802751
2
218679477 606387697
3
447910804 707415723 905475210
3
823368619 494541178 208478355
1
735170029
1
532295084
2
778640367 783081322
3
705960588 577131283 35809413
2
59148027 200990094
3
71596973 197676982 150213380
1
910246176
6
293376553 735476478 261425662 347057433 297996285 847304886
4
222273527 437975287 646993367 435346959
2
469284603 840806912
4
12034982 267243418 119474352 90987225
2
161297388 387598600
3
161960893 513790864 410648785
3
196216308 552852283 360920212
2
946101336 794602406
1
37626216
2
902747490 3619547
2
476443547 848072971
3
535123105 334362063 264427196
2
709805992 416107202
5
511563417 581036632 119438214 953100437 347473111
2
865326908 978503461
2
911647324 855104640
5
242667864 717832338 746893098 203737636 768045534
1
630900063
3
46953211 443184225 984786437
2
342314291 10579029
4
126089902 138753068 926652549 670522773
3
739175783 204252725 60016838
4
8815072 129321189 603618260 402632334
2
953677049 552688029
3
59790306 903036812 198920191
2
455291343 968611775
3
635358327 139486103 784955728
9
720008014 770224561 352583109 530164279 190526476 534464932 529858931 905405969 28532594
3
523531772 789254763 126541515
3
188132787 672387269 105739128
4
78660402 303880193 796021027 22203806
1
491641500
3
431236184 474242151 657659641
3
544200423 537396178 178248361
2
743759537 719816800
2
438605184 623846057
3
400629402 730356906 709760751
2
436014412 94074798
1
114140328
1
910071718
1
756430896
2
291827562 817643744
3
140359138 150890207 169809184
3
105534260 147707703 562510157
3
317474833 244449019 357737709
3
48853109 510939842 68923795
4
463990338 704068339 113564599 873965751
1
249769579
2
286302179 567876126
4
12943696 596988844 715138077 681026524
2
444008824 385081871
3
363777707 910922696 341367995
2
648594902 478127125
3
984989781 327985459 325959443
2
618527912 525837849
1
47858392
2
365983679 813992053
4
460949135 65098738 682760229 358415922
1
173763126
2
794120652 970474042
2
104072991 298023956
2
909011095 189878325
2
849493671 362556754
3
403913359 567676107 517965734
1
723950020
2
395052525 971405758
2
780472945 678254983
3
490101390 668631688 213767400
3
148509734 364519341 625259477
4
952158090 188791693 191304715 50090339
2
939750123 53225302
3
722399848 110388223 48973828
5
167150050 541600022 982993434 915460788 510362847
2
301790752 405835561
2
807054315 750617529
1
544918414
4
110736274 626100417 287865204 840788880
3
619399892 24270053 742565512
1
324987581
1
881195656
1
803100230
4
555988519 281539644 587876610 974923308
2
823517313 600046981
3
649461236 578722659 139400862
2
959359283 13811746
4
808441341 671901516 297036053 84383191
1
425109708
1
263513849
1
765770320
3
889860930 312430262 990139341
3
453758723 242980731 167944464
3
577603304 420813155 98355596
3
118474473 885951061 279143961
3
911524090 9508023 217064473
4
447419369 923276956 520061249 240299991
2
757801689 102678644
2
707912094 130682582
2
213791766 334740690
2
401174001 66251297
1
51742384
1
973548502
3
233312178 553717506 820984671
1
718108752
5
144752213 810997062 692519496 901462124 75752721
2
942776797 793303882
3
592041920 916644263 52670261
1
799845018
6
331528616 338687180 793043135 871905297 392513026 568633741
4
257652923 690187678 784752543 19377814
2
37377446 674654693
2
563174826 654515408
4
700309142 610532219 734474121 337023977
4
834962165 825145192 441147038 880880353
2
21338072 705458384
2
607263745 8613640
1
2732246
3
851290851 169500033 406261463
2
485512343 540493126
7
332438767 969202500 511357439 872478212 255009239 556491963 324495493
7
726106292 619841630 208285104 461224477 202847644 65536524 334988181
1
718875363
2
799080518 208933524
4
363896904 9670615 793310300 636635306
2
549935180 786620788
1
366608962
2
573582820 300520294
1
420299228
3
450744562 957678449 460455364
1
629809757
1
514398009
3
966750711 967830288 96074284
1
74619538
4
544613979 430476128 485082732 654422617
1
82747726
3
395741854 210103762 498144903
2
707946560 719831487
3
108472328 703553516 715423983
2
354807175 751323409
2
145745829 509027772
1
396992470
1
241834970
2
118985401 701198824
3
225171784 3916429 147223689
1
270589841
2
945430897 32134806
7
538597282 689689333 224629909 613821350 24040606 780653657 89051467
4
369930156 267446361 440998114 714173481
2
9034148 154837573
3
797014291 5359134 163060658
3
183637136 506555200 317743349
1
986062888
3
92141481 922784955 310221182
3
387218101 105171791 53515008
1
284699025
5
167339174 731184427 368172774 779496206 611996307
1
468378708
3
105145473 77059873 879334320
1
521754165
6
414610651 10931673 469203781 56748159 740818867 941358698
1
184110719
5
595451142 731384959 452204327 671565665 314100072
1
939251691
2
475878049 61803664
3
964546912 590366422 931078655
1
800874764
3
240899316 650965312 381496776
2
860896488 584505782
4
214557430 135746375 68327539 584341078
3
326931403 307669124 289427313
2
748917244 841874076
2
217671257 969850782
4
319925780 855406861 931475024 344163113
1
155010975
6
498967279 148513830 412723024 423246906 420354880 172552709
1
785097915
4
221963603 881225343 239012095 473256570
2
116235432 499021644
2
126579163 933883278
1
618813208
1
818521860
2
10243623 581346421
5
923776800 351833614 388032959 425638909 232055693
3
728473786 319768264 323083291
2
761069567 820657320
1
532194258
3
772357245 630991244 97382774
1
174863305
3
48455191 79072650 670956498
1
287000630
3
550886911 54647997 598989
2
478892931 625250138
2
627472020 291506580
1
260189293
1
775665030
4
762000701 128427861 603474877 841441678
3
262229882 824780510 167896207
2
836755695 844762096
2
528689119 911443968
2
3386959 728034048
2
927145441 741271046
4
900673962 803636278 480219498 395784102
3
716229619 819828103 338586689
4
814409952 17347767 97649619 178905937
4
426186007 111037155 126570858 666959588
4
31631132 548431757 757434979 88071244
5
691154432 853610281 444566122 560621266 625342907
3
270842940 110888110 558827259
1
255304898
1
583820194
5
381810366 235572573 920777900 396846301 23076103
4
276388059 68834143 734532323 256759370
1
836103117
2
923189831 935776964
3
183056395 428351402 67692185
3
456745852 975790707 802896562
6
130059073 891652731 120763304 19241845 482157215 475754781
3
175196448 367865624 24920669
4
643992378 299135631 320208420 558120038
2
345213142 627303791
1
538567561
3
508495885 595050768 116549600
4
671991541 801037884 172491206 431602669
2
881439924 185876047
3
506819493 11674301 413329014
1
156775000
4
821365361 357229788 746761847 996340458
4
801715658 857618994 284828669 998944625
1
987990456
2
982818818 619671721
5
251893139 67043023 260554550 493094619 28705817
3
157680123 252855367 493134009
1
843703716
2
198317385 958839774
3
131475657 742903670 379369537
2
926313501 827183484
1
818620517
3
243967532 549491238 594275726
3
779166657 675207710 787711286
1
205142506
1
342072404
2
210090047 654602261
1
387136487
1
242580725
2
56996509 182002294
4
9671311 594240866 835656380 630028625
1
881898963
5
853870399 134604170 491447917 602561932 696026869
6
116806702 753194443 876014875 262028156 334468289 360289969
2
145392344 535399699
2
440878962 645093226
3
535486448 901980889 924476558
6
761790387 41225898 717558400 502631573 745171248 565949229
2
98467829 307008413
2
709030597 16961570
1
260734568
1
99307650
3
669483381 497411311 293402684
2
443568464 247577890
3
546068319 714278174 631109158
1
246105433
3
287285612 265490799 193790014
3
27845712 714467911 987204487
2
473145590 886244276
10
564053913 604752776 598589910 839856103 158490693 915069618 2039249 846527308 756023825 980062266
3
224584567 16735023 237349413
2
313239983 160035339
1
991133736
4
102629271 506110962 458430409 368738696
2
962799447 708396148
3
675500119 908166118 128101455
2
722405289 398749947
4
364815049 936613594 813507941 463850807
1
261609707
3
940293280 953968734 449438935
6
600649816 456794508 623442434 657647719 878757394 309747958
2
983060155 614198494
2
995565605 779539657
1
536964652
1
94641016
5
934602717 509601891 40588127 925188279 646440940
2
717021127 523151106
3
648461016 473210975 503497250
3
873767106 971283914 908378928
2
933861658 361017007
2
408256353 21685134
1
277683604
5
97037284 369376422 138622693 700464489 791938756
5
368544137 279321174 801466167 392694534 879806960
3
33427261 460688245 331707119
3
207466167 331316342 684202839
3
616117031 812914267 282480153
3
329600130 170026273 328679714
1
470662080
2
646510352 840543101
1
710785367
4
94338119 4019673 203858722 712949571
4
318485576 242958929 571581030 19829615
1
302524461
7
696304948 950251484 132632268 955186534 551221466 483567179 79910552
2
903864023 277292043
3
213244591 702643953 322128299
1
451631142
5
426971484 731713989 135994455 637723226 109401736
2
27876081 34686630
2
687545858 286475139
3
30229551 961306128 228817610
2
287757700 669665283
3
408162572 126589562 635321718
5
891205031 168096742 83550863 929126145 979141986
2
234194664 327700093
4
693038425 387526388 673590019 887324798
2
189036166 920343860
2
823339004 19073833
2
27723593 636704491
3
704618020 401324646 409990429
3
847303944 169780847 56030011
1
805465485
3
473720440 690232394 910066947
3
120997605 455773908 593332485
2
75290404 995905474
1
82382045
3
763090156 933057399 234280651
2
609192809 443350543
3
242457781 473670991 407817643
1
634465735
1
6369547
2
768263191 109044875
2
287264957 761427618
5
540907869 810074313 268318163 16075907 775043927
2
865353525 49533284
3
869043252 962869266 730320443
3
632018422 217831909 224851358
3
560714658 322384853 121063803
5
213450903 659337774 702030836 572683796 379277740
3
407901712 157065273 949696658
3
889193774 743776609 372982336
1
720864406
4
917823143 318624206 136680208 255754660
1
86549261
2
282718285 130113451
3
330721534 592252914 883296893
1
721935158
6
559561373 738374922 628154923 679963158 490305809 219596122
1
104694441
1
687382734
2
228923211 848979983
2
176456378 352109736
1
272011342
1
813398345
5
742022907 467764628 932777463 285690871 698926578
2
904830050 716115303
4
410657359 451596317 52521387 753846493
2
392720497 671555900
4
563945712 192316759 475751189 163608332
6
13017698 823632362 221197031 407832313 516407818 671963577
4
920670278 991737554 549595820 126427140
2
979062131 14550666
2
127926872 107118302
1
446004658
4
143771082 41564233 279740386 644574969
1
869229592
2
787846814 688709738
2
652333863 421584880
2
131237460 633684322
2
174892091 341250698
2
581525785 16642311
1
910409092
7
100295332 731375091 11168601 608692773 365209763 257614554 103593003
4
513775267 285579656 708399978 941733346
1
973474333
1
541436583
5
557976748 873648642 953009256 239508632 763453366
1
576902120
4
241131872 946012748 32749205 308980306
3
124965150 432927964 224770750
2
548252825 228768266
1
961349409
5
105129225 442359048 860007028 531409610 805082441
3
43017478 530321781 558229742
2
716467746 223440521
1
189320621
1
632144182
2
820260106 589737237
3
357109189 428434290 700824668
2
762820667 81733786
1
526610507
2
186696782 647607313
2
612691277 567230048
2
521323769 994368176
2
348436872 696208575
1
767810611
2
722952120 393508185
3
433824824 805145836 354103012
1
745250021
3
244665885 897439166 615581586
3
890758333 849132452 224902841
2
812479573 950748404
1
764428131
2
164285453 355790344
2
760873488 109743477
3
846225009 104432027 584455741
4
644066679 302629393 364848310 955867646
3
492307581 413400478 905237543
3
767614894 383872287 773802202
1
267698230
4
62084620 86079851 427754268 859351856
1
909472362
5
764188161 612180125 723736463 54544611 186147390
2
433009392 561349823
6
228013545 877406621 180630156 437193143 71593423 982305558
3
424293992 851724971 263846713
2
703289017 346068076
3
359699730 549917466 754096771
3
587799975 526956903 819274149
1
136388097
2
41565998 71513997
1
856677805
2
190891074 108912865
4
811176228 446719291 673340486 450283093
2
657652347 296521015
3
37886732 436866264 969253096
2
840458836 311735193
2
12486336 242878620
1
167649151
4
644905460 122761784 207995206 885612779
3
824900743 595705607 636968996
1
613040977
3
686077017 216060300 611079069
8
753638379 569922773 180173792 68763159 746563386 196364748 234262910 638112799
4
90119059 276965778 277813672 984241615
1
285917440
3
37379756 470792213 196522785
3
109536379 449201451 17882457
2
130726711 705822024
1
433313537
2
325942815 738681350
1
684210587
4
78462687 973120119 237471658 549202143
4
293057281 881192906 994042767 364854976
1
300028740
1
233571597
5
645793972 315512671 802527921 350703166 89395787
2
821429938 735760012
1
582067512
1
363309943
2
621211309 677927595
1
751683379
1
59102132
1
419493270
2
70172240 621987753
6
766570784 356679829 179851272 996007451 199269496 19126342
3
473287546 45275287 589054485
2
217399900 160238683
2
161882159 360727612
3
994788011 856829672 928983686
1
29428792
1
750133406
1
976667874
4
39825500 46924340 149831713 976994432
3
671063860 317333241 422887112
3
3363999 820816018 567261700
1
604530582
1
187190155
2
256199556 693308096
5
360331590 116929077 354082616 600658594 110714879
3
229433404 842316813 36672533
2
971295121 362129046
2
38603988 555917455
2
20500766 224619851
4
163759862 169308837 285941158 790452094
5
556535476 209817161 797460782 399358118 894550347
2
445126533 204297135
3
417110301 252836572 91978640
3
136619205 854328653 895880315
4
807339511 584835010 676122334 974732260
1
60513923
1
480371392
5
327649200 762745752 675239204 835855241 146358300
2
74462175 844647204
1
676508137
4
928723722 672665491 916592556 884202979
4
997177803 153172863 313958874 70432050
3
22944475 861590730 966202737
2
611369181 599263579
2
416269784 675195939
1
665578556
4
339220233 774537451 530188981 836189867
3
523039916 144508653 33043703
2
103466764 504766354
3
323021545 950723875 776556307
2
82825248 793648229
4
307381151 994042009 455569458 231379304
3
260395109 895361006 283577384
1
792394336
3
686822279 35318885 918618675
3
82010997 814059886 486793489
2
122184450 264937884
3
444874762 264999575 772153631
4
165028401 551787721 161053705 81681179
2
865859382 815517789
1
177693253
3
43776356 92246336 672699430
1
175237334
3
337123592 47383920 354091622
3
61239508 96211142 246485245
2
903173659 651110234
4
161309171 629697130 907385044 595870043
3
215913160 441853397 174215588
3
215190557 844027574 707461532
3
447897863 281660369 102004944
3
968517934 91749070 480833780
2
348592946 121754682
3
360045285 516021040 478847500
2
552836702 785714319
4
191949496 914202649 297004238 983330842
1
468960364
2
233312967 10834030
2
581081176 916836473
1
513952244
3
594677468 44121168 152885434
3
28226770 786989284 444846975
2
714180955 442157791
2
450333442 25227557
3
60670510 757298100 69548232
1
337918888
1
799573985
5
105142440 663276801 902991989 400533116 586927299
4
965751396 877186852 783045935 967224716
2
893749506 71702602
1
850927960
2
808551499 680770236
2
994739998 900037382
4
985906132 148836279 512280066 606393713
5
768196633 346487824 252162306 104739849 684100855
6
926228210 287365104 911248246 940561340 64389401 424952976
1
521774847
2
496289259 929050149
2
861469843 133614098
1
968222951
1
524703787
2
293797264 268343388
2
555743796 894843835
3
284619362 759432300 819382051
5
534994069 195742102 215568761 544238286 602882744
2
762653176 392423929
3
400899444 159223489 737246956
2
208353556 465793642
2
789674832 64342984
6
699660847 831134941 71217938 788239949 532417519 593381946
5
440213170 212186750 78110808 954709759 417729264
6
166269375 89093486 384211605 203131606 707557096 79371293
1
485422935
2
371528479 531024033
4
181193705 292189260 321396805 812614849
4
923522309 589678789 230353892 542909837
1
386111325
4
927012820 150485598 161984582 707346515
2
27684136 334374850
1
29656382
1
161236047
5
284018920 250123192 238474521 289958054 629949081
2
878069002 145431806
2
286002793 870108786
3
236546636 585654517 730264293
2
350427699 360089684
2
929944370 185431787
1
590329287
2
101401908 46365331
1
64671257
3
282326212 225399601 266902188
3
847149035 848345272 232780464
1
673128378
2
238639324 202588789
3
338275784 853213976 971618365
4
239494691 414433251 573604115 290074128
1
370346465
2
560764 124206517
6
546404312 766359436 472220060 158244594 296347582 105070342
2
246218974 39699185
3
710613080 473772997 754300541
5
852481306 637385213 870759733 249217375 989018679
3
116906266 538232235 393926443
4
485882631 71722348 735207693 36636200
1
309130678
2
406149699 25446186
3
347178650 449670047 229440366
2
679761752 444170997
2
715596847 100969131
3
151615098 718802862 91262640
5
133397802 727948057 115529659 328744673 992132737
3
889869955 473577181 656228903
1
135902153
2
278058471 583724075
3
798807192 612617164 640089673
1
489022688
1
359895586
2
918231946 419280419
1
79602302
3
487608241 116744014 910614167
3
348573314 777511764 678644744
3
767768336 414760996 443215092
4
919078754 675532921 121487854 20359875
1
433039425
2
749097447 474990050
5
43945353 126591166 577738208 813631117 660178063
1
453064229
3
919740204 937889177 530920503
5
595551720 156249709 850051963 470034103 134258643
2
916514114 202423984
1
156936162
3
455607406 566631218 225967789
1
681491935
4
769092580 609860481 377386987 742791567
4
934419340 108212369 668569015 244565029
2
192355933 953855816
3
396328881 395263739 124223291
3
287574202 781150583 948623932
1
413863575
3
398577424 954331709 847651186
1
161437055
2
236004081 55276557
2
893609556 655139098
2
582469421 282132145
2
631053124 857894291
2
678530369 85752578
2
674034877 790402976
4
537429912 88159529 895760737 761635630
2
879851355 683834285
2
594515182 497521420
1
447264900
2
804055051 497586325
1
914006440
4
77409528 510119784 715301413 336441346
2
39105360 191094498
2
249449735 547056986
3
718846225 846069677 374329822
2
667219351 344331601
1
478438762
1
411264728
2
865628980 947582916
1
323433535
4
695001450 326974502 649340288 194274016
5
445286844 290122854 15910125 136178928 484328215
1
315936054
2
516425878 874386133
3
410837907 310798605 438043247
1
332080193
2
804702557 766503101
2
135560900 823899596
3
131086362 104560919 19078442
1
439319785
3
97012184 122680558 505425381
3
66705246 558474711 625217963
2
466496901 702614051
3
64835441 587589841 920622754
3
873772090 109530638 263073941
2
193078524 78358204
1
864460626
6
641455116 350141963 232638155 54069791 865921374 979576291
4
971148342 260058662 241088376 48624792
3
39736659 593420533 969574134
2
549775330 691443267
3
565870743 811480957 352163971
1
817050897
3
44437633 946335806 491468704
1
119615590
2
203618255 693109085
2
268420988 28437399
4
129866633 429874857 195308910 318111285
3
20274931 589152190 922628456
1
197423863
6
599440581 46133726 203980577 266428177 705840854 149301258
6
716213074 507359623 131187198 221839547 209011131 730760487
1
731320906
3
538266556 817310962 215193290
2
317285765 114814221
2
426080342 882617146
4
238602468 776637919 216007748 110939506
2
474836257 988699041
1
142194308
2
915362076 827874795
1
517227645
1
461252878
6
389160898 789109656 91519411 88075039 296255947 414267628
2
107066757 391971510
1
149126802
2
59485741 78102253
2
604410118 148147897
1
183106431
2
966125332 55719231
2
136828597 58820901
2
386527070 508682631
2
464394131 712307606
2
982071414 80987775
2
610912728 630258870
2
766718804 847358109
4
714492241 779132012 573886769 738366618
4
48294743 851222103 877385695 438592966
1
820686614
3
587202239 951401822 262225593
1
94090166
2
477452301 36845188
2
111654795 432630487
2
119704567 687074371
2
676119667 528601987
4
667705079 953476894 836631465 547988681
2
525070992 356828048
4
872583367 879708764 59029973 621627075
1
439115916
2
310682657 50810251
4
107270526 288614600 999181846 304449597
1
511260292
2
50081565 19012114
5
838774957 95626988 570969634 145771238 427613578
1
94201033
3
868049622 282743573 299267655
3
657136369 939409460 64234442
1
404765726
2
837816936 991480600
1
398448642
1
648392920
2
335971761 738200087
3
522566659 563474540 935013389
2
427519391 240846450
1
527227802
3
918132887 181611855 554693338
2
726381624 458921249
3
257841064 684518921 939067145
2
745997263 826786803
1
306148659
1
349558335
2
153820557 939813141
4
682974938 897918951 703162953 660099052
3
750628203 756042977 295196020
3
242840833 342477592 501783791
2
924431493 814514894
2
397053390 555289674
2
375513617 866657200
1
466760348
3
354935109 353275274 127475487
3
925920891 304870496 749403068
3
649661352 655054502 14390640
3
947615417 799750970 349763595
4
468761714 860570914 228363040 530889759
2
34070436 353377562
3
243209655 403582058 823914518
3
497236926 341991006 881667949
3
939474002 214832551 240375098
2
827529193 181996022
6
536195859 93405667 353070192 282761882 436118642 36208814
2
557270534 862712452
3
725418350 970130612 851352405
3
548726587 152032668 863536204
1
99614746
1
272085959
2
478271139 142639958
1
780697356
2
588562719 456696690
3
439835009 274946278 341583553
2
923130229 968644372
2
998448366 321682435
1
25050292
5
905540194 390649791 273449827 685070068 407699274
2
558295153 112653002
3
665452559 430580797 541356339
3
805156075 779935582 66822128
2
869893598 816470864
1
263195601
1
203099987
2
224991814 256153089
1
788104529
5
986692448 12120572 970111216 541168357 214675613
3
839043801 668547764 190552186
3
201029713 889918589 687641352
2
175039544 213556487
3
454711874 930067275 20554113
2
131084914 938220351
4
579122279 566129633 378628075 75054054
2
325961706 472235467
2
790219584 402087808
3
11105808 384119095 517497072
3
112289971 669689571 56829161
3
585028285 165586145 740198366
1
876953879
3
189623491 699668092 824466407
2
474473004 30346495
3
483573233 185329396 954478103
6
100732995 328447518 89144808 39020996 209149163 857338913
2
2813577 114970904
2
350864044 168407189
2
43330949 810262940
2
657378285 586006014
2
784226523 164423054
2
401220721 283736418
2
21547067 622230759
1
838150888
4
600357683 798416271 854365902 178352218
6
321174342 502059142 588351288 458384767 64052242 558714765
2
264412580 838728628
2
236610213 231890168
2
449442402 128589508
1
449820611
1
94704657
3
87154078 278825366 284205716
3
545428361 712165969 84115285
1
157513153
2
471594873 876524306
1
474982251
1
142978455
2
304267783 277311146
2
538128616 894451667
3
701438170 992055154 330631820
4
322128044 184607247 915869187 922892029
3
90077482 821202543 683946387
4
52933171 345358178 881702038 457343660
1
18492885
2
708402675 886321198
4
139674871 797289088 779707943 283544350
1
771714193
1
468906804
3
942011954 641747766 115540140
4
730542252 242727541 1609873 938411161
1
806726470
1
207625555
2
325981461 973407797
2
751613776 777188100
3
671786681 382433262 917787679
4
671441512 606158610 14963177 631425536
1
373844792
3
43091994 657283949 708339680
1
188487879
3
631851746 246920515 460411124
3
877994718 163583497 49495647
4
57833054 504155494 458356800 294408767
4
599671478 737926255 968844707 533010416
1
303080188
2
859018898 897533038
1
301086366
2
453555333 347908684
2
651458814 416556175
1
121534326
2
323161245 828025920
1
396484812
1
538161141
3
400021535 398020510 217235991
2
923997535 890935436
4
824724221 968360594 375845642 591379637
2
313112173 368072305
3
373615724 173749667 674596494
3
64534358 887603952 711891425
5
353134113 951740979 706206555 365043969 229844545
2
857207659 64558975
1
730843809
4
86178909 112766246 335471568 433039476
4
110179255 248525996 470746177 49309811
4
693322851 818004171 618760638 453356841
3
25913209 879746945 705760173
1
293909146
1
31938512
3
918448974 713900172 891733379
1
971127406
1
973414423
3
221625515 879614504 339658993
3
273787146 730417411 630841052
2
702325043 509136068
2
880474521 518790550
4
714287123 281206511 842356548 357179110
1
251659810
3
597324433 138847792 997366035
5
971362421 737226290 770161833 358021109 197185096
2
344502884 926160728
2
242563084 847266800
1
481607482
2
865957447 875351142
3
482778561 450802225 246215757
1
121347799
2
61839847 668582134
2
261211427 562503990
1
228736045
1
954551440
5
66722159 124039214 992088755 607100087 74695109
3
152918207 365904567 792949165
4
471389297 768154599 882748069 546414140
4
181546076 274424517 408979466 878801837
1
750282260
4
202706029 622817964 97886298 236334726
2
536627913 86788468
3
165797065 326472568 626391728
5
4489198 397500810 952001144 413783969 508829181
4
131755356 214439914 606980539 154040233
5
171830007 584880876 559823284 512054792 480999482
4
931172017 481903010 456837073 158692713
5
369997290 303825580 102825091 382448395 738466025
2
66946353 666009790
4
714958268 481565054 441099300 932618009
1
32527946
1
209264611
2
50837961 583176068
4
527414891 723527785 400991406 862031240
1
527071192
2
741042897 979529230
3
563351455 325340224 373018037
2
200658921 589641991
1
888938120
2
175723865 504978192
5
171558683 566647171 273825896 318465149 62214287
2
432805840 301004490
2
363801839 435990868
2
683353234 131974862
2
10751349 288018980
1
665397337
3
6917385 474882498 973816313
4
26728007 325786955 573061682 137447456
2
687669759 881544497
1
587146824
1
621399358
4
386605065 253089039 4865464 843900317
4
574827495 915011043 903020677 659642529
2
971970683 472849730
3
904545039 222408672 33313275
3
109140780 287568452 816682380
3
848013830 865195873 75909770
1
170554403
4
784477163 760701759 591350851 563619607
1
318621726
1
319570169
4
559881931 80127204 944272202 385276769
3
908218881 611209087 418170867
2
351235676 674253658
4
457832237 419454740 892920796 720696282
2
286159862 973020293
2
450267780 850307841
3
8087246 981852321 533085382
2
144811385 362457474
4
369441256 738429156 826059478 261808897
4
142811728 869219468 704749217 18516668
2
421232350 86401844
1
174218048
3
669055390 158260681 386350275
2
869670829 386410088
3
368808568 804969233 834028000
1
618274890
2
633176188 445949316
2
956580520 747766179
2
285434081 401457344
5
268751625 57283889 632583113 330695320 618321243
5
475908531 48279762 602852828 630793113 722246189
4
531000731 638143357 340184828 37052161
3
361867941 539861409 303925115
2
631580810 533287397
1
870308264
3
687307609 795060524 414302830
3
1066719 241501197 337289589
2
393812950 168714831
5
724930022 372534542 491287296 18515680 715203619
2
210819330 184327787
4
11983276 49057853 598492467 978187577
3
152127676 176209410 667238413
3
593427018 190953462 474951904
1
918062430
4
65451361 157348439 858255212 702080412
2
41773658 221438635
5
93153211 534126237 36915773 811199012 564409972
1
892042376
2
677665318 811853165
6
635739933 804166942 629439693 906775429 78387639 548088470
5
22877093 411939285 198649853 116471340 56855283
3
227298725 867597843 589993123
1
197714016
1
481090193
3
633861740 830703445 475600759
2
393041049 101023747
1
320015429
6
36401282 280491465 451013728 204326278 185469969 846514708
2
283726172 877654960
2
380761184 713051859
5
981981251 163454971 994565462 168111018 669804458
2
613697976 125490540
3
531205018 283683991 379399069
5
494334748 966968801 204067679 529877321 11793
4
920170515 649880891 250881831 392857613
2
580560690 174560166
4
461232676 428104646 115063014 102294608
1
553258293
4
470670050 79461443 660905607 770273315
3
22636163 372301245 849309237
5
268273721 21927898 48290265 485429937 681518467
3
661794649 564768853 289652670
1
389723316
2
25924009 560232038
1
665354541
3
388228663 432592746 32110955
1
320837263
4
736405515 892257337 768396388 49280381
3
417438379 969013295 634292079
3
272149877 171669463 823975402
4
92865851 54139900 63045422 851603224
2
211346497 524929538
3
40442444 738325141 756674446
3
787012257 307137279 656720292
3
140229780 979772186 469326038
1
7784081
1
678432896
4
694338544 964146236 327851281 542854275
1
188370456
2
352648806 887761347
3
164690643 139686683 397697176
2
713015811 920834795
2
584194144 270047021
6
304095147 623587295 339716568 942500404 291151500 113278495
3
491558784 586551491 893848142
2
26945228 435231375
1
554711700
1
243146121
8
512141202 679045189 98504307 377558386 523726179 570296567 185103606 287327385
1
457839782
4
804436130 48287343 400039496 59441203
2
679565344 239153163
1
617319794
2
38156305 82851356
3
259345563 290410713 488823496
2
499887694 726284962
1
100646245
2
452305834 189595463
3
190791363 307052133 247057547
3
568512956 757847126 416386799
4
104899834 369142816 424600213 410028485
4
881102550 843481549 575822730 645283264
1
54838030
3
346992206 265779008 768861212
1
300567468
4
924404876 637755501 597970525 114223570
2
821555541 680261613
2
656154630 450272282
3
478329973 483049844 463890585
5
403311073 153184007 671770137 450471145 85910923
1
569517352
3
576168705 262518077 730925659
2
116277203 496533133
1
296692063
3
253151384 411070201 449663929
2
858281938 129321170
1
377190476
1
880732973
2
494164534 232489786
2
411756013 168655430
1
206436815
1
640265074
3
366368124 972405266 437859763
2
17321012 481931849
1
936355859
1
991737212
3
329277968 608801308 793129756
6
874045246 406282829 908247526 807843704 630201601 94042629
1
158547224
1
644003975
2
176048830 902793018
1
628750003
2
215918695 736120512
2
729310959 168130942
1
451006544
2
636148877 70630453
1
339389956
3
824539483 592649293 179683935
2
166207082 23504045
1
115592516
2
23369063 993033672
5
562062697 759223833 731280334 232144598 820275171
5
318514142 241102348 307037602 83776437 87013713
1
983633312
2
389420012 114204506
1
532481399
2
23601783 828622794
2
882958523 206705932
1
15531215
6
63719691 770293848 263840958 716082785 26745673 110746051
2
966458488 98591850
3
262630862 49316100 739383571
2
925545887 97217024
2
311227827 975663027
1
784214291
1
551818420
1
423071157
2
295212414 950421010
3
864604099 268691676 668027563
4
357610061 755308491 254271770 176667359
2
339032364 613585025
2
881815063 216989231
3
461807553 991114729 623308198
4
918904185 27823596 820458243 346939334
1
406324044
3
156889740 144912869 175471648
3
572989796 208524917 267762508
1
27870754
2
638145662 680768247
1
261766468
2
468226485 295145849
2
4668983 328776177
1
364128931
5
36491258 213981351 409250386 810969226 309312697
2
103142659 143894651
2
819004022 672912925
3
818475066 902515975 100257259
2
778912297 870413131
2
993019772 814313840
2
238868423 185273433
2
36264863 740601499
1
290466056
3
843953662 564411262 477584564
3
31521850 986561541 89029651
2
317301346 728416025
2
236206892 814177964
3
145366644 679645165 729354782
5
697719244 300042660 615736092 953026702 838992418
3
622119766 393184034 31969890
3
664630597 605480056 112948228
3
663126581 83185261 135004979
4
465648632 325267761 265391542 339681825
6
791499540 785010485 195695761 950960799 869328011 598286474
3
389230675 334040043 737385541
6
392994964 284841918 275736827 797487432 905508032 84296402
3
646659570 556857595 699406237
4
922226907 438904038 973206802 519345843
2
764618052 866535349
1
86774619
3
666617380 956447574 644286186
3
189549347 819030495 819084729
1
475659454
4
967930720 42184080 335770495 184058274
3
174975186 948433715 179315924
2
490343569 62842544
3
16475338 209587389 192015217
4
897931752 888196224 827859854 346830285
6
968325093 808937539 723806872 52159092 210590789 579339770
3
862515423 244153082 130180763
4
193877720 92362398 313884630 350550232
1
271331107
4
479514850 790034636 159217888 882545766
2
166424957 334254518
1
519809982
5
790508201 847297418 863375231 949849623 237309938
4
235065030 865188610 291074356 476310502
1
756431922
2
160019723 543664919
5
631534088 100048478 271873268 202649368 158338391
1
398336773
2
877528882 63315197
3
661714556 955030901 875724443
5
133998695 95173560 628581746 889006616 518917068
2
931691863 782627373
4
579312548 105330485 949052177 568597987
2
373167035 340819587
2
231971415 133439743
6
766966870 79100328 884693 4172638 589012754 287666501
1
5917411
2
467872866 382261721
4
167975782 17470771 145654658 964800086
2
518315635 14780326
2
280926896 247921338
4
806042950 290113004 542034441 730695456
6
255700252 231683685 211052129 455455358 497050334 780898609
1
231019077
2
345313918 80963026
1
305142906
1
868514457
1
40707172
1
515303372
3
609190507 383943404 19573370
2
790614661 93253580
3
199532637 51352009 218273283
3
852036952 395743523 992052670
3
621433401 580234080 611365862
2
615868001 434485645
4
459147320 865875428 568381091 711110027
1
298797630
2
937881538 743965855
2
885276159 351881608
1
18384279
4
592600449 795277428 141659984 631544960
1
128164076
2
331765669 954255940
1
846929240
1
36689647
5
264429149 342097640 328614654 714406920 973839946
3
689976884 271327506 864802001
2
855488327 549966303
3
148146549 801955595 250357750
5
899326102 53029779 818418461 492777431 186456142
2
404625549 671614010
2
265973495 160535921
3
144285327 589903030 813683842
1
21794726
2
89866081 439951071
2
31485231 892612223
2
520617212 701405364
2
948707072 984290777
3
167667705 242164172 418929594
2
943171261 233217522
1
819794407
4
679730734 552929771 136780032 21198055
5
371912790 709197830 68981078 45969792 204706767
4
669910250 840906284 903438324 799607227
4
366158329 448651214 905002277 944931091
7
657536634 803350628 700912283 425736985 465576452 984117462 295368497
2
895721771 401019594
1
63622760
3
572555900 182615945 785742681
1
258209015
3
157484198 492458354 805730028
2
786443871 879503483
2
85551572 767125573
2
360703692 404193890
2
588339647 922095365
1
113497001
1
249775257
2
849165194 43527489
2
73826011 272872782
5
600660224 144864486 370333222 840782133 602821023
2
268101974 413515326
2
888601036 336108730
1
268190139
3
997443189 493470706 130073492
3
17371521 622287202 345688888
2
455976225 4767623
4
464424854 933597605 549270378 46444282
3
313377807 664703435 51703283
2
778922319 136333198
1
256108283
2
897658608 106943166
3
504897722 700951030 12967536
2
563701820 717648256
2
838120141 435100357
1
631017616
1
931493640
3
823702415 589339459 363844116
6
220872320 769463154 745065520 587165758 146215937 970920296
2
229075318 270218059
1
720994397
1
419890715
2
236940839 634266289
5
183821656 72707012 831408140 957590361 121017643
3
895880549 250714084 573932266
2
145628378 179030571
3
451839842 824125403 133838805
4
539156133 453519655 270990824 691693293
1
439804015
2
419265801 528906862
1
586268823
5
461119846 721170494 668327269 73410731 380684509
2
919376353 792724110
1
616161513
5
758661908 254863488 370295012 884881264 168089264
2
42669323 381637638
1
663602270
4
356148496 975092435 293056521 451317424
2
671756667 152406591
3
767846738 266258453 184571675
3
687158257 877141185 679396014
2
180452770 868374853
2
169375571 697785830
3
937003100 91345153 634656136
5
864028117 760142482 922816078 706749143 198239815
1
950891624
1
696729722
4
823263959 161632600 243086839 825714519
2
467398303 754437960
2
125040193 436874403
1
21110512
2
704971013 598210688
2
65385449 203168181
2
25309993 743984824
1
881554096
2
724977827 881881499
1
683940059
2
627945520 261925591
1
146293758
1
341113687
4
52625394 939329644 50553670 76032680
1
708678871
6
112070554 121995517 123497215 803992925 900364815 794743680
2
634904701 677405150
4
804242998 598729478 483686381 185391433
1
527979005
2
954406327 572859008
1
965054316
2
249705014 658406953
2
436146617 577363829
4
943917011 512681121 822776452 160174212
3
689355714 637094864 788579793
1
576177039
1
878235312
1
936962717
3
86797793 95908542 510236924
2
419096514 700387832
2
177132506 465854150
5
543464888 574770645 821477182 687847009 550548850
4
351032823 305263302 429792162 609207828
2
290095659 7573262
1
524021053
4
889313181 122240476 261929458 217315128
1
749919093
1
684078248
4
297232570 293372130 138846113 301635795
5
553963998 637325727 512895108 453772161 84897969
1
913982106
5
29216138 232334461 916834428 650451370 10943791
2
140442684 26222172
3
386028799 347511506 512928136
1
155407510
4
314213922 660172037 424139572 171248371
1
580006319
3
712085365 158178231 481380995
4
471120908 180209348 150553291 277881900
4
282130708 803582303 7773498 369053909
1
362546645
2
701644458 221849727
3
792973067 569000207 977772758
2
453962680 524781818
5
488327571 43543701 442205278 29172392 123161701
1
33090141
3
257745179 768552619 142923910
3
909850763 231301509 218089689
2
821018853 181281750
1
230149608
4
759657224 618521271 158930083 386767636
2
840209937 566985072
1
867429046
3
530930386 20687864 516747927
2
534685828 106167651
1
691358942
2
694603661 652617890
1
631609866
1
299353699
4
295764585 486408463 10894579 124368465
1
674262505
1
119216554
3
980730477 660250048 131827056
1
772380982
2
745287678 693147523
2
642546562 221089244
2
453473737 480132085
3
614867108 179316830 810223338
1
25291637
2
449483786 389164910
2
391749384 232131709
2
550044462 175979111
5
996358408 959782599 952385999 614253308 896136241
2
339211022 721011065
3
191386134 792491954 461211180
4
690835357 641682387 601590641 9702190
2
665696264 634664278
1
478937497
1
373357849
3
938713593 996132496 371787130
3
848757308 370188884 277776453
6
943821444 255649428 665597596 85288687 551993310 375193134
2
953250503 319491861
5
186070075 336389071 998761572 274835171 805171479
3
149036329 867661545 319246794
2
686265657 949074481
1
338381210
2
724609482 576017179
4
427446959 556065637 465256480 496064883
2
235626491 933212824
2
767742559 35433790
3
685784131 566577427 1005248
2
895549424 682771969
3
743298236 815711762 836561655
2
753293512 959446419
3
118340960 709227586 851171972
4
94474420 278601180 72680990 840405750
2
633574036 520136458
1
702875474
2
988585375 96309977
3
397114156 511454397 50090276
1
327669651
1
959057141
3
2557748 479460789 845725080
2
122741134 401059894
4
900704273 715210942 636449457 75165441
3
290756185 358127741 272408676
2
485516982 559731640
3
533784030 687864819 406160338
2
795666826 940470892
1
151357258
3
313748857 804546335 498717197
4
275442357 964773538 555377659 177193458
3
477659948 62089185 498182198
3
257707186 742818841 284987665
3
737238178 364745832 295286508
4
987376731 477455149 606107184 996336003
2
23436029 646795396
5
355135352 132632883 671480001 773347653 120115079
1
106931467
7
399293309 552947864 977838409 285490497 872931306 221153087 226252757
1
929906738
2
645168072 349345545
1
310653378
2
312585632 281508311
1
2974309
1
948561645
5
852326053 793529236 946813994 204007523 301514685
2
689396363 818766322
1
103510398
1
13542228
1
517852613
2
416519971 176830974
3
363349829 868150506 684810240
2
837110171 291094737
1
163195878
2
357212241 260627444
3
69480753 973192494 104594006
6
878321569 104631631 561566489 24639910 360080555 287434576
1
702894051
2
81305476 876888749
2
476882580 108172373
2
864004921 141184973
3
746562100 787566056 896659620
2
778002473 777104304
2
163398043 87779157
3
999530768 433764706 147010988
2
221141145 112952792
1
255760166
2
796188192 229932268
1
585947499
1
54884497
1
597776239
3
179698879 224098493 226159351
4
46034448 183869239 974025896 319118848
1
942635471
1
277807544
3
242597667 238916800 661040856
3
703924668 604910050 369982093
2
420530413 354339016
2
980262628 310643080
2
900260156 528394281
1
675102335
3
855240228 517375780 9655419
3
147008670 24160787 722615800
2
105822007 969554305
2
59572957 959821013
1
410513014
2
781027598 219933698
1
251251182
2
584954855 579627983
2
432298100 167866279
2
916776145 491264823
1
207844124
1
423819081
3
840794089 50191345 565984321
3
915604762 902486872 685316025
5
80791014 80563104 843112417 918079402 357397001
1
263247123
2
980504878 58148380
1
398845050
5
805714675 814362259 431859914 926758922 542019310
4
291295507 855604949 584534909 947134517
4
629694031 334606597 568871544 402544991
1
811176914
3
888931967 161864 40719101
1
507569475
2
96803934 969503821
3
327790683 734004479 794480997
4
488524706 339714344 187607571 618945423
3
92637065 228817892 746882479
3
728993527 619134410 853030404
1
166562478
4
703640388 2093495 665279700 742303510
2
974782180 374143417
3
793419930 224152304 972235627
3
842740535 918009576 100699496
1
638069783
4
394648557 645889895 33287321 973582625
3
112691108 982029359 297594959
2
909347441 225979374
3
636515610 279861588 853748690
3
616999429 754887254 699727594
4
677799516 991879743 13073441 995121577
2
290765435 42464411
3
177782828 514603369 118800305
3
771367336 869864372 354319821
2
887401234 199816399
4
281727986 803924725 568609280 277492705
2
767678328 679706460
2
312363053 535236106
4
170376686 604255684 574849769 51841084
3
84005499 969178563 457831947
2
618426952 822785233
1
671295053
2
708378264 731545255
4
728982621 469584759 962402471 576937692
3
903556518 913597468 979196652
3
834049776 815312936 77042590
1
312027350
1
453485552
1
787136612
3
259511844 62033438 59735021
1
511329081
1
831798553
1
863328582
2
841789069 72245567
1
934820673
2
50779142 745572598
1
837288992
3
661435376 672751650 341747988
4
463166029 916295528 707529779 321609444
4
204070676 991110577 289593155 548710202
2
277845214 301169526
1
365828816
3
142677039 733271239 379971467
2
779315484 536007209
1
146004213
2
837410034 906086976
2
765922331 373914854
6
741814210 681037116 729238674 999127380 792873933 138568523
3
958407471 87768450 208073727
3
341386302 2329818 347820345
3
801635623 243542800 143731935
1
371232145
2
865460046 36961940
2
919213579 65844515
1
454684182
3
213311745 271382420 288180294
4
631888796 223101441 375250773 126286160
3
550999699 112858322 805853848
3
217387537 747041461 742113751
1
421658959
2
705730701 303068665
1
407323830
1
242606063
2
809724453 919715822
2
920202360 373636258
2
887477363 567558114
1
790799862
3
102884098 778434155 540467571
3
871627375 820652825 774982386
1
450794370
2
100997346 947690144
1
55016317
3
278418858 647651478 232147021
1
784388228
5
239180042 38778474 127559808 959642292 915678031
4
251262360 474745961 610231257 893464715
1
107127973
1
913249305
4
738964279 307071019 496753749 866284345
1
1750274
2
519237296 208535300
3
825491356 890818855 880770627
5
739299410 316647104 971014646 351913777 490665493
1
105961817
1
558690932
3
963195033 810955961 524468605
2
416261994 693324091
2
972427348 87796206
2
554899693 223195845
5
732531541 513772973 805845397 493730317 566581252
6
160481915 211756391 383188603 595986385 86691408 798876951
1
300645705
3
159796377 760197108 44318685
3
434692122 743277947 411690053
2
784476970 904879285
2
87275746 101310674
1
43333176
4
888312455 674637972 532004283 616948989
2
525398131 525701370
3
219217934 662539905 554347098
3
205067130 558135525 354527768
2
67036700 310540264
1
703333722
5
163214130 154764809 301579944 453356942 441448528
1
900661234
1
588131616
4
853729161 527552782 682526917 289877569
2
376524214 114720736
7
893144895 942492807 102635115 126995395 856578384 145503778 87632563
2
321997879 766764771
2
532283641 345901282
1
890233601
1
882978206
1
151680931
5
76219707 827472523 111758221 525619855 152135398
2
543424228 19344099
2
776456009 474777050
4
79651320 837012578 863723066 206715601
4
387234517 692418131 40528724 90432588
3
123856195 874007081 555407838
3
876653975 248332733 503244396
1
184133158
1
704280933
4
68411242 10794662 226541393 160790511
1
302876796
1
958494634
3
487341187 880155572 132262634
3
552691682 307111274 84153276
1
727881185
4
153048899 258116590 524986932 304632223
4
957680863 394048091 636416877 116223646
3
221196876 628527116 372637858
5
639983994 315679915 277637150 259251155 216936687
1
995176367
2
414306327 304392558
4
76596351 790101778 389596689 259831090
1
166543834
2
824731032 479758922
3
428573615 74507813 192270533
4
502597756 450210481 39632347 541013515
1
102553419
1
336508944
1
285654457
2
356266069 462355876
4
582599177 59763717 871950797 233882894
4
405182582 851868135 223586863 833166295
5
976947019 776426580 992858531 808442263 316650704
4
485692851 700505029 26837417 997038084
1
279815221
6
143205713 576752550 193264348 426882114 171255560 21129229
4
668852918 292495137 292703006 114699945
5
865571929 936686686 168316282 435097154 219365363
5
670857709 182186612 264684945 472778486 646103820
6
430116172 892601953 965540721 40396362 256461169 305910750
3
513550390 401899197 621356220
2
576625584 995187144
5
99456233 266179612 454492184 245349943 59500101
4
48674671 559815763 669016290 216566211
1
982205757
1
932576553
1
837106440
3
937595679 688820468 981191431
1
320258527
1
570393111
1
671475911
4
890579415 716306060 762220506 985421535
4
656078428 819790450 758016636 360314721
1
669156031
4
760235492 614139226 86084871 64995927
5
315779128 958473093 224166255 323567976 17710405
5
930817063 554724429 503412398 132552587 994832731
2
71907335 479719790
2
867214359 358722026
1
366931527
2
178394917 494224382
5
999791769 641178018 236919685 473511481 598264461
2
369096702 179469942
2
687620819 767653533
1
750274482
8
296919276 427061634 731281342 852333347 363848450 810099308 751880989 491054103
2
551713171 504927863
3
619316208 440491195 815289862
3
166882929 836563097 990365586
2
407593940 170210211
1
670683143
1
279926528
3
230424448 463579381 64887040
3
914575426 434944884 900853474
3
919994488 575415199 49277852
2
813619721 401561039
2
337237946 81171966
4
305293259 950580910 987449828 437379539
4
252891829 238710604 866112467 859273043
1
212612247
1
892703203
5
987062222 491052986 502035163 398290390 397780363
2
715046354 433268083
2
620722141 163573010
3
504365030 472952333 149885381
4
743685835 30350592 23085849 809094547
1
746224795
3
400167428 827104769 181971830
2
776688658 555910053
1
876936353
4
920804474 194716475 178987565 752996149
2
598010369 493833613
1
170192777
2
73611770 320233669
1
708660562
2
660485714 75684549
5
138337186 193607926 552956029 786752275 937478451
2
321861478 182026498
3
213393058 421791331 914366402
2
350046570 672028466
3
1732704 883675541 628078479
2
320087427 973137102
4
905011660 452448033 574573044 880089300
1
704665602
2
27824496 106859435
4
238512838 864482672 940639259 991522741
2
450794162 236748651
2
117826311 947948041
5
380807957 186502451 865442992 938888585 386761066
2
607258619 62256883
1
912244934
2
488791012 155243197
2
905454993 533116869
2
412330713 940779425
1
387142788
2
360625166 97701056
2
461042229 986383097
2
586120913 963051511
1
957084802
5
187538420 161276965 370369487 531760415 707748690
2
423680579 595629919
2
743581590 715826953
1
537688333
3
439839276 774348733 814387734
1
787048452
3
949967145 158339996 307656273
4
596895261 467148751 139587136 981259687
1
629013613
1
954195418
2
742974992 207519038
5
994645896 242817867 331048021 56672818 93399732
3
936768332 159496426 940958640
2
227100231 79921964
1
168326334
2
608835644 504849079
1
674272135
4
12758083 341200822 723772510 196235166
3
128366685 278973312 355543137
6
7040658 690242931 909403514 449758765 344910224 133121307
3
67330813 125937110 255781557
3
213288785 761129436 294994618
2
691496708 287210776
4
594041693 608573826 844133179 56062489
3
825951331 979842032 784454052
3
578890915 236728389 236710613
4
253681886 28379722 108110357 518370246
1
870216464
6
623516994 99661884 442354876 216812210 49403052 402571048
