2000 1000
612 1
839 515
860 40
9 922
867 140
707 198
699 298
757 876
476 1
167 284
778 560
139 619
46 69
33 487
759 607
840 678
428 622
700 421
708 519
8 669
821 381
430 70
210 272
276 626
72 983
49 888
331 327
6 207
328 920
438 633
591 382
105 70
417 326
28 561
255 1000
261 697
212 714
804 66
424 696
94 884
212 745
5 435
25 552
112 296
435 530
155 420
952 541
249 218
246 291
465 306
525 649
31 70
99 422
838 570
109 39
729 710
544 592
771 951
536 372
453 994
851 922
898 519
887 843
240 602
440 840
881 142
408 499
635 559
893 361
87 390
782 20
962 479
470 493
400 216
863 596
444 636
870 557
611 397
692 401
722 122
183 396
150 104
207 19
47 287
691 214
959 591
529 37
174 545
107 954
125 456
851 506
286 652
58 896
148 189
686 439
862 150
398 771
666 937
567 593
898 130
944 249
781 879
468 998
381 680
988 44
487 478
657 724
942 917
272 15
787 112
592 178
427 372
120 161
254 475
413 573
704 371
332 8
594 37
134 335
610 555
988 659
975 428
742 102
743 890
93 547
270 395
299 432
290 442
921 238
31 539
987 378
545 111
1 103
409 56
381 148
607 420
939 856
602 980
175 166
690 318
645 534
44 805
187 561
748 545
427 856
810 3
590 788
219 147
849 70
269 11
941 870
744 450
649 202
51 362
271 904
372 88
84 404
227 316
979 204
871 160
340 793
608 996
599 649
892 470
364 300
855 266
77 929
510 776
528 474
628 630
391 50
797 416
88 683
963 925
887 210
583 949
629 886
740 448
126 907
938 227
315 417
311 958
218 47
830 529
917 401
425 43
578 83
892 882
723 403
163 265
14 594
556 247
439 744
988 727
990 171
984 837
646 778
211 585
653 783
901 565
234 976
954 340
299 125
963 802
954 961
404 651
721 594
322 913
683 997
897 634
150 157
583 768
588 913
855 326
668 791
475 608
258 66
620 426
324 69
31 316
884 562
441 923
469 215
253 108
322 638
121 584
631 472
138 416
580 810
245 122
576 985
813 324
549 991
478 255
693 775
125 200
977 313
143 790
642 922
54 607
179 562
805 529
341 289
48 950
982 467
451 735
172 67
865 415
485 626
332 822
222 445
431 362
17 383
290 182
637 291
719 809
838 149
641 304
911 14
656 892
499 199
638 577
920 677
711 237
365 9
818 573
414 294
847 408
140 564
245 866
20 474
487 120
522 726
24 292
966 674
16 601
643 781
387 715
488 170
905 976
877 199
31 690
185 14
375 772
393 817
681 371
35 952
942 32
677 244
991 540
803 369
876 14
66 544
345 560
271 615
360 98
287 304
374 693
201 818
304 213
461 597
753 522
311 438
334 45
948 146
871 895
303 96
323 537
772 305
123 497
959 980
708 310
743 298
93 37
262 360
113 905
662 919
666 112
901 652
725 959
223 54
541 263
417 274
220 503
210 539
610 340
719 459
519 666
886 859
375 741
28 976
146 804
394 331
879 557
552 275
852 309
497 486
510 599
311 714
844 831
476 683
108 670
521 791
460 25
398 603
968 43
589 145
107 705
953 938
233 164
499 93
995 1
669 50
326 143
540 10
35 513
46 635
70 960
27 935
302 363
924 520
802 246
994 920
524 633
32 912
716 530
851 263
541 802
246 124
451 138
931 827
433 300
783 916
56 942
606 878
749 877
74 516
595 414
198 457
658 979
418 270
819 864
607 360
409 902
408 949
586 403
809 32
906 642
697 939
836 925
552 187
354 909
106 459
263 846
317 375
802 364
793 360
998 282
186 9
282 328
381 246
182 473
660 743
961 521
762 843
203 973
580 838
503 389
761 925
308 307
5 441
117 318
423 754
927 484
360 4
551 526
788 477
282 535
365 563
706 162
397 562
802 24
647 609
873 155
340 647
697 586
311 20
616 16
593 942
298 101
340 242
563 133
746 433
446 818
35 80
989 9
148 212
255 658
676 174
310 66
966 665
898 976
551 308
335 866
727 237
810 882
848 381
789 458
432 949
67 153
344 323
205 78
258 53
677 39
413 738
778 300
191 531
488 229
227 5
520 330
950 968
768 799
212 853
516 792
495 642
31 761
34 741
192 474
362 62
888 612
855 688
651 917
877 502
341 397
900 393
102 798
785 370
341 677
851 124
832 80
966 315
328 588
155 531
162 583
681 383
285 901
565 440
146 312
880 379
536 774
771 684
451 935
769 199
500 720
444 287
745 122
452 126
810 799
522 711
966 361
81 30
518 981
839 720
779 644
696 756
764 445
296 926
352 273
599 952
735 989
706 287
509 290
694 127
654 861
202 921
547 463
993 543
452 958
312 371
447 682
170 449
359 584
94 735
935 958
894 896
401 180
241 650
787 901
775 527
964 755
90 653
146 307
619 561
304 264
948 586
758 380
37 481
250 177
979 809
835 165
598 487
713 994
294 56
771 412
464 223
372 794
29 751
669 532
10 436
382 805
739 220
658 384
596 552
570 658
455 631
698 625
238 528
862 798
656 334
520 114
664 808
607 163
275 56
146 688
118 936
177 800
660 234
127 177
762 464
841 28
241 581
738 30
616 271
560 624
952 717
258 478
142 66
100 441
593 851
755 904
833 25
51 503
275 291
389 698
955 864
984 521
818 296
547 667
782 388
468 501
89 692
797 91
893 462
477 292
307 594
492 43
103 86
566 28
485 543
777 436
683 534
481 957
562 366
537 114
7 36
172 523
919 771
437 398
373 161
478 581
725 266
393 466
51 272
523 854
676 730
249 263
421 344
47 385
524 719
125 813
424 795
22 940
538 452
920 573
576 120
902 319
705 205
349 195
810 154
207 188
865 907
449 183
217 196
4 707
819 221
828 489
719 504
74 581
417 366
867 511
982 408
67 909
482 724
780 500
603 657
612 417
988 655
756 800
646 930
331 674
587 551
538 696
428 291
338 848
612 212
362 769
557 225
953 688
427 655
726 106
541 173
116 370
683 497
302 913
537 955
694 364
455 320
962 318
489 527
767 260
379 254
332 760
703 558
445 278
884 207
75 338
524 347
266 790
786 766
920 998
899 223
63 815
91 199
537 25
262 165
998 594
669 137
623 32
363 677
93 610
21 664
971 684
806 59
695 518
651 346
976 720
74 837
380 919
759 930
804 510
944 648
515 915
542 840
471 398
130 641
52 765
527 881
327 686
865 843
588 266
734 790
12 230
382 859
457 427
336 13
955 359
682 346
448 422
206 424
304 864
847 645
480 719
953 69
910 573
478 22
585 684
461 545
351 305
4 951
267 690
548 952
816 943
567 53
522 622
775 226
462 348
835 81
603 583
383 880
593 37
917 401
255 853
389 610
832 931
518 958
50 742
491 278
963 489
852 457
302 398
257 716
997 908
372 982
266 499
296 681
440 236
8 74
987 113
970 616
60 465
519 697
467 395
916 704
9 111
406 202
263 364
518 260
374 90
654 452
969 211
959 526
932 353
498 576
432 80
63 262
623 354
928 114
36 55
210 409
201 850
82 21
879 270
912 403
23 560
78 779
527 655
437 832
317 633
173 732
990 199
314 476
507 462
391 434
940 336
352 463
961 273
943 443
173 652
253 814
123 109
432 281
198 154
42 21
934 933
950 798
735 705
803 662
616 647
47 671
401 409
124 287
229 21
705 510
689 924
921 727
108 257
722 378
930 711
911 627
576 965
600 658
159 841
243 35
158 750
847 231
830 98
545 320
183 964
420 956
231 845
292 508
303 492
927 493
106 234
218 248
428 505
974 449
989 830
109 480
990 817
777 652
553 511
687 458
355 840
698 959
742 422
330 152
916 278
615 1000
185 644
268 345
812 351
202 164
323 766
541 848
180 793
137 377
598 657
139 663
642 543
267 19
996 142
486 509
570 682
515 782
368 111
527 35
622 252
951 896
132 404
578 826
993 313
165 932
3 87
720 898
998 323
913 495
680 440
803 921
557 514
52 564
236 68
102 762
82 179
322 65
260 373
941 867
458 264
610 424
83 800
464 251
425 788
135 437
334 205
201 652
294 787
617 838
373 861
765 261
297 550
909 943
298 57
782 432
407 953
166 469
663 204
259 375
896 968
879 252
131 292
918 713
38 365
863 218
92 24
492 883
885 766
739 631
499 411
113 76
938 927
923 443
831 858
492 870
668 487
701 328
673 29
857 41
169 384
101 749
25 194
380 390
805 999
703 202
783 662
22 644
181 865
58 54
520 767
707 896
663 913
46 720
638 96
584 533
517 543
33 329
338 453
379 877
795 319
346 295
518 503
286 281
550 452
987 245
888 974
591 89
310 273
151 211
553 568
598 599
319 573
424 229
222 724
495 49
625 93
596 551
309 679
342 742
578 820
529 15
707 268
860 649
597 912
43 221
515 823
409 761
872 733
400 605
139 608
921 98
171 866
530 232
877 295
288 480
469 965
516 566
598 447
768 267
687 744
169 120
953 817
156 87
758 222
388 704
231 958
790 640
11 948
710 222
96 829
577 816
732 481
912 698
374 370
100 236
837 910
940 216
319 390
250 44
770 635
549 664
910 364
969 339
77 944
956 422
8 403
126 967
177 414
50 776
34 322
633 149
718 697
710 656
90 415
994 596
54 957
125 377
322 121
783 982
253 378
597 847
780 722
628 858
780 874
659 678
781 204
461 197
272 755
171 232
342 554
160 517
169 151
614 298
2 338
965 469
696 870
901 81
33 768
50 884
656 807
706 997
428 117
440 682
388 1000
165 151
543 731
514 944
668 338
255 903
254 664
680 902
293 5
506 142
235 38
489 922
689 758
159 320
108 603
12 376
48 703
880 736
475 149
114 48
737 61
92 63
827 190
764 441
548 899
418 741
244 38
800 726
245 119
265 346
472 483
830 759
908 235
475 596
570 86
39 64
112 827
493 247
62 668
825 321
790 383
762 193
337 509
489 975
846 111
608 551
323 595
90 637
312 138
639 262
684 600
355 325
577 379
794 75
217 493
293 332
835 777
778 167
670 347
27 643
919 471
126 295
120 674
400 982
315 989
14 188
747 413
671 646
491 736
46 407
105 984
74 359
659 560
482 582
587 78
655 176
248 467
964 196
243 603
407 26
514 628
136 948
937 380
568 95
863 79
822 647
766 315
855 439
328 383
908 79
738 352
910 121
384 269
853 46
163 824
637 586
29 476
8 727
922 225
794 746
714 168
689 787
179 712
895 183
956 144
7 127
330 943
492 836
714 628
184 933
230 611
794 94
221 695
160 971
948 443
182 578
389 289
466 916
954 463
841 100
632 785
438 909
934 908
523 344
716 138
42 421
867 943
775 505
317 774
782 71
546 729
547 110
987 339
45 400
356 305
373 177
627 561
62 373
294 622
81 122
548 310
887 767
433 593
505 206
65 334
622 539
502 1000
247 595
497 672
678 739
379 798
944 106
601 638
561 947
729 19
390 228
554 342
149 12
668 708
400 735
325 157
16 355
449 312
448 498
444 954
1 139
219 332
2 436
939 528
133 149
985 873
358 217
450 220
600 864
984 236
969 137
65 396
234 736
893 855
891 989
134 833
334 842
848 852
101 585
460 587
532 264
688 919
985 351
40 681
256 991
853 631
453 590
386 41
713 574
387 811
873 633
853 162
479 90
902 876
526 648
895 326
453 872
769 234
937 448
811 796
651 100
664 993
983 892
275 366
893 891
550 572
741 513
571 390
18 741
406 684
129 71
502 198
773 201
909 751
371 656
614 215
374 17
418 422
628 53
198 547
358 686
253 180
878 104
145 985
929 169
356 30
507 808
639 134
681 963
941 701
557 911
751 137
175 977
301 686
368 708
972 770
793 225
773 341
724 377
574 397
21 421
341 296
439 961
197 260
705 317
757 274
257 343
642 787
170 352
759 908
382 591
376 864
267 876
157 946
704 843
903 456
666 204
566 807
665 522
777 420
253 807
172 81
496 83
453 173
495 600
723 956
348 578
718 824
709 142
585 639
97 278
819 140
447 730
280 361
215 572
881 347
999 757
788 59
940 993
727 267
226 875
845 245
530 854
257 678
703 965
632 979
722 960
102 309
219 579
299 540
929 485
33 694
457 330
112 762
844 194
723 957
488 554
940 281
937 755
718 235
209 969
898 528
148 368
297 868
625 591
927 275
736 696
151 725
823 717
866 207
65 531
709 975
258 251
113 743
443 728
135 554
450 650
924 565
800 928
621 868
384 647
536 718
879 96
752 256
468 534
629 286
960 700
222 874
768 152
85 942
817 436
92 781
978 992
359 613
833 789
838 45
122 463
830 106
289 846
493 350
620 494
388 358
500 785
292 224
531 765
804 520
918 552
78 23
743 775
193 786
75 604
393 805
752 470
261 397
828 482
640 308
497 724
634 699
808 107
73 887
564 83
204 502
993 937
96 325
692 992
95 186
327 393
60 951
567 749
517 148
730 910
759 883
829 367
813 981
555 4
162 778
45 637
376 915
734 659
761 175
402 134
200 972
732 363
75 294
218 460
80 513
739 795
540 189
580 17
626 472
10 158
100 503
226 454
627 346
220 162
396 587
300 604
466 370
559 467
105 515
688 740
2 456
29 572
344 626
345 712
581 640
852 934
325 52
643 241
342 219
368 644
411 98
389 967
490 882
506 160
891 509
288 969
788 352
384 482
351 361
586 241
511 284
13 852
587 974
485 960
354 23
486 56
15 350
699 418
609 190
548 12
325 396
339 488
439 229
891 232
500 703
916 447
569 131
687 820
484 675
663 158
181 4
902 45
285 145
476 465
486 61
161 284
769 960
396 856
136 650
181 203
514 737
472 132
257 268
295 994
451 138
201 343
883 128
502 229
776 454
832 971
76 455
857 375
110 655
585 412
760 605
519 784
436 525
158 220
963 15
742 793
411 665
368 365
435 351
244 91
289 168
999 509
49 575
330 19
282 746
223 244
391 355
43 638
490 631
978 84
914 421
213 819
297 819
521 231
612 755
839 900
581 147
29 184
614 905
783 575
529 686
82 72
191 123
559 601
939 60
42 691
999 300
391 728
187 329
16 133
738 750
139 85
404 53
337 455
605 752
786 818
827 412
76 48
60 344
283 317
486 799
904 780
807 33
175 568
693 164
223 23
6 625
571 730
179 475
101 841
583 831
140 449
450 97
205 863
114 660
75 309
154 717
814 856
841 366
657 369
517 749
517 618
938 880
420 556
71 119
382 215
359 646
319 949
446 20
268 239
175 983
661 155
584 116
280 555
85 251
484 297
973 897
385 550
479 163
83 249
464 442
480 79
836 760
606 983
504 525
210 990
600 880
333 484
40 326
197 277
955 3
808 117
995 461
811 209
889 57
224 477
491 183
196 737
839 94
500 967
715 347
348 363
336 797
79 235
862 621
485 721
739 750
97 915
939 41
666 630
273 88
764 128
131 406
777 798
530 995
992 718
558 795
215 997
744 714
565 30
682 526
435 387
657 290
538 402
153 308
694 674
214 817
155 895
62 835
456 794
63 538
12 141
809 829
850 362
55 102
123 54
567 457
566 85
121 240
582 501
309 259
249 293
361 971
876 816
854 847
80 89
738 715
917 726
236 468
675 803
869 579
589 859
745 276
412 380
456 651
62 671
462 224
173 386
740 750
276 598
674 385
233 875
797 262
136 883
48 239
366 59
854 659
746 986
914 820
589 327
13 507
646 221
689 460
444 669
331 592
460 726
174 461
650 228
730 153
339 707
814 540
7 889
221 285
949 58
671 874
673 566
285 525
808 442
116 619
567 531
42 15
866 491
695 523
290 975
427 999
434 76
477 470
321 167
888 918
972 580
415 235
243 644
462 416
955 729
284 19
491 411
597 740
975 708
723 863
463 455
924 995
281 416
890 415
150 706
912 193
874 964
632 928
875 227
980 402
78 661
933 89
51 357
269 968
936 413
934 224
648 345
170 302
174 619
834 751
570 577
924 370
127 836
927 971
353 722
791 648
619 176
933 780
259 134
231 406
189 562
548 643
983 367
694 534
890 648
52 358
297 365
828 977
337 676
248 117
251 124
203 665
108 516
203 224
482 59
61 624
568 264
339 770
405 369
270 791
187 61
98 451
693 535
181 556
268 751
169 687
991 574
650 980
433 667
845 597
116 388
414 972
258 124
18 653
288 278
251 748
611 454
632 670
161 608
840 781
184 219
237 859
550 690
799 132
77 405
673 87
692 11
176 147
164 481
511 685
189 832
188 702
16 748
732 208
747 152
886 299
938 279
171 151
671 968
160 542
495 209
513 118
532 164
615 996
895 544
849 996
230 209
261 59
973 972
623 227
385 717
272 115
237 887
274 770
825 123
874 870
514 376
601 695
950 537
676 734
859 698
466 77
569 763
423 767
79 907
413 867
20 443
637 353
163 592
208 878
117 786
89 269
178 507
961 690
143 40
291 765
769 419
526 629
242 418
962 888
962 423
946 470
764 403
599 406
448 430
168 764
363 193
42 563
345 49
947 700
524 394
465 665
729 69
232 672
170 306
532 140
474 823
555 568
24 242
970 513
569 967
320 574
733 260
110 472
991 860
746 970
61 632
505 318
833 271
435 86
415 307
464 711
353 53
394 804
276 672
129 208
302 900
574 678
446 773
490 116
884 899
274 992
556 18
145 776
387 109
575 259
801 506
168 51
226 536
137 348
121 672
335 649
281 342
208 772
34 11
987 799
670 904
928 680
179 184
3 773
858 766
473 654
127 930
145 191
348 104
386 181
634 107
57 883
479 135
956 156
404 225
107 314
279 776
905 894
488 248
660 195
988 806
228 661
161 244
152 353
836 589
845 748
113 238
716 313
986 91
358 709
91 165
899 426
194 447
965 395
676 835
679 60
209 178
225 508
524 77
374 240
431 273
906 621
312 753
38 941
900 849
715 699
605 625
3 442
580 237
283 474
331 964
621 826
542 130
801 673
928 700
558 761
803 327
82 301
753 886
767 871
772 157
516 238
579 936
911 875
350 431
931 286
721 271
185 588
392 429
250 750
606 868
180 246
194 626
914 602
