2000 4399
3160 241
2881 2810
2345 746
2404 3884
689 2266
3569 4195
3476 3734
465 3671
3923 4349
2875 3022
2351 3232
3079 3425
3304 300
3608 1687
2210 2
2891 1647
3703 421
2383 3853
735 2609
3181 181
1767 2971
3763 3082
3270 3583
3434 3366
513 672
1245 2196
2002 4138
3343 3491
2617 399
434 1363
1226 1467
1153 2378
4382 549
4182 2334
3966 3290
1588 2650
3237 3656
3088 851
2316 2911
2817 3117
2858 229
1120 3212
2647 3845
2602 1173
3695 4176
2235 387
3444 860
3169 3365
2986 2047
1668 749
2509 1002
666 3253
3921 2696
92 1410
1553 4291
615 3595
1336 3680
2329 3538
2401 3914
2918 4144
2422 3818
730 488
3187 502
2526 2258
1725 1760
3097 4015
4114 2036
912 2356
2477 411
2775 2611
3148 2223
3412 3449
2651 2610
4290 2292
684 1297
4395 2964
3396 309
595 3065
1773 168
1733 1217
1849 472
2868 2639
1881 2164
1260 251
4155 1409
4366 4274
499 1535
232 1119
8 1665
1996 3320
2912 2984
3851 1305
1797 1617
1761 3605
473 3513
2993 2030
3284 700
3815 2828
3716 381
2693 3729
2994 2128
4128 1205
215 975
747 3121
905 2957
965 2721
3588 2687
3116 3226
508 1534
1108 1151
2200 1509
17 4042
4178 3932
63 3596
1833 4198
4325 385
3475 2009
1616 71
2522 3986
3926 3555
4201 1433
3613 226
3328 1024
2538 2754
1922 3206
3600 788
1550 2271
338 2330
3835 1843
3976 4280
1227 3385
1475 880
1816 3059
475 2293
3641 22
2454 1129
1449 2680
3697 2037
2776 973
4076 1657
3639 2015
522 1461
340 3637
1817 1020
3111 2188
3706 3161
3945 4368
920 3060
4060 3674
4137 2168
2864 2478
318 3792
3021 3143
2989 2218
1528 3788
3970 621
1960 328
532 2675
353 822
1427 4296
3783 396
3617 35
457 4355
3351 3411
445 203
3087 95
2596 1142
3348 2656
3901 2686
4059 3526
1085 2558
3859 3560
3741 2882
1785 3558
548 2270
2259 2653
2550 2080
784 1071
3566 3522
3317 4028
3460 2591
1643 2872
290 1465
2226 1878
2443 1792
1282 1693
1334 2277
2198 3565
498 2855
1514 424
237 1435
3657 3996
3826 4196
3990 1457
2032 1148
413 1691
1809 3012
1319 487
3061 410
825 3939
2398 3381
1039 2155
269 3563
4005 1180
2452 816
983 117
4346 2748
3984 1491
2282 1070
2780 4098
3003 1206
2814 2613
3685 1536
4036 2742
3794 3128
2479 3006
2531 3441
2281 843
4221 2761
4383 2230
4123 777
1572 330
550 1418
3069 4241
1195 3911
2923 489
1157 557
791 2222
3195 3164
790 3297
681 3294
1910 1667
2670 1200
2812 1349
397 3568
3554 1383
4294 2153
991 3778
382 3881
2769 2455
3897 1372
3643 1931
3567 4293
1892 1970
2778 2565
4121 1973
4298 278
4171 2643
388 2414
2914 3918
3437 779
3689 1310
2850 1799
3493 214
2728 3691
468 1456
713 1804
2415 2737
2085 997
1466 3015
1585 2241
1137 1388
2699 3384
1069 2026
3722 405
2595 271
1806 1393
4356 3745
1625 3951
1571 188
2807 2874
2530 2720
565 1650
2689 123
4278 252
1644 3333
1187 2949
2557 402
1861 2700
2563 1814
3452 2417
1059 2354
4200 1249
4276 2818
2276 2644
1246 1899
787 3126
3450 897
1051 2915
3218 3487
4381 1441
2020 3433
2659 531
806 3266
3634 4302
3791 2253
3166 1655
2503 3886
4115 3238
153 1377
2161 883
1763 1273
3303 3254
781 628
1702 4067
2044 963
1386 61
887 768
3295 3512
649 977
2449 4046
4376 2618
1935 3574
1801 167
1350 4090
2248 2160
4310 3931
3766 2518
3580 3359
1730 176
3456 2906
3329 1742
2969 3492
4249 2545
2924 2294
1380 773
3035 192
2246 3335
415 1025
2471 2567
4351 1172
509 1492
939 2830
1636 4377
1822 3877
3352 4002
1839 1267
955 3571
4165 107
2098 2991
3840 4088
1080 3473
2645 4047
2933 2535
1515 2199
2411 872
718 3919
2137 740
2091 480
87 3950
731 2380
121 3874
1028 3650
1404 2929
725 1944
2129 1455
1688 1127
2624 247
3594 1844
904 678
2145 1389
1032 64
4048 4016
332 2935
212 3417
3330 1734
4018 613
1483 3920
742 3999
967 1956
861 961
1663 249
1307 923
1283 104
3649 4079
4044 3108
2490 3496
2003 1623
3424 2966
832 1308
2654 800
135 138
523 3651
519 2303
1438 3256
3216 2954
3154 4192
2249 2859
98 2724
1364 1303
2623 4193
3080 3042
820 4338
2905 2481
492 453
2337 3523
1041 3110
3020 3357
3122 871
2157 3376
2945 2193
4096 2040
1345 3372
3289 3262
3041 2302
197 2904
1159 2581
3891 1681
49 1292
3991 2156
1784 1424
757 2697
1000 2255
540 3362
697 1871
3863 4341
3503 711
3466 2074
3455 4110
253 334
1193 3388
3426 4017
922 785
143 2967
841 3861
2350 3821
4317 3898
1580 2730
3397 3032
418 3765
3667 2297
190 437
1265 3810
1213 868
4177 3501
3955 1163
3083 2955
336 2799
2895 3345
2824 845
5 326
4030 4118
3100 3626
24 310
1221 119
4282 3712
2323 1835
4203 528
3499 1045
821 2584
3958 460
3399 2190
934 491
4206 4392
456 1699
3406 2777
2533 3053
3156 3562
30 1115
1211 4357
836 3480
2462 1676
1680 1765
2982 1788
2871 775
1406 4387
4152 1399
3490 4197
3980 3827
3149 1595
4268 2676
2927 2295
1304 1661
68 4389
4313 2723
4235 2703
960 3474
2298 1223
4173 3798
1818 2608
1360 1209
3327 149
1116 3539
2186 1604
4001 1731
533 1798
250 4397
1845 668
4148 3502
4027 2612
3606 458
890 1311
4092 3882
752 2540
2787 2694
3233 1672
631 137
416 694
693 3799
611 297
3710 3809
932 365
1795 2622
1036 194
1405 3103
3743 3043
1986 2524
1331 474
2827 2705
1908 2556
2233 3223
4094 3759
279 2287
3494 3828
2006 3736
76 2627
28 2861
1430 2953
3498 430
3708 4061
2873 1523
1981 783
1248 2257
2419 1233
3758 3942
2106 3782
4228 2499
3011 3203
99 1689
3652 21
452 1821
1471 2442
933 4103
2318 1487
2088 1998
470 1392
2472 575
3395 2884
2797 652
1939 3010
1261 715
1340 2167
543 906
409 1259
2112 1675
3949 1537
3058 2913
659 131
640 766
1123 3255
3578 3541
1122 1356
1094 3616
3593 447
1279 44
634 2307
3124 354
2261 1198
277 656
129 3673
205 3410
134 1896
4082 3146
2793 1641
4211 2958
4220 2184
3730 3961
624 1093
3577 2928
4329 1800
174 3924
2217 462
1830 3669
261 4052
2553 3094
3511 601
1166 2474
3844 3184
2463 670
826 177
1985 716
3762 3276
2252 3994
2979 2016
1300 2666
2842 566
3484 1564
4314 745
419 2480
1170 688
1102 266
654 2339
1141 2517
592 2346
1531 106
876 2903
1659 1030
1915 2576
225 2722
3993 4318
1484 3510
1982 3394
2800 2579
1150 2314
2498 2278
1154 2029
3265 3640
1789 3471
1038 4162
3392 3833
2831 2109
1677 4188
1781 3971
567 3755
1005 1077
2589 943
1831 1963
3420 4151
3704 2661
2847 1446
682 391
4345 1997
1790 2669
3465 1860
3624 2027
483 4003
1851 1155
3603 1027
984 469
3102 514
3421 267
471 1254
3469 3130
3472 283
928 1434
2090 3534
3054 948
2625 4116
3016 839
4130 3162
603 2489
959 2203
648 2133
3271 2802
2615 1740
1836 1329
1618 2983
612 1251
366 4010
1953 348
1387 2673
3696 2434
1898 2324
2243 3240
875 2757
895 70
3862 3280
3355 2127
52 1726
1712 2592
2790 2341
2340 2205
341 1858
478 1294
2256 2424
1975 927
886 4058
1046 3963
866 264
1938 1344
3307 3717
4375 2520
3517 428
1218 3500
3527 593
187 954
3858 4300
3133 2863
2427 952
2893 4373
449 1478
2642 3557
3028 1355
45 741
4265 1230
2001 195
1505 2100
275 2514
4399 3905
970 3723
3959 1175
3803 2010
284 637
938 363
3937 3968
3739 1493
3683 3776
4184 1649
769 1296
865 1090
1277 2981
379 433
1186 2353
2159 287
2342 1204
3076 813
2174 899
3913 2187
4053 677
2712 2370
3842 1182
180 3200
1972 130
2862 3813
3533 1886
2502 1110
3727 996
908 1076
1692 3025
2880 4062
823 917
1751 2731
1739 1961
4229 1978
4337 1934
990 937
1253 1756
1289 1177
4238 3870
3995 1539
245 1013
3402 4080
4215 163
2504 2932
4199 1859
794 2325
1923 178
1371 3308
736 4009
867 1512
4131 1065
3482 2231
667 1263
4189 1791
2766 2331
936 80
2494 1966
438 1256
3350 2177
3846 1228
1019 3883
2365 2344
1605 1746
3711 2996
884 774
3592 3288
1628 2571
476 3171
1619 1951
3587 914
909 3315
2962 183
1827 626
4336 3666
2764 3172
978 657
25 930
1694 1919
2813 3630
1238 3895
4202 2320
342 2710
60 2025
1384 3495
2409 3461
3720 600
3573 1551
3436 4055
1169 3183
1044 3688
3829 3889
323 364
2569 4122
3093 2995
4365 2467
3356 585
2125 3546
1156 987
2453 2587
455 4393
586 1853
1058 1416
3718 1306
1247 3279
3151 3664
3795 889
4025 3787
1179 1757
1103 2352
1884 1301
2907 2635
389 1015
1191 14
2529 4004
40 3305
4075 3084
3244 50
1214 3540
663 3001
185 2711
946 3927
2209 2975
1589 3173
1738 3091
743 3644
102 1732
3092 2566
1662 645
1413 2433
1568 3764
4169 1570
3196 3780
671 1184
1202 1054
1067 1856
3681 1782
1635 2674
2372 1721
2848 1034
459 1992
3380 2141
3614 3440
1525 4364
3321 664
1149 1683
1968 4041
1086 1819
951 4
3354 3941
1621 4127
2677 1552
4029 979
2369 2240
404 42
2328 15
3115 1397
805 3227
3478 3855
2671 3948
3066 1987
607 3544
3062 3008
1354 3528
1130 1229
448 3157
1719 2658
3373 1327
1707 4135
359 1629
3119 2227
1947 3312
2926 4012
3300 1280
2079 4142
1207 1239
801 1907
2495 1317
3319 1743
9 542
1808 1508
3750 858
2170 1091
795 3604
1064 561
3802 1347
1488 3865
3018 503
3201 1777
2511 1269
3219 1613
4306 4344
3893 4149
2681 1335
719 1737
852 4064
343 3387
2078 3261
451 2183
1779 3834
3264 4212
2771 1258
2900 1752
3508 2792
1008 4210
3039 1646
584 1565
2077 2008
390 3935
3483 435
2361 1807
243 2441
980 3298
3514 3866
1673 3247
4304 3635
3123 2065
618 3197
2849 590
737 4035
4323 1237
846 2951
39 1490
2865 2750
2201 714
2922 3831
1917 1476
2956 1950
4307 1477
2483 2789
919 4086
2375 126
3784 1139
3470 2947
2296 802
1075 3057
3848 1009
436 2649
79 1518
4239 1587
2605 3340
2660 3535
1199 3612
2791 2138
2628 4216
786 3713
898 3398
1232 2852
2033 3598
2547 1348
1825 136
1107 1890
1826 1594
3416 3427
2779 2408
234 2992
2060 4187
4388 2902
3752 2066
4321 2216
953 819
3672 4105
2395 2396
75 3375
486 3485
1755 847
1023 3234
4217 2857
691 1330
1796 3435
570 2154
2564 2578
211 1143
1231 2487
2403 3228
3457 3967
1026 308
2373 4354
1244 2607
2601 3873
1769 1883
3537 3096
2746 1255
2598 1321
2493 2921
1780 2977
3529 4084
4244 48
2606 2539
2708 2678
1708 2362
789 738
1945 2384
650 1367
623 3067
562 2774
1770 1573
2343 2515
3930 2416
2582 3120
1140 2429
3636 972
3607 1496
2092 2041
2095 862
971 4394
3952 1872
3556 2835
2221 710
1121 1056
4233 1652
3269 2301
4374 2597
3323 321
2247 877
3552 1320
3590 32
2304 1385
1106 4227
2749 91
544 3090
3909 2086
1685 3210
3805 1390
3486 686
2690 2586
891 1185
358 2437
3775 1394
755 3468
4065 115
2131 3301
3127 4156
520 3894
3516 3903
2262 351
484 219
4271 4240
2070 1479
3611 2043
2513 2445
1339 776
3850 1322
3222 1144
2838 230
4256 4275
1474 4254
538 1747
1197 704
2360 815
311 633
2946 3553
1532 2594
1957 368
810 209
1875 3198
1087 2421
222 3448
2588 370
662 2890
3243 962
707 944
3224 893
3358 403
151 3767
1549 133
1212 2834
577 2505
2097 4281
3391 2299
3202 292
4120 295
4225 1952
2898 3808
2580 1043
1458 1930
712 4273
1980 2575
4252 1706
4129 246
1407 4175
4038 4158
3561 1460
3769 3257
1073 4363
3751 3922
7 1068
4398 966
3998 3929
2242 1717
574 2381
1047 2573
2279 1503
1936 2570
1408 2878
2485 1744
2866 2461
2251 464
1050 3542
4078 581
3786 3278
156 3975
3699 2938
406 915
3005 1419
4326 619
444 3158
2987 3525
1168 2053
2162 3969
461 3956
3360 113
4285 1904
4396 182
1220 2486
1323 2336
31 467
1948 3761
4034 1473
1145 2664
2537 4272
3515 1061
605 3451
2767 2784
1183 2909
2968 2811
3843 440
723 1312
3892 758
729 3852
1984 2952
2420 1358
3589 263
1630 4154
1632 2707
2549 748
1622 1529
3134 347
4219 4390
1829 4303
186 1190
3105 3707
958 1040
2741 2743
3908 3740
2782 4043
3912 1033
541 2064
1971 2719
1593 982
2347 3816
3677 1162
635 646
1965 74
2734 274
1374 147
537 1682
3915 1096
3056 3178
3040 1637
4106 3191
4045 78
2735 3521
3007 3167
1762 1489
3896 2523
1454 3687
1847 2400
97 4205
2234 2000
2468 3576
3063 1447
675 77
2050 3
1174 1007
2285 685
2272 3101
3659 3150
2492 517
2805 1443
3807 2250
3547 2062
3709 4213
1561 2118
512 3899
568 599
380 10
3014 753
547 2300
427 1750
2688 4179
477 4145
3405 2052
3760 4266
1241 1396
2207 701
2069 3934
3694 89
2290 3374
3379 1502
2783 4246
1558 3572
1290 1092
1620 4133
1991 4223
3229 1848
161 2393
1606 3208
2816 1560
1361 4139
840 705
322 1126
3313 811
2447 4007
112 417
3989 706
3051 3337
3875 974
3285 2762
4253 3785
441 1803
2197 124
3431 33
3940 4386
1357 3463
3804 4391
594 3489
674 1700
4361 3050
703 3837
2616 1946
1114 3698
1445 3144
3145 2073
3721 2736
3336 2652
4113 1714
956 2143
216 3609
2204 58
3625 4289
4352 239
3221 2867
497 2544
1805 2555
3004 3190
446 2103
158 1421
2379 3746
1608 587
2833 1018
3089 4013
1696 361
1820 3654
1927 1332
2326 1314
2072 3017
1181 3825
739 2007
4170 3239
878 1664
3251 3509
771 3714
1266 1439
1219 1133
1778 4334
4236 3479
333 1841
831 4379
1969 1499
505 1545
325 3838
285 2374
1495 2348
109 1611
2178 1353
3141 408
3214 422
4146 4140
1328 2388
1690 3349
552 4264
4267 1530
2317 258
2435 3623
2604 2684
3369 16
3647 2941
988 1658
2786 669
1542 3817
1720 1597
3481 3064
2087 4237
1171 3770
850 3068
2714 315
3777 54
551 103
3044 855
3749 2532
442 589
1285 2136
1442 4161
4095 3880
2280 3316
3973 1369
152 3013
1596 2988
289 1270
1768 414
3263 598
2543 240
734 400
1897 1614
62 1381
1341 299
3055 4164
1510 2385
303 2358
244 2548
2111 3386
3847 2102
3789 4350
2245 4292
2846 1420
4022 1352
4299 1342
100 3983
4308 2507
4153 3131
1669 3072
673 2744
179 2349
1873 2469
1373 2756
1252 4301
3820 2839
12 4260
1869 3165
1095 1563
139 1994
1425 3871
2425 3422
4124 386
1601 2413
1083 2022
2729 885
2239 1257
4255 280
1240 2059
2620 4218
3505 3678
159 3414
722 2410
2825 3747
2181 2151
3925 3957
2641 3715
2220 3591
2668 1132
3620 2646
170 3645
1021 2716
2980 3023
3638 2497
3742 1754
817 2819
2763 2706
145 3584
13 4180
995 1111
204 921
2883 1921
1901 546
2075 450
2149 949
559 3296
3400 2081
4117 3074
4342 1291
426 4119
4159 564
3259 3118
4108 3519
1109 1368
201 591
3046 3621
818 3518
1338 3619
1741 1521
2577 1716
2428 4150
4097 2144
1105 1147
3725 4359
150 3009
2179 1578
616 3095
1398 1654
3192 911
1264 2338
856 429
395 2275
1462 641
1324 853
942 1802
82 554
510 51
1464 111
398 756
1864 3445
1082 2475
4247 66
3168 2096
132 3273
3344 2315
69 1541
1933 3140
1160 844
1128 304
4222 2476
2803 1057
1885 2311
2960 1810
2702 869
2238 220
2107 602
4147 2017
2150 4261
2265 2189
2491 463
1603 184
490 3597
2439 3549
383 312
727 1189
3442 525
2192 1216
3582 3658
3570 597
3403 3928
964 1577
4204 4245
3779 2751
1834 1003
3888 576
3081 2976
1840 4186
3985 319
228 580
3306 812
3684 1014
926 2815
1729 171
2998 1704
940 3000
2726 1710
629 2804
3413 2568
4362 337
3114 993
1723 2169
792 1559
2093 141
3890 4073
1161 1895
582 3793
2473 3693
3857 772
1295 1555
1812 213
3331 1158
1999 2939
2094 2019
105 4051
3550 2785
155 202
1554 3737
2822 294
3205 2397
3211 2888
3176 1724
780 3185
1423 233
3790 2054
1627 1902
3368 2634
493 3916
1988 1609
1926 1210
3756 306
4269 199
1272 3086
2752 3246
3052 3997
1268 903
2854 298
1167 3322
935 4208
2012 2740
1243 1063
26 1882
2698 3462
834 2806
687 1642
4050 3175
377 1591
3026 2886
1865 345
3367 1928
3099 1470
94 1891
1544 2630
352 900
2691 1017
2031 101
3318 1152
892 4068
2961 1728
355 1287
636 1236
647 759
981 3506
625 2430
3268 293
2224 3418
3536 2046
3692 992
1557 2692
1513 265
2901 1225
1660 2148
690 23
1498 3401
86 198
2264 2045
3665 3548
20 4000
4070 164
72 1670
2120 2130
1556 2363
2122 1749
3209 3668
2244 1315
3797 863
2801 3819
4328 1846
3048 2562
3458 4008
539 2023
4056 4104
3236 4372
4250 744
242 3231
495 2459
4207 3432
3070 3293
1062 344
2387 683
375 3663
2845 1507
282 3628
1748 1403
3047 238
3189 2667
3700 2648
114 3309
2772 2944
1916 765
3282 3682
2753 2897
1651 2229
1522 481
4167 515
2973 466
2108 2126
307 2516
1671 3249
643 702
733 2466
999 572
3459 339
2809 3453
127 3868
3900 1165
1566 47
1870 3215
2152 3906
4099 4157
1313 560
2283 2158
90 4360
2182 43
2014 2267
2506 1906
2391 849
507 2899
1911 2431
227 2215
2948 3981
320 173
1365 2291
262 4277
4181 1943
3977 2798
1914 257
1964 485
2713 1793
1436 1538
56 1976
2423 3953
3364 2534
526 88
1131 2672
3618 36
1299 2482
573 3027
1176 1718
423 1894
1893 4125
1481 160
1451 2105
3419 4037
4039 3504
394 327
2985 142
2484 38
4367 2269
814 3188
93 1235
3292 1006
2390 3283
350 676
2841 2440
2312 4343
1774 2781
392 1775
2438 2943
2448 2765
1959 947
4006 620
2211 224
660 3112
614 4358
661 2679
3152 4279
2821 2359
3938 3812
4384 2889
925 894
6 2972
4054 2366
273 4011
4214 37
4209 2717
1913 2119
1679 2067
1794 4112
4312 4040
407 941
1776 2063
3104 1686
1366 1764
910 3272
4297 2554
555 1440
2355 1645
1866 1276
2268 4163
3311 4136
1758 162
4333 1194
2655 2832
2288 2614
3902 521
2206 2758
4340 1316
393 945
432 1705
797 81
420 3564
1979 1088
4369 2446
2034 833
2021 1055
4101 1125
2860 1480
3823 3034
2632 3341
1590 4262
2942 2869
3872 1735
2115 2963
1192 842
1610 2180
2306 1188
4087 2004
2919 3987
1520 2013
1428 3404
2508 218
1196 698
1135 1414
3075 3885
2035 3962
3429 2382
4032 1666
3177 2407
256 4370
1880 248
4074 2140
1074 3806
3129 1920
1766 53
349 1824
281 579
968 2335
2978 57
4168 2386
2319 4234
3186 2175
1786 362
1581 732
1715 665
3701 2829
3363 2970
1463 653
85 3347
2885 1903
291 2512
2685 2084
888 1468
96 2826
1993 2701
157 4330
367 2450
2166 4019
371 169
622 3954
1098 3142
2327 957
1828 3207
695 1868
708 4385
4380 1293
720 4319
2321 19
4143 374
3488 2367
3946 3615
1624 296
3136 1569
3832 2542
2631 217
1029 2510
2934 1318
3796 1400
1011 4331
1136 3814
1753 1579
1855 3642
193 1727
879 1639
3839 1042
346 3370
2528 2232
3869 803
1584 231
3033 2371
1876 166
3964 918
2101 3138
651 4134
2176 2916
1112 588
4324 763
1486 3326
3648 2018
1929 1201
1271 2552
2626 1275
4322 2662
3430 2768
2755 2837
2117 3599
140 4020
2212 4024
721 3887
1543 3753
1925 1417
2406 2139
4316 3907
1524 1583
782 286
2665 236
1325 2930
1811 254
2195 1234
2165 2308
1526 2263
799 1842
2172 3194
2284 1854
27 3543
2910 642
4111 3841
2134 3655
3170 1215
1146 288
2457 3686
2590 1485
1288 2332
1918 3179
4194 4021
3389 1459
1346 3943
165 848
2583 2068
534 3073
4283 1783
2039 3078
4033 1031
4311 207
305 1711
2637 882
1648 4107
2444 3248
2426 2770
1504 1203
3738 516
316 2773
1547 3497
2950 4286
1262 4185
3409 2936
454 3944
1506 2877
4309 3174
1079 3719
2185 2621
986 2042
2274 2110
3754 1134
655 2536
630 2990
1351 272
2333 2376
1678 3085
535 3310
3728 3029
1516 3204
2974 3299
2682 206
717 1412
3771 2585
2796 1494
1548 767
189 1517
857 500
3960 4072
2146 260
3267 1787
3339 2937
1772 4071
3036 2629
3800 4126
3332 835
3220 1099
4263 3454
2496 709
1164 1527
148 1100
3867 2738
1097 4259
1582 610
18 804
989 3287
4251 200
558 2024
1016 2377
3163 2704
1703 506
1634 3910
4132 1343
1117 221
3155 1113
1640 4335
3627 4284
4258 3864
679 120
2389 3974
2892 2599
1500 1879
2236 4242
4378 1949
3860 1546
1118 527
3602 314
1759 699
3467 3423
125 41
1574 3726
4160 1250
807 3581
2436 2056
356 1576
3019 1962
4348 1049
317 2305
1937 1333
2273 2527
4089 2082
1089 2055
1222 1286
524 3545
511 2392
172 1511
4183 2559
2254 828
494 2638
369 4174
2083 3879
2456 4226
902 302
2747 3077
604 1022
1224 235
728 3024
259 116
3744 2464
1924 2561
3383 3731
924 3125
724 2357
4232 3447
896 4190
1709 4026
3836 2870
1850 2760
4141 3610
65 3281
223 2028
4077 1450
609 1337
29 2089
2840 1562
2132 1278
4031 4014
1736 4243
2572 3245
270 3346
2925 2173
146 301
1274 754
2959 2099
3153 412
1053 1448
1497 2808
1035 3193
1989 1084
2116 4288
4371 34
3757 1178
2289 3361
3675 1823
2823 3551
1101 617
2683 3982
118 3811
2460 2260
2225 3230
3393 2202
1001 3979
2322 4166
931 3439
2521 3631
1302 4172
1607 2541
2636 2124
2219 2038
2114 2600
2603 3679
2999 3217
3225 3038
2488 3772
431 3428
1104 518
2709 1378
1052 3904
4257 854
3965 1905
443 3291
2695 1888
2920 3507
3443 1060
4315 2402
1600 916
46 1857
2501 1426
2058 606
3559 83
608 3382
1599 4091
4066 3653
1701 3690
3446 696
3530 2836
1995 1359
760 4049
