802718394
854075522
669636571
886311002
854075522
854075522
840422879
840422879
854075522
837440939
807188985
737016532
840422879
716776825
802718394
854075522
854075522
701140192
854075522
917337861
917337861
854075522
917337861
807188985
840422879
840422879
745835112
802718394
837440939
917337861
917337861
854075522
854075522
611963479
917954473
840422879
840422879
713495067
852167580
854075522
820843784
854075522
737016532
854075522
518827885
854075522
669636571
854075522
867827936
647711340
854075522
854075522
854075522
886311002
839089522
844291432
820843784
820843784
854075522
854075522
764068501
840422879
662392717
892409014
917337861
840422879
601160141
737016532
737016532
854075522
820843784
854075522
849931446
889269629
754553255
854075522
840422879
854075522
886311002
854075522
854075522
917337861
854075522
854075522
854075522
818535027
854075522
840422879
854075522
854075522
854075522
757779017
700592545
612205106
735760010
854075522
854075522
854075522
886311002
801916691
892409014
963301911
757026258
903050989
854075522
819497802
917337861
854075522
890056240
854075522
854075522
840422879
802718394
807188985
585064525
802718394
592493484
840422879
854075522
820843784
854075522
854075522
854075522
802718394
854075522
854075522
854075522
854075522
854075522
879786944
854075522
820843784
917337861
700592545
854075522
854075522
414095210
840422879
854075522
854075522
820843784
917337861
802631742
840422879
854075522
788789139
783363038
802718394
948351608
945366942
669636571
837440939
840422879
737016532
854075522
854075522
917337861
533807928
820843784
820843784
839089522
854075522
854075522
837440939
854075522
787236022
854075522
854075522
839089522
940290334
802631742
736209256
889118978
854075522
783363038
854075522
792397794
837440939
820843784
591012225
854075522
837440939
737016532
840422879
820843784
854075522
854075522
801916691
801916691
840422879
879786944
820843784
820843784
854075522
854075522
854075522
854075522
878041417
820843784
880811197
854075522
854075522
854075522
854075522
854075522
917337861
854075522
854075522
854075522
917337861
892409014
648833948
917337861
737016532
840422879
917337861
934081056
840422879
917337861
840422879
819497802
764649364
917337861
917337861
883158375
669636571
869379245
917337861
802718394
669636571
820843784
840422879
886311002
839089522
820843784
917337861
558228298
783363038
840422879
854075522
854075522
854075522
802631742
854075522
802718394
917954473
769990512
802718394
736106659
458627631
854075522
860618239
889269629
854075522
854075522
820843784
874599068
917337861
839089522
820843784
917337861
854075522
854075522
917337861
854075522
661368565
854075522
753604096
901912370
854075522
820843784
837440939
802718394
854075522
801916691
854075522
820843784
854075522
854075522
802631742
892409014
854075522
881870287
854075522
802718394
405823197
840422879
840422879
820843784
820843784
917337861
840422879
854075522
840422879
917337861
854075522
820843784
792009851
669636571
736106659
869559200
886311002
854075522
854075522
801916691
854075522
840422879
801916691
914383208
917337861
840422879
854075522
892409014
783363038
840422879
886311002
886311002
840422879
837440939
854075522
886311002
854075522
898401692
917337861
840422879
854075522
854075522
802718394
802718394
820843784
917337861
854075522
854075522
713495067
820843784
917337861
745835112
902491924
869379245
854075522
840422879
840422879
538891562
840422879
886311002
581739425
854075522
854075522
854075522
839089522
669636571
802631742
917337861
662392717
736106659
837440939
792397794
854075522
917337861
840422879
854075522
854075522
854075522
802718394
854075522
533807928
596977455
754700975
854075522
917337861
820843784
854075522
852167580
854075522
840422879
669636571
840422879
802718394
854075522
854075522
917337861
887942332
840422879
945366942
917337861
840422879
820843784
840598482
802718394
917337861
840422879
914383208
917337861
854075522
839089522
745161392
886311002
917337861
819497802
866710342
917337861
745835112
809240407
854075522
917337861
854075522
840422879
736106659
886311002
792397794
854075522
854075522
854075522
854075522
840422879
854075522
802718394
792009851
820843784
820843784
802718394
886311002
801916691
840422879
940290334
854075522
840422879
840422879
854075522
837440939
854075522
840422879
854075522
839089522
917337861
808042538
854075522
732037963
854075522
820843784
854075522
840422879
837440939
854075522
917337861
807188985
886311002
854075522
745835112
840422879
854075522
854075522
854075522
917337861
917337861
854075522
819497802
854075522
854075522
820843784
904668337
732037963
886311002
678455514
854075522
820843784
294365466
807188985
840422879
854075522
757026258
886311002
854075522
917337861
820843784
736106659
940290334
854075522
837440939
854075522
840422879
854075522
854075522
854075522
854075522
854075522
820843784
886311002
820843784
903730302
840422879
854075522
854075522
736209256
854075522
854075522
854075522
802631742
561121173
736106659
854075522
854075522
670090959
854075522
886311002
914383208
713495067
854075522
807188985
854075522
840422879
854075522
820843784
854075522
917337861
840422879
917337861
647487493
854075522
854075522
737016532
802631742
713495067
854075522
854075522
914383208
840422879
854075522
840422879
820843784
840422879
854075522
737016532
854075522
854075522
854075522
820843784
854075522
886311002
802718394
713495067
854075522
854075522
802718394
840422879
917337861
856789692
603738235
840422879
807188985
854075522
820843784
854075522
854075522
626480099
840422879
820843784
854075522
854075522
917337861
854075522
609914758
801916691
886311002
854075522
914383208
820843784
854075522
854075522
899203795
820843784
854075522
940290334
940290334
854075522
854075522
783363038
854075522
917337861
854075522
917337861
802631742
662392717
820843784
854075522
745835112
854075522
854075522
854075522
854075522
854075522
854075522
854075522
854075522
736106659
802718394
792009851
854075522
917337861
854075522
737016532
820843784
840422879
854075522
737016532
837440939
854075522
802631742
840422879
820843784
792397794
917337861
854075522
854075522
892409014
820843784
840422879
840422879
854075522
807188985
854075522
854075522
854075522
840422879
802718394
713495067
840422879
854075522
526441165
713495067
802718394
820843784
917337861
820843784
886311002
854075522
419441077
801916691
917337861
917337861
737016532
854075522
737016532
802718394
854075522
360305752
854075522
917337861
840422879
854075522
864525096
839089522
854075522
854075522
917337861
917337861
742915315
854075522
854075522
854075522
669636571
840422879
854075522
889269629
854075522
718710969
820843784
807188985
820843784
854075522
802718394
892409014
917337861
854075522
854075522
783363038
854075522
854075522
736106659
840422879
854075522
914383208
917337861
826385369
917337861
854075522
945366942
805805374
854075522
915768411
737016532
802718394
820843784
820843784
854075522
839089522
839089522
886311002
700592545
854075522
903050989
892409014
854075522
736209256
820843784
593174715
854075522
788789139
840422879
854075522
802718394
854075522
820843784
886311002
881870287
464516696
802718394
745835112
840422879
839089522
807188985
805805374
839089522
854075522
917337861
854075522
802631742
854075522
866710342
871382404
820843784
854075522
840422879
854075522
854075522
917337861
840422879
820843784
802718394
820843784
854075522
914383208
854075522
802718394
854075522
854075522
764230373
840422879
840422879
854075522
889118978
917337861
658558584
745835112
886311002
820843784
902491924
886311002
737016532
917337861
792009851
840422879
802631742
537694422
854075522
917337861
880811197
854075522
854075522
868997983
940290334
819497802
917337861
840422879
854075522
917337861
483200217
917337861
854075522
917337861
917337861
820843784
854075522
854075522
854075522
925366437
820843784
917337861
807188985
854075522
819497802
840422879
886311002
840422879
820843784
854075522
854075522
886311002
802718394
802631742
840422879
802631742
917337861
801916691
917337861
854075522
902491924
854075522
840422879
889269629
702534501
840422879
889269629
854075522
700592545
738679353
808042538
837440939
700158943
839089522
840422879
854075522
839089522
854075522
864525096
840422879
854075522
854075522
792397794
737016532
737016532
702534501
840422879
854075522
854075522
854075522
840422879
917337861
757026258
854075522
839089522
854075522
802718394
745835112
854075522
854075522
854075522
854075522
854075522
917337861
854075522
854075522
837440939
840422879
854075522
917337861
820843784
716776825
917337861
840422879
712223420
596977455
309565057
792009851
802718394
863056677
802631742
917337861
712223420
854075522
854075522
802631742
854075522
871969417
745835112
801916691
802718394
854075522
886311002
840422879
917337861
854075522
849931446
825278580
940290334
837440939
854075522
802631742
854075522
854075522
792397794
917337861
886311002
840598482
820843784
820843784
837440939
840422879
854075522
854075522
901912370
854075522
854075522
891864562
820843784
670090959
917337861
691337829
917337861
864525096
889118978
854075522
886311002
840422879
886311002
839089522
820843784
854075522
840422879
854075522
840422879
917337861
886311002
820843784
854075522
886311002
854075522
854075522
917337861
917337861
854075522
917337861
585064525
854075522
889269629
854075522
854075522
864525096
840422879
840422879
854075522
419441077
854075522
840422879
854075522
889269629
854075522
854075522
854075522
807188985
917337861
840422879
854075522
745835112
854075522
820843784
854075522
854075522
886311002
802631742
854075522
840422879
820843784
839089522
840422879
840422879
582188018
802718394
917337861
534751170
837440939
854075522
802631742
737016532
819497802
854075522
854075522
611963479
854075522
854075522
854075522
917337861
886311002
840422879
854075522
802718394
700592545
854075522
854075522
837440939
837440939
854075522
820843784
840422879
802718394
840422879
854075522
758631839
886311002
840422879
