1000
0 0 1 0 1 1 1 1 0 1 1 1 0 0 1 0 1 1 1 0 1 1 0 0 1 0 0 0 0 0 1 0 1 0 1 0 0 1 0 1 1 1 0 0 1 1 1 0 1 1 1 1 0 0 0 0 1 1 0 1 1 0 1 1 1 0 1 0 0 1 0 0 0 0 1 1 0 1 0 0 0 1 0 0 1 0 0 1 1 0 1 1 0 0 0 0 1 0 1 0 1 1 1 1 0 0 1 1 0 0 1 0 1 0 0 0 0 0 0 0 1 1 0 1 1 1 0 1 0 1 0 1 0 1 0 1 1 1 0 0 0 0 1 1 0 1 1 1 1 1 0 0 0 1 0 0 1 0 0 0 1 0 1 1 1 0 0 0 0 1 1 0 1 1 0 1 1 1 1 1 0 0 1 1 1 1 0 1 1 0 0 1 0 1 1 1 0 1 1 0 0 0 1 1 1 1 0 0 0 0 1 0 0 1 1 1 0 0 1 1 1 1 0 1 0 1 1 1 1 1 0 0 1 0 1 1 0 1 1 0 1 1 0 0 1 0 1 0 0 0 0 1 0 0 1 0 1 0 1 1 0 0 1 0 0 0 0 0 0 1 1 0 1 0 0 0 0 0 1 1 1 0 0 1 0 0 0 1 0 0 1 0 1 0 1 1 1 0 0 1 1 0 0 0 1 0 1 0 1 0 0 1 0 0 0 0 1 0 1 1 0 0 1 0 1 1 1 0 1 0 1 0 0 1 0 0 1 1 0 1 0 1 0 1 1 1 1 1 1 0 0 1 0 1 1 0 0 0 0 1 0 0 1 1 1 1 0 1 1 1 1 0 0 0 0 1 0 0 1 1 1 1 1 0 0 1 0 1 0 1 0 1 1 0 1 1 1 1 0 1 0 0 1 0 0 1 1 1 1 0 0 0 0 1 1 1 1 1 1 0 1 1 1 0 0 0 1 1 0 0 0 0 1 0 0 0 0 1 0 0 1 1 1 1 0 0 0 1 1 1 0 1 0 1 0 1 1 0 0 0 1 1 0 1 1 1 1 0 1 1 0 0 0 0 0 0 1 1 1 1 0 1 1 1 0 1 0 1 0 1 1 0 0 0 1 0 0 1 1 1 0 1 1 1 1 1 1 1 0 0 1 1 0 1 1 0 1 0 0 0 0 1 1 1 1 0 0 0 0 1 1 1 1 0 0 0 0 1 0 0 1 1 1 0 1 1 0 0 1 0 1 1 1 1 0 1 1 0 0 1 0 1 0 1 0 0 0 1 1 1 0 0 0 0 1 1 1 0 0 1 1 0 1 0 0 0 0 0 1 0 1 0 1 0 1 1 0 0 1 0 0 0 0 0 1 1 0 0 1 0 0 1 1 1 1 0 1 0 0 0 0 0 1 1 0 1 0 0 1 0 0 0 0 0 1 0 1 1 0 0 1 0 1 1 1 0 0 0 0 0 1 1 0 0 0 0 1 0 0 1 1 0 1 0 1 1 0 0 1 1 0 1 1 1 1 1 0 0 1 0 1 0 1 0 0 0 1 1 1 1 1 1 0 0 1 1 0 1 1 1 1 1 0 0 0 1 1 1 0 1 0 1 1 0 0 0 1 0 0 0 0 0 1 1 0 1 1 0 0 0 1 1 0 1 0 1 0 0 1 1 1 0 1 0 1 0 1 0 1 1 0 0 1 0 1 0 0 1 0 0 0 1 0 1 1 0 1 0 1 1 1 1 0 1 0 1 0 0 0 0 0 0 0 0 0 0 1 0 1 0 1 0 0 0 0 1 0 1 0 0 1 1 1 1 1 1 0 0 1 0 0 0 1 1 0 0 0 0 1 0 1 1 0 0 0 1 0 1 0 0 1 0 0 1 1 0 0 0 1 0 1 0 1 0 0 1 1 0 0 0 1 0 0 0 0 1 1 1 1 0 1 0 1 1 1 0 1 1 1 1 1 1 0 1 1 0 0 1 0 1 0 0 1 1 1 1 0 0 1 1 0 0 1 0 1 0 0 0 0 0 0 0 1 1 1 1 0 1 1 0 0 1 1 1 0 1 1 0 1 0 1 1 1 1 1 1 1 0 1 0 0 0 1 0 1 1 1 0 0 0 1 1 0 1 1 0 0 1 1 1 0 1 1 1 1 1 1 0 0 0 0 1 0 1 1 1 0 0 0 1 0 1 1 1 0 1 1 1 0 0 1 0 1 0 1 1 1 1 1 1 1 0 0 1 0 0 1 1 1 1
1000
716 860
51 755
72 686
84 212
658 812
159 679
204 974
50 418
44 408
81 997
478 866
685 811
174 544
340 496
395 971
415 533
684 892
146 640
669 753
91 435
454 576
74 744
567 979
317 965
815 965
221 779
234 600
398 966
100 766
245 817
210 260
158 172
8 942
479 773
330 654
214 710
32 634
301 339
720 980
259 389
2 242
59 891
516 748
103 409
778 852
10 836
670 734
393 695
163 871
352 554
229 585
95 589
790 862
293 437
260 328
191 771
226 304
231 615
648 940
727 739
233 691
872 882
660 860
185 467
170 866
127 997
70 950
74 474
85 937
17 721
121 553
497 693
38 924
107 595
36 378
497 773
205 309
61 143
158 474
633 633
119 159
19 379
331 931
475 871
287 623
559 581
312 452
226 952
371 559
642 760
299 845
537 781
309 971
456 572
586 880
626 808
325 897
714 818
324 574
557 613
273 981
825 831
647 809
82 616
430 554
41 237
61 305
204 792
724 820
270 856
189 859
533 893
214 862
22 402
557 699
343 495
501 973
695 919
302 402
2 264
176 582
58 604
18 808
178 492
117 619
296 466
170 258
47 869
634 780
480 898
401 675
56 982
142 258
148 486
100 226
822 844
148 532
781 995
105 907
693 741
599 639
536 550
274 792
413 887
281 619
593 833
263 545
576 772
315 943
221 587
405 449
440 962
650 696
336 930
242 854
297 563
242 652
205 531
484 804
147 901
40 532
271 989
226 592
192 976
40 628
463 497
240 482
703 975
191 479
276 604
359 465
737 875
349 767
522 862
13 433
509 973
35 855
273 483
243 957
120 584
240 756
186 314
585 759
199 299
437 533
174 194
59 701
176 774
368 890
83 889
767 901
423 667
574 692
612 886
41 507
148 440
810 994
734 912
70 854
238 864
125 721
182 832
307 449
346 980
734 984
571 699
275 387
300 798
107 833
46 68
11 97
483 963
78 316
277 665
555 911
45 223
338 698
527 893
146 262
328 896
1 397
346 660
851 873
569 861
279 473
310 964
563 755
366 926
57 409
201 761
179 485
236 248
163 719
782 880
54 402
190 832
416 570
291 617
16 384
33 725
171 763
423 833
28 338
233 483
198 518
328 824
336 440
86 804
667 687
410 518
193 669
627 763
832 882
241 835
371 391
377 827
287 329
117 291
161 717
273 469
242 746
241 849
205 977
127 731
601 819
279 929
52 170
66 330
83 119
274 868
138 680
393 437
607 853
533 679
339 621
218 756
726 928
2 924
251 587
158 366
705 779
101 111
173 709
517 841
490 824
97 539
183 521
828 882
54 966
96 576
829 829
252 452
98 788
355 559
606 878
850 906
602 876
330 844
79 609
260 524
188 280
639 915
378 962
223 373
336 444
24 950
439 639
479 823
434 532
306 638
571 927
405 795
414 696
401 637
221 813
118 584
441 453
624 828
3 761
319 619
216 324
332 952
766 866
29 119
94 476
22 794
896 926
547 877
676 700
64 360
162 528
903 935
254 876
123 351
436 770
345 855
311 897
652 668
752 836
67 75
211 373
49 191
507 827
677 723
134 342
199 443
275 351
831 945
195 823
160 222
199 615
94 294
291 929
426 450
246 942
165 769
528 532
476 838
98 490
320 748
735 739
639 937
465 989
705 751
25 71
212 594
324 942
455 799
98 490
816 818
232 522
122 128
49 489
759 981
853 897
204 442
949 967
884 946
556 716
74 764
500 970
132 540
48 372
600 708
141 567
478 722
793 907
587 763
202 728
468 940
216 650
480 940
478 970
413 817
605 893
347 765
293 701
127 803
165 385
174 188
148 372
364 644
412 756
216 924
222 786
39 563
350 590
661 867
175 473
140 184
13 369
735 839
73 289
100 254
364 536
508 720
606 904
398 492
261 859
137 849
665 893
547 753
390 942
482 692
543 657
343 491
488 518
537 849
103 805
32 814
656 978
675 763
503 833
364 834
144 648
495 545
865 909
58 982
314 768
526 740
427 449
141 829
560 892
158 924
515 829
926 936
8 678
316 788
677 825
536 924
172 438
293 815
87 407
276 680
296 382
173 869
675 975
732 744
348 906
282 684
175 375
281 575
360 596
374 586
525 917
251 511
451 913
398 822
659 773
334 968
321 973
185 445
6 656
157 411
138 570
438 700
91 445
558 944
174 418
413 563
411 477
229 399
21 239
76 416
630 744
345 717
639 687
1 9
155 537
745 809
99 239
37 705
314 948
243 463
596 686
285 983
130 342
430 590
455 951
113 771
140 442
287 339
603 701
774 784
84 648
652 766
5 183
569 667
354 690
343 917
318 374
168 350
829 891
440 654
235 811
857 879
34 374
111 645
22 926
46 768
228 746
266 646
696 756
263 689
562 830
44 208
531 673
357 855
570 616
600 670
328 800
754 876
144 868
69 783
299 415
231 679
118 940
813 967
60 266
104 972
797 901
677 831
554 850
102 824
356 768
23 341
173 867
313 631
199 201
729 941
145 915
50 356
175 861
209 627
583 987
143 577
302 570
136 308
521 885
432 948
407 721
89 449
403 565
141 921
692 778
109 119
603 685
84 336
695 967
147 847
58 586
123 933
259 885
17 695
655 737
217 415
728 772
73 549
368 924
80 520
264 470
249 515
193 383
61 379
692 906
307 737
485 621
275 585
231 309
389 531
879 923
830 884
16 622
146 506
661 683
281 771
538 682
449 701
97 787
12 728
425 623
372 482
289 891
421 975
458 834
139 335
640 932
19 543
199 421
558 794
74 360
216 238
321 705
181 847
436 484
159 397
270 968
527 737
513 715
574 602
160 554
195 913
84 678
23 345
153 225
170 712
194 828
388 734
403 617
387 413
173 359
333 345
105 603
120 436
311 713
339 811
121 253
382 874
283 361
150 394
73 619
268 332
671 845
586 868
158 222
396 674
764 982
89 927
703 953
77 385
388 398
584 950
108 982
573 795
185 733
89 557
412 454
14 600
341 581
332 718
68 538
819 887
451 931
150 596
57 987
916 960
617 621
5 857
141 677
458 606
618 886
829 953
796 854
154 500
107 133
860 870
454 532
422 708
591 931
479 707
469 549
717 795
236 576
392 814
14 138
170 244
240 690
63 851
323 385
651 751
32 168
107 397
160 510
928 948
493 659
431 639
191 637
659 701
73 271
418 988
855 961
145 279
606 704
729 747
285 643
104 516
112 364
194 384
633 763
146 948
518 936
155 903
364 400
17 597
500 878
369 423
304 508
208 622
550 658
321 853
286 312
298 474
216 796
892 914
547 961
618 804
460 632
585 897
44 836
851 953
478 648
105 295
271 317
80 666
256 874
272 530
223 329
258 424
169 717
494 562
20 628
511 915
211 411
203 753
404 802
385 655
182 796
14 920
482 654
460 526
434 726
160 786
255 603
467 933
605 915
291 817
559 607
632 822
192 350
633 783
185 229
158 332
663 883
309 423
337 565
22 640
157 751
594 608
522 682
220 380
713 797
347 715
742 854
610 722
172 674
295 635
169 723
29 913
282 854
227 527
73 637
282 458
816 948
758 848
24 904
56 866
187 501
309 995
709 817
320 742
380 946
190 956
16 362
511 697
141 949
546 570
181 767
131 833
407 967
407 423
246 366
102 732
508 644
147 227
71 945
418 574
123 475
402 926
522 582
627 913
428 668
369 743
248 506
395 891
108 184
243 959
288 806
808 936
170 826
63 693
207 797
950 956
139 969
165 373
173 965
286 694
63 903
570 870
100 470
276 504
334 892
343 689
374 982
390 436
385 843
569 891
404 880
744 912
842 850
274 786
254 830
316 580
115 719
22 832
431 455
357 581
479 797
503 725
523 961
177 785
717 965
746 844
642 746
61 437
107 911
352 922
394 790
419 603
420 548
130 468
308 774
361 821
18 582
264 824
488 666
306 696
626 808
162 770
731 795
293 835
184 278
177 455
123 313
116 502
675 717
24 924
472 700
46 376
284 676
352 480
597 861
565 983
323 859
687 989
737 811
143 727
505 907
792 832
34 960
276 818
753 825
512 718
602 866
612 772
319 915
16 572
385 773
251 629
458 918
449 503
188 306
84 756
427 705
589 751
349 817
77 173
472 740
303 921
413 675
340 620
188 456
83 635
274 726
574 640
153 945
342 530
111 925
660 910
337 609
26 192
293 303
178 698
689 717
146 448
276 458
134 566
602 818
230 678
530 884
601 883
565 927
335 811
628 970
242 678
92 998
135 503
713 775
49 757
471 599
82 670
40 706
166 498
118 502
100 962
580 792
91 699
278 978
308 478
321 671
605 763
404 988
346 780
718 752
307 449
453 497
593 881
403 439
556 734
10 620
295 879
277 739
340 902
215 991
478 952
705 853
47 547
8 424
45 531
471 907
751 813
602 914
286 310
713 725
160 748
8 542
589 627
11 461
48 734
10 568
282 376
787 907
584 664
244 706
384 564
165 841
87 143
164 550
531 825
511 707
148 652
97 511
543 733
104 524
479 703
151 963
227 681
554 696
680 774
182 480
397 627
