100
0000000000000001000010001000010000000001000100000000010000000011000000000000010000000000000000000000
0000000000000000000000000000000000000000000000000000000010010000000000000100000000000000000000000000
0000000000000000000000000100010000010001000010000000000000000000000010000010000000000000000000100000
1000000000000000000010010000010001000000000000000000010000000100000000000000000000000000000000000000
0000000000010100000000000000100000000001100100000000000100000000000000010000100100000001000000000000
0000000000110000000001000000000000000000000100001000000000000000000001000000001000000000001000000000
1100000000000000000000000000000000100000000000000000000000011000100000000000000000001000000000000000
0000001000000000000000000000000000100000000000000001000000010000000000000000000000010000000000000000
0000000000000000000000000000010000010000000000000000000000000000000000000000000000000000000000010000
0000000000000000000000000000000100000000000000000000110100010000000000000100000000000000001010000000
0110000000000000001100000000000100000000001000000000000000000000000000000000000000000000000000000000
0000000000100000000000000000000000000000000000000000000000000000000000000000000001000000000000000000
0000000000000000000000000000000000000010000000000001100100110000000000000000000000000000000010000000
0000000000000000000000000000000000000000000000000000000001000000000000010000000000000000000000000000
0000000000000000000000000000000000010010000000000000000000000000000010000100000000000000000000000000
0000000000000000000000000100000001000000000000000000000000000000000000100000000000000000000001011000
0010000000000010000000001000010000000000010000000000000000000000000100001000100000000000000000100000
0000000101001000001000000000001000000000000000000000000000000000100000000000000000000000000000100100
0000000000000000100000000000000000000000000000000000000000010000000000110000000000000000000000000000
0001000000000001000001000000000100000000000100000000000000000000000000000000000011000000000000000001
0000000001000010000000000000000000000000000000000000000000000001000000000000000000000000000000000000
0000000000000010000000000000000000000000100000000000000001001010000100000010000000100000000010000000
0000100000010000000000000000000000010000000000000000001000000000000000000000000000100001000000000001
0000000000000000001000000000000000000000000000000000000000000100000100000001000001000001000000000000
0000000000000000000100110000000001000000000000010000000000000000000000000000000000100000001001000000
0000010000000000000000000000000001000001000000000000000000100000000000000000000000000000000010000010
0000000000000100000010000000001010000000000000000000010000000001000101000000000000010000000000000100
0000100000000000000000000000100000001000000000000000000010000000000000000000000000100000000000000000
0000001000000000000000000100000000000000000100000000001000000100000000001001100000000000100000000000
0000000000000000000000000000100000000000000100000000000000000000000000000000001000000000000000000000
0000000000000000000000000000000000000000100000000000001000000001000000000000000000100000000010000000
0000000000000100000000000000000000000000000000000000000000000000000000000000000000000001000000000000
1001000000000000000000100000000000110000000000001101000000000000000000000000100000000000000000000000
0000100000000000000000000000001000000100000000000000000001000001000000000000000000000100001000000010
0000000000000000000001000011000000000000000000010000000000000000000100000000001000000000000000000010
0000100000000000000000000000000000000100000000000001110000000000100000000000000000000000000000000000
0000000000000000000000000000010000000000000000000000000000000001000000000000000000000000000000000000
0000010000000000000001001000000000000000010100000000000000000010000000000000000000000000000000000000
0000000000000100000000000100000000000000000000000000001001000000000000000000000000000000000100000001
0000000000010000000000000000100001000000000000000000000000010000001010000000000000000000001010100000
0000000010010000000000000110010000000001010000000000000000000000000110000000100000000010000000000000
0000000000000000000000000000100000000000001000000000000100000000000000000000000000010000001000000000
0000000000010000100000001000011000000000100000000000000000001000100000000000100100000010000000000000
0000000000000000000000000000000001000000000000000010001000000000000000000000000000000000000100010001
0000000000000000000000000000000000001000000000000000001000001000000000000010000000100000001000000001
1000000100000000000000000000000000000000000000000000000000000000000000000000000000100000000000000000
1000000000000000000000000000010000100000000000000001000000000000000100000000000000000000000000000000
1000000000000000000000000000010000000010000000000001000000000000000000000000000000000000001000000000
0000000000001000000000000000000000000000000000000010000000000000000000000000000000000000000000000000
0000000000000000000010000000000000000000100000000001001000000001100000000000000000000000000000000000
0000010000001000000000010001001000000000000000000000000000001000000010000000000000000000000000000000
0000001000000000100000000000001000000000000000000000001000000000000000000000000010010000000000000000
0000000000000000010010000100000000000000000000000000000000000000010000010000000000000000000000000001
0000000010000000001000000000000000001100000100000000000000000010000000000000001000000000000000000100
0000000000000000000000000010000011000001000000000000000000000000000000000100000000000000111000000000
0000000000100000000000000000000010000000000000000000000000000000000000000000000000000000000000000000
0000000010000000000000000100000000000000000000000000000000000000000000000000000001000000000000000000
0000000000000011000000001000100000000000000000000000000000000000000000000110000001000101000000000101
0000000000000000010000000000000000000000000000000000000000000000000001000000000000001000001001000000
0000000000000010000000000000110000000000000000000000000000000000010000000100000000000000000000000000
0000000000000000001000000000000011001000000000000000000100000001010000000000000001000000001000000000
0100000000000000000000000000000000000000000000000000000100000000000000000000000001010001000000000000
0000000010000000000000000000000100000000000000000010000000011100000000000000000000000010000000000100
0000000000000000000000000000000000000100000000000000100000000000001001000000000000000000000000000100
0000000000000000000000000000100000100000000000000000000000000000000000000000000000000000000000000100
0000101000000010000000100000000000000000000000001000000000000000000000000001000000000000000000100000
0000010000010000000000000011000000000010000000000000001000000000000000000000000000000000000000000000
0000000000000000000000000001001000000000000000000000000000000000100000000010000000000000010000000000
0000000010000000000000000000000100010000001100000000000000001000000100000000000001000000001001000000
0000000000000000011000000000000010100010000000100000000000000000000000100000000000000000000000000100
0000000000000000000001000000000000001000001000000000000100000000000000000000000000000000000000001000
0000000000000000000000000000000010000000000000110100000000000000000000000000000010000010000000010000
0000000000000000000001000000000000001100000001000010000100000000000000000000000000010000010100000000
0000100000110000000000000000000100000100000000000000000010000000000000000000000000010000000000000000
0000000000000010000000000010000000000000000000000000000000100000000000000000000000000000000000000000
0000000000000000000000000000000000000000000000000010001000000000000000000000000100000000100000000000
0000000010000000000000000000000000000000000000000000001000000000000000000100000000010000000000000010
0000000000000000000000000000000000000000100000000000000000000000000000000000000100000000000000000000
0000000000000000000000000001000000000000000000000000000000000000000000000000000000000000000000000000
0000000000001100001010000000000000000000000000000000000100000000000000000000000000001000000000100000
0000000000000000000010000000000000000010001000000000000000000000000000000000000000000000000011100000
0000000000000010000000000100000000100000000000000000000000010000000000000001000000000000000000001000
0000000000010000100000000000000000000000000000000000001000000000000001000000000001000001000010000000
0100000000000000000000100000000000100001000000000000000000000000000000100000000000000010001000000101
0000000000000001000010000100000100000000000001000000000010000000000000100000000000000000000000000000
0001000000000000000001100000000000100000000000000000000000000000000000000000010000000010000000000000
0000000000001001000000000010000000000000010000000000010000000000000000000000000000000000000010000010
0000000001000010000000000100000001000001000000000010011000000000000000000000010010000000000000000000
0000000000100000000000000100000000000010000000000000000001000000000100000000000000001000000000000100
0000000000000010000100000000000000000000000010000001000000000000000001000000000000000000000000000000
0001000000000000000010010000010000100000100000001000010000010001000000000000010000000000000010000000
0000000000000000000000000010000000000000000000010000000000000000000000000001000000000000000000000000
0000000000000000010000000000000000000000000000000000000000000000000000000000000000001000000000000000
0000000000000000001000000000000000110001000000000010000011000000000000000000001000000000001000000000
0000000000000000000100000000000000000000000000001000001000000000000010000100000001000000000001000000
0000000000100000000000000000010000000001000001000000000000000000000000000000010000001000000000000010
0000000000000000001000001000010000000001000000001000000000000000000100000000000100000000000000000000
1100000000000000100000000000000000000100000000001001000000000000000100000000000000000000000000000000
0000000000000100000010000000000000000100000000000000000000100000000000000000000000000000000000000000
0000000000000000010000000000000001000000000000000001000000000000000000001000000001000010000000010000
