114 514
567573843 412897358 246446707 895099247 521049143 545402266 990802451 960749962 498456758 774340372 804573696 607629702 200514583 584269376 778460258 566030323 380295318 87829116 329672859 985791964 123227675 970587126 725638396 311171995 552916142 954066399 991275221 310707282 379112876 582479639 554969684 411838169 687999181 42954732 924428474 883633826 348157660 601376145 196434351 514225308 679786248 261365385 625359756 397837681 864409980 357457645 9612005 900817182 157905568 544282816 433418117 831003095 214634505 958528897 508357575 7858004 539111155 757391633 625245194 902634603 567745791 292526063 183710569 696811626 626830433 504902607 345430159 865435171 972677536 852542123 713852248 772794753 821416721 292408785 852050597 877442741 619807086 0 651237586 427967132 619528178 419280220 579733655 343970869 509793042 766920473 378512464 121684465 921916879 421960595 908915874 742884644 823600724 504601087 410408955 418009293 794290190 513906717 193787599 385531962 669704538 990305417 183328535 211414301 171268559 88966219 767102075 999072514 486137660 124584634 230866482 455396132 584296247 451476725
128951941 83508504 432308089 104415911 565358593 468351733 386554917 548589350 983932932 269175537 556416907 276972381 979886312 890228241 744513550 639063054 696074780 372296593 793456837 137848027 402970422 696498665 308707206 845521279 99860989 357931105 705484658 166548406 43093296 437195426 325724557 343340341 337872331 50456308 679022983 546081163 356463411 799308902 880344220 297806888 199854211 38893519 794921231 606086835 260639800 318685709 741657272 557741121 350565404 947330469 620763154 231711519 563475568 898667577 859258890 204495104 615042251 846563984 476409399 430705323 183423756 318998510 114852704 241400231 85264849 599731760 958925474 504981632 490119630 799431361 57501441 801231748 54954040 388422511 728005808 287933053 902208334 0 22998846 737272494 1146223 640533968 413431546 26407505 557852191 473549802 464794187 25132171 407094799 878186183 926295872 523364327 217652314 802491128 923246543 286932047 532270775 527311025 60575728 753810178 952527906 531826508 965124760 750621582 668576061 118453337 802027279 487694723 294132762 24523900 368032796 777328749 698172490 465982315
618496753 639861681
140330259 882877314
613691992 698073651
616376756 732141165
700916251 821450363
440932961 397311382
911007996 974813466
910906410 180398963
563128937 261481351
843545510 391945380
407306830 302636559
693254141 994492766
34326539 778601360
20249755 888403783
306513737 696999550
148168891 123971735
679248475 578864534
277256031 277256031
732861638 166567561
368707015 956875227
829884190 75754735
983508542 466650579
93498926 283791526
432415157 651714291
992589809 992589803
743437097 908803325
410693488 410693491
659602966 247878595
946254248 733688227
321809501 754922882
603315825 105564718
501695773 49957034
205872677 205872678
425405193 425405193
655063620 177750200
936254367 683206572
436243190 114796672
363515712 566479281
350769201 350769199
563106118 563106117
230485727 419018099
835559939 112454492
375609074 282513592
358057863 914304466
222425119 952773394
756089379 756089378
196789308 196789308
473479168 193836473
849300341 115359960
490795002 359933845
72407890 924320781
939897464 939897459
767202201 846005654
967159454 290035857
972705622 874125493
296830052 296830048
822516153 694998396
449710327 676413990
112537144 25808413
984930057 710338529
636293740 636293736
358267012 358267012
624151194 960769141
998353101 104320977
499893900 994869253
524764941 524764942
3807492 186163186
892301222 687884349
311608608 311608607
478833985 176185515
193662049 197389677
704832754 820985103
489918476 489918475
273165666 508122462
589058074 646672563
680122477 648207727
907320516 758684579
603000570 502301899
186734589 586850449
958844967 352622527
760911992 696434555
449043339 635476924
931721265 931721260
924609413 803885650
706776650 27159152
176034670 530184910
530450551 930196820
442496883 121104210
259778878 579345241
365134621 211640608
438287473 64238261
850969323 229229447
50078657 833243065
816489143 608942450
803712752 24059953
651354605 696565869
86012147 807697462
290124759 87833930
569429682 857570169
359032314 535841519
188310520 872497957
867715333 529495446
848532817 373876038
365913499 574386415
332924585 973846600
945973125 663909850
719125432 211709473
745654616 616277963
403746354 456511914
800158121 256002540
725093461 641627403
241417811 559425741
562558932 816031132
501141061 501141061
270467256 763909925
471659358 227866629
158518164 68001309
885208168 42334537
455955000 487275118
346813672 346813671
522729259 522729258
124086805 894522722
656193454 240315588
508753408 508753407
150691634 748398743
902946926 407253957
720474013 720474009
112325931 355364598
771667922 771667920
87072148 54401212
767113702 926686565
614425424 864975588
362191762 275640980
837072953 479992962
903663137 707309057
340079445 991071737
643303520 502343791
578927251 772055089
92836710 97894883
621776123 442890282
664055490 606511954
922079454 813957232
38539742 775529725
243294877 620494233
133709538 133709536
118752531 118752534
766940677 594010389
361899582 439876027
969511352 756574314
529363000 987023740
871539534 535895
28042313 28042313
394430587 393372982
73715738 803460093
822566542 248406680
158631477 445231340
168954668 462650063
488057168 199408075
861496791 894549036
983483921 386653014
228326862 730750846
904346592 807689414
148500483 963339802
178153605 151189649
499925162 88024249
346946187 19156338
694877439 694877434
94263632 94263632
522690492 217757054
80959086 944849084
139214158 274265002
580928733 580928728
128339390 128339390
67432644 399565430
347781325 237754313
880511650 857270560
623838708 963938986
287255993 841720606
94513829 40074658
705555507 411930254
369891665 56198793
513793759 623340145
986927199 749792929
149672688 850684354
89265533 944655736
713310382 713310377
742412828 160202401
698861574 412799734
763780729 667768488
769848553 769848550
357645950 328633803
962026700 128395338
100054941 895485472
317415495 574273654
617003360 617003359
34150314 391232187
686560955 698448318
350413680 747171336
505600306 5588454
391412395 915090123
604912236 240402715
627699382 627699380
127192273 642531119
487434318 57726375
53673109 257402506
837961320 165280658
143941167 779222532
727288023 220738507
669435226 669435225
201530353 619159091
841917824 20007053
748803460 512567979
421866000 294713386
521848092 76819316
395789433 395789432
226180340 594548397
729972923 234826715
432746109 50122415
173521822 772472799
898231554 725356592
722432261 884706959
594095808 594095806
600172225 677754741
266040827 266040824
427157611 56181467
9273657 20040468
658075790 958484150
958000372 763871743
144642118 191030864
146098883 851121730
557620143 594809007
615490498 141106479
702954968 737917380
398672491 555395047
851770661 356194006
893513497 893513496
549445371 992997539
220168650 276818781
158513852 158513851
70653513 686466514
197143640 197143637
746395564 978308103
925752075 925752071
723045146 150539583
499855819 390719343
726262395 726262388
763419384 657969802
348250634 37656711
184719739 934345196
865538579 692580725
985395221 643225103
85337546 110933882
107326604 763273441
994551839 994551830
226464044 324756875
426088433 93172457
411515240 786112181
760397658 151362160
926566214 874940936
242173823 928830027
29374863 332202957
146015411 175500702
132377294 132377294
961415989 406887639
989059379 394602078
333752821 387554532
580819554 440810230
691581702 691581697
176458009 900660623
530316883 625274897
497603956 128291848
725463521 534885884
874481166 709497550
505479342 850843159
686271603 259519404
407318903 282973027
184700597 80827190
950523705 359073938
902560154 353277716
963300227 46323128
318727050 682773828
272307251 715496819
45238711 460794094
421388363 431886175
923523095 336481462
117418293 56935114
791308425 721470337
939448941 939448938
585021509 788874580
12072119 734886208
527679020 365757351
389992836 200218464
786997105 536906927
369813887 646968660
920629123 855689616
328905779 989944390
504805281 283082426
979082538 836459415
812419514 812419514
364534902 364534898
437774463 588733666
437405771 902097567
556544651 922562226
859640282 525629015
98589182 474995078
905825720 772239914
727743966 742005890
868992398 190382674
792275477 954706141
982197433 418979892
211910595 906254424
901335027 51255647
193089590 319243040
491610370 700391486
836976362 528110997
839214779 699358396
51274370 133576506
639151555 639151554
578374120 431258494
450835319 570958082
571735974 568068815
750597648 750597643
324475427 244413249
525474065 525474064
156992186 702486532
798889859 32002480
116948947 116948949
827003922 321473412
291806026 91444455
347097764 96158176
212428064 486358261
349173761 349173758
715591165 876328170
951100337 379406253
319319137 302216763
497222418 200618339
245502858 671947491
205261586 205261586
356976575 48252734
826443040 575146983
898523401 405131743
410882134 38573972
320183770 355870496
896543735 342613004
37873852 565470036
964290137 449122698
664760494 653270870
822802197 732591016
99927219 667641011
922834538 350804355
168733631 168733632
357365164 648125983
854629846 224135575
433294096 433294094
33659217 955209641
793132583 593820521
554969679 325724557
40090830 40090828
483132688 483132687
853407686 342419173
146136048 437201989
603302880 827982320
88299318 957561769
99258805 99258805
760712860 729734905
767094952 856475411
163401151 164537978
458224834 63312116
603016531 603016530
921956450 449806909
405842693 748192869
540966209 998834449
388943597 647444695
50195921 185973120
412942659 412942658
112016971 652488972
388586587 496184521
702033438 523289048
665242756 188803649
198492090 866176745
17848118 695619199
210794104 83668287
567976574 129269068
673133929 506085938
676196748 179246029
349817004 816318822
929756896 879303004
677231097 94764036
105387395 883991640
191542784 412259479
187268534 414588710
945409229 204112754
132409300 673419034
153706388 178886865
757347904 967784857
384497997 51122293
357622276 310663802
280626983 454769699
577725311 118145295
820850213 763625368
474459247 440988139
685882197 685882196
240044920 127333553
508592203 557106744
726871363 351445386
118394766 876975543
475097310 489811819
229247374 484197022
468406043 153509659
115890202 470904818
589565504 94128703
439062419 799731953
845988736 326356736
773129076 71293950
943544633 625791031
66084221 745894082
888122546 590908912
672054762 156809078
638708300 896694119
785939380 494800141
21752612 21752614
400368826 582952950
604231669 528862248
362321527 441092443
154998351 567015476
515875461 191601382
13883435 13883436
917840873 391386361
715545345 715545342
38793376 579494150
752044667 425575370
289910718 216897471
690217689 231616495
879752341 131538045
828875856 209855098
992093514 73575900
581279981 390975500
772004029 772004024
575553958 955949830
771735689 661848951
938251053 928676819
484860927 313504600
201580662 782235950
910148460 778885909
931029863 689863292
508908940 508908938
174280932 174280931
235269513 539582458
150540715 324466239
990754145 270803450
912246557 867783403
452819948 246518881
994810708 771934085
195766274 195766271
268524495 469101241
335707331 335707331
370499629 922558160
20539552 574673466
390972156 415752357
99205355 984323380
322038371 322038368
663704152 518735253
34977758 34977759
208775140 750344626
398548841 200276319
956596146 815804750
456523745 709979373
971373205 741684834
923014476 265134787
445038705 206466385
561821066 558429711
710699581 925587808
102050769 442798419
119102023 820245606
934315915 990253816
380650656 380650653
571460551 259410747
720632194 564957102
624623473 916811660
345734552 776799137
422605033 652891177
911327055 953306510
14029660 25798359
610383684 1564244
527697243 328022324
694843131 550033387
124858143 831751190
480803903 551965233
287557349 532055291
102610131 17479918
115814414 354909812
652570129 652570127
133932496 680570781
854375263 335530141
485469544 85867118
778294309 881796471
330316911 239098645
12864960 12864960
75562183 355191734
6975584 6975585
342652710 412763672
294516742 131384126
963042988 925768442
377653589 377653587
776068972 99077323
977962615 674688659
541349596 541349597
880196136 58529400
481621626 512252277
705428870 940296051
516288565 868177887
691102979 4357852
822394382 418032924
259644548 259644547
