啊啊啊啊啊啊啊啊啊啊啊啊啊啊啊啊啊啊啊受不了了。
为什么TMD会有序列长度 96 但是循环节长度 2e6 的SB数据啊。

96
89 14 78 28 70 56 60 77 22 9 42 91 38 8 2 3 33 58 71 95 68 57 4 65 79 47 76 87 31 11 20 96 35 53 81 17 80 73 54 55 46 27 75 19 72 21 13 93 94 64 74 66 52 39 6 92 41 7 84 83 18 36 37 25 69 50 1 86 15 29 5 10 30 23 62 59 32 12 34 26 44 82 63 88 24 67 61 40 90 48 43 51 85 49 45 16 
25 24 96 55 10 32 47 11 27 38 68 43 61 71 31 75 86 51 6 1 34 41 88 48 73 3 64 74 58 82 59 90 39 15 14 13 52 23 36 30 7 5 22 49 12 87 26 20 46 16 2 62 53 77 89 69 63 80 84 57 37 93 65 35 85 54 40 81 56 76 33 8 28 21 44 50 83 78 94 66 9 95 67 19 45 18 60 79 17 91 70 29 4 72 92 42 

↑MD↑

受不了了。

最后一道题怎么签都不知道了。
我的脑子只有南北没有东西。

upd 10:42

哦哦牛皮样例解释TM谁写的。
真TM会误导人。
受不了了。多半是过了罢。

upd 10:51

真的不想继续硬刚 permutation 了，太TM变态了。

upd 10:54

玩原神导致的。我还是太菜了。
感觉 T1 可以构建 DAG 还是什么答辩东西。
O(nk) 的高贵复杂度只能拿到高贵的 30pts。
存循环节能被上面那个序列长度 96 但是循环节长度 2e6 的傻逼数据给卡掉。
我为什么不写。是因为TMD这个数据是我随出来的。
鬼知道华恋会怎么构造数据。
希望华恋能大发慈悲。
T2 很想写 O(n^2logn) 的高贵暴力 Tarjan，但是发现不会写 Tarjan 了。
dyz 打算硬刚圆方树。

upd 10:57

T1 加法没有交换律就很难蚌。结合律有没有没瞪出来。
T3 貌似输出 1 就有 4 分，还好不会保龄了。

upd 11:06

我朝TMD随出来了一组序列长度 96 但是循环节长度高达 2.5e6 的SB数据。

96
95 5 96 23 92 42 70 7 37 21 72 17 75 52 47 9 89 41 62 6 22 40 51 34 58 27 94 50 78 19 14 35 53 3 87 31 8 85 36 55 29 32 91 84 13 4 64 25 18 68 61 1 2 33 83 67 54 80 74 12 46 26 90 65 57 44 24 39 79 76 82 43 45 49 28 81 77 93 69 60 15 48 86 71 63 59 16 10 20 66 30 56 73 38 88 11 
18 4 88 9 23 28 52 66 72 46 19 87 26 29 21 43 55 32 30 27 24 75 79 94 58 49 14 76 85 71 59 37 3 12 10 31 67 54 34 47 68 48 13 74 81 89 73 2 40 38 8 41 16 5 56 78 20 70 25 69 15 44 95 17 80 62 35 57 36 63 39 51 82 96 65 60 7 86 91 64 83 92 90 93 53 61 1 11 50 33 77 45 6 42 22 84 

↑没看出来规律，不懂为什么这么大↑

什么DL题能不能先死一死。

upd 11:10

LC昨天说了最难的题不会放在 T1 了，但目前我正在怀疑上述陈述的真实性和可靠性。
虽然说最难的题大概率是 T3 就是了。

预计题目 rk 排名：

Rk1 -> T3
Rk2 -> T1
Rk3 -> T2
Rk4 -> T4

MD考成这样直接退役得了。
还是很想爆锤 T4 样例解释的作者。
reer 不是随便卡。

upd 11:47

好似捏。T4 被 Hack 了。
观察到貌似通过循环同构和正反做两遍可以解决问题。
反正没有捆绑，溜了溜了。
