50 54 16127 800
6 41 3 9
22 18 5 7
41 7 25 39
7 27 6 11
8 48 18 9
0 31 30 29
17 41 18 19
41 35 31 31
10 44 24 9
4 42 16 10
9 45 3 7
16 24 14 42
10 44 1 6
38 23 19 43
15 42 33 34
10 47 3 9
5 34 20 10
11 47 33 0
9 44 7 8
7 33 0 5
2 30 14 12
1 49 3 9
0 43 9 6
47 15 31 9
41 19 0 8
12 42 9 10
35 9 24 9
0 35 18 37
9 42 22 19
11 41 29 5
15 48 24 33
10 38 27 9
22 21 20 8
6 35 23 17
40 14 11 45
14 45 25 9
10 43 28 11
4 46 28 29
37 22 19 14
40 6 3 8
44 2 28 4
14 30 29 8
25 46 7 5
40 21 29 35
15 35 4 3
20 44 17 6
4 48 35 12
3 44 32 10
8 35 2 12
7 40 29 38
36 31 27 19
5 48 20 36
16 48 2 10
37 23 28 15
