50 156 14404 800
44 12 23 9
45 42 33 37
27 24 48 47
45 0 18 25
39 28 34 46
31 33 26 10
11 41 36 36
31 25 28 43
32 35 49 40
32 34 27 33
43 37 45 43
33 9 31 48
7 37 37 46
35 9 10 42
31 23 23 42
39 32 29 41
31 31 8 47
2 27 48 40
43 3 44 34
35 28 33 35
46 38 25 6
39 30 26 11
46 23 24 17
40 7 18 19
13 32 25 10
31 22 24 8
30 27 44 45
33 31 48 43
37 31 40 42
35 29 40 40
34 27 33 48
24 2 39 43
33 29 24 35
45 30 27 40
33 9 36 45
6 42 4 27
18 27 27 8
47 17 44 0
9 39 43 40
12 1 43 47
1 37 36 43
10 44 29 7
22 4 40 38
46 7 21 17
16 36 6 2
0 38 37 3
39 5 35 43
41 36 38 42
33 39 36 48
7 24 28 44
22 44 25 5
30 13 37 7
14 46 25 9
2 39 36 7
34 30 29 9
18 34 5 19
35 34 49 29
31 31 27 0
46 23 34 35
47 21 18 20
39 40 44 49
13 37 30 46
22 42 28 8
39 11 45 44
2 38 33 31
44 22 46 43
13 36 24 12
29 28 33 39
47 25 47 45
43 3 24 37
13 2 27 2
25 29 46 39
46 8 28 3
19 19 44 44
17 20 38 42
49 26 45 41
10 43 20 11
15 7 23 10
36 14 23 2
46 18 25 10
22 45 42 43
32 41 45 40
42 32 26 46
39 26 30 43
22 45 36 43
15 26 33 44
5 47 48 45
15 47 34 44
10 36 32 42
0 39 27 5
40 3 47 4
34 29 21 10
47 43 35 44
30 21 45 35
14 19 46 40
33 31 30 18
25 30 30 42
18 40 48 27
2 39 35 28
7 34 25 10
29 35 31 43
42 19 29 49
28 15 43 45
41 10 40 47
35 19 30 41
36 1 31 40
24 28 26 0
10 45 34 7
26 40 36 42
37 8 41 41
48 23 28 41
23 1 45 42
17 26 13 24
28 33 23 48
9 2 46 11
19 45 25 12
30 43 21 11
27 44 43 38
29 26 23 31
7 28 36 0
4 10 39 43
33 33 45 44
29 0 47 17
15 45 29 8
17 29 27 6
25 23 32 35
6 46 36 32
44 3 30 40
26 19 25 7
41 11 11 43
17 27 47 35
25 31 24 6
20 2 34 49
23 20 35 47
1 36 45 34
2 40 29 9
4 9 32 47
16 23 39 47
31 31 30 12
37 16 32 41
33 20 28 8
29 23 27 13
44 22 43 47
13 39 49 43
35 30 33 9
41 2 15 49
21 49 17 15
18 39 31 7
38 21 29 40
13 17 19 46
17 21 28 39
3 24 29 0
49 26 23 1
38 25 25 42
2 48 30 6
37 5 36 24
