50 80 16747 800
30 28 24 6
32 2 8 11
9 19 37 36
41 36 13 23
20 20 46 46
19 8 39 21
20 9 47 32
34 25 22 18
6 5 41 49
38 21 15 38
21 3 24 23
36 40 0 8
33 16 12 12
29 20 26 25
41 44 36 12
39 38 26 15
37 42 23 15
41 37 21 23
30 45 30 26
36 49 30 8
23 18 39 22
44 29 29 14
44 43 19 19
33 45 35 25
31 15 5 6
21 22 0 6
17 43 25 43
5 14 28 23
30 42 26 17
31 21 24 16
38 41 27 7
9 14 40 45
32 22 9 21
34 34 21 22
36 32 20 32
17 46 21 27
47 45 37 13
22 27 18 18
29 49 32 45
19 18 29 21
49 33 26 13
46 34 33 39
33 41 19 28
31 25 24 22
40 9 34 31
33 35 25 14
30 14 42 34
19 19 30 35
31 1 31 37
37 39 27 12
25 48 33 28
37 14 28 23
34 41 4 8
46 40 20 0
39 0 0 18
49 40 23 24
26 43 41 49
22 25 27 19
39 46 0 4
28 36 42 17
47 29 20 39
41 23 22 9
42 25 20 14
34 41 22 12
16 16 20 15
22 18 25 10
9 20 16 14
30 46 3 12
26 5 20 26
37 42 25 14
8 8 41 0
32 37 24 10
24 24 26 9
17 16 26 30
12 22 25 38
10 15 24 26
26 46 36 33
19 13 28 44
40 44 22 15
37 9 2 37
