50 577 19626 800
24 9 32 46
31 28 31 47
46 25 20 45
14 19 39 34
22 21 2 49
35 26 11 49
14 8 20 3
9 47 0 43
14 11 47 44
47 4 30 23
24 16 43 47
9 44 20 35
18 1 35 27
24 9 47 33
19 23 19 38
34 15 4 40
2 13 33 26
47 33 37 45
20 27 22 4
44 36 41 28
15 43 19 13
9 21 39 35
10 18 4 45
16 44 34 23
34 14 5 44
4 15 2 41
31 20 41 39
39 3 35 6
18 43 37 32
11 48 36 1
11 29 23 48
16 22 31 41
9 45 41 37
17 46 31 32
5 48 38 37
34 5 5 36
18 16 12 48
36 21 42 28
15 10 30 36
27 16 15 30
47 1 12 47
16 11 26 36
37 22 29 3
37 11 43 10
35 48 27 41
24 49 34 26
41 9 19 48
27 5 38 23
29 26 27 23
37 7 27 10
31 0 18 30
30 21 30 29
7 22 19 30
17 28 14 49
33 19 34 39
15 12 3 33
8 19 19 22
19 16 38 10
7 48 49 33
27 18 21 23
25 22 47 14
38 35 32 24
18 15 25 47
8 31 40 34
15 25 8 39
21 27 36 42
7 40 26 21
36 11 3 36
43 36 8 43
10 46 22 44
47 36 1 41
12 33 21 39
10 45 47 35
44 1 23 20
49 31 3 42
42 23 27 38
28 4 31 11
35 28 21 6
34 29 39 18
4 39 49 39
24 27 6 39
23 14 37 36
10 23 29 42
11 43 48 28
20 3 49 49
7 26 23 34
12 45 23 1
47 7 20 45
24 43 45 34
18 29 16 17
32 17 45 49
21 24 37 29
32 0 25 3
30 39 1 40
19 39 27 38
43 6 2 38
33 24 17 16
41 13 20 44
27 26 3 37
22 41 7 20
17 43 4 41
0 14 35 46
32 20 12 22
44 40 31 48
19 11 46 32
23 22 19 10
16 21 41 32
40 35 43 31
14 8 30 29
20 24 17 2
20 39 24 21
27 9 20 46
45 8 35 37
13 42 13 33
18 17 11 48
20 10 32 26
9 43 4 46
15 16 33 29
10 49 32 40
45 18 13 21
30 35 21 11
8 48 12 49
4 22 23 44
15 13 41 38
5 22 18 28
47 32 15 30
22 20 27 21
30 6 33 21
40 45 18 20
15 13 28 47
25 17 44 42
31 45 9 42
5 44 27 14
14 29 48 25
35 11 18 49
12 17 25 24
33 13 17 47
1 31 22 49
14 13 0 38
33 48 4 39
13 26 34 8
26 11 26 21
11 20 41 37
29 21 30 33
15 25 35 30
39 13 29 38
18 40 15 15
31 6 42 41
4 48 25 12
17 25 6 45
49 0 17 28
34 30 40 29
9 23 42 37
20 8 31 35
7 27 7 45
30 5 47 15
34 19 25 45
42 2 3 30
19 22 23 21
25 22 1 37
19 47 26 39
42 8 32 36
20 6 10 23
46 10 47 31
8 46 24 43
43 4 18 11
38 5 22 27
6 16 48 33
7 21 27 16
9 49 35 19
34 19 24 33
12 28 45 38
44 33 2 39
7 46 2 39
23 19 5 38
36 42 2 37
40 20 2 34
10 30 14 49
48 3 43 43
12 12 27 47
13 25 38 24
24 18 5 38
13 45 9 48
14 18 29 25
16 19 24 41
31 7 7 31
44 45 22 41
42 16 41 24
24 27 21 39
36 17 22 39
3 19 11 25
5 18 19 36
37 3 18 31
49 3 16 19
4 45 4 37
18 28 18 49
39 5 32 34
48 27 38 44
18 16 2 41
26 20 43 35
24 20 23 25
15 18 47 25
10 44 27 20
40 47 22 20
22 21 35 20
8 46 39 12
31 19 40 39
14 43 36 32
6 18 30 36
9 46 20 12
17 17 24 2
13 47 21 47
17 17 21 31
45 15 42 32
14 43 26 22
11 27 23 34
22 17 45 39
15 33 22 22
4 22 32 11
6 44 12 49
44 40 2 42
21 31 2 41
4 44 35 31
2 41 0 37
27 2 20 39
34 0 26 36
8 35 36 35
21 17 32 44
47 6 35 44
28 3 34 40
15 12 3 29
14 37 42 34
40 2 19 31
41 37 3 34
6 49 1 38
45 3 1 35
24 4 39 31
36 25 31 24
9 25 9 30
25 15 22 34
11 46 21 47
39 1 16 35
48 31 29 27
20 14 40 49
20 31 0 41
30 24 42 27
15 45 33 29
43 5 15 48
19 18 3 38
44 20 24 19
12 23 1 35
47 7 6 32
39 9 2 38
17 21 8 25
44 34 17 42
18 24 18 47
1 9 44 21
30 10 40 36
8 46 9 35
14 6 17 28
13 13 25 37
37 21 4 36
38 0 16 27
34 44 16 39
3 48 47 45
13 31 49 22
6 49 49 38
42 2 20 47
42 8 38 39
17 17 7 39
31 19 37 27
8 49 37 23
11 15 15 32
41 13 35 32
0 48 24 20
12 41 3 37
26 33 41 26
33 28 25 16
28 15 19 10
41 8 24 44
42 29 9 38
14 27 29 47
49 0 36 46
10 6 46 22
26 32 25 47
15 30 23 28
28 38 43 43
8 26 47 45
43 6 7 16
10 42 34 47
12 28 26 15
13 46 24 25
45 35 22 43
6 23 17 30
39 21 5 25
20 25 19 15
42 22 36 22
12 29 26 42
20 20 5 34
19 19 18 38
15 27 9 30
23 14 41 30
21 22 43 33
3 45 38 29
27 14 31 39
6 49 27 14
29 24 23 19
27 20 15 8
13 39 48 35
36 2 26 23
38 17 16 41
33 12 20 11
8 49 25 26
4 31 5 42
18 17 18 34
25 2 3 34
37 26 32 34
19 27 36 43
46 48 16 29
22 17 5 45
7 45 15 34
17 9 24 32
33 19 9 39
29 15 24 26
8 49 26 21
6 36 15 43
12 17 3 36
45 7 15 38
15 10 18 47
37 27 32 43
14 45 16 31
11 33 18 45
35 22 8 18
11 49 22 21
14 37 23 32
23 27 41 29
46 27 25 35
34 3 41 31
34 34 5 38
5 44 6 6
29 23 3 35
30 10 32 44
11 31 29 25
20 16 0 14
11 43 14 35
15 18 23 39
15 22 12 30
15 44 42 9
13 44 16 21
37 3 37 22
30 13 5 35
21 36 26 16
41 3 15 35
20 25 21 11
3 12 9 45
48 9 28 45
19 41 41 32
8 48 38 17
13 37 6 36
24 28 24 34
21 26 43 39
2 20 0 36
6 20 20 34
11 24 4 40
22 17 24 35
7 45 44 33
43 4 24 49
5 47 0 32
5 21 4 27
22 34 37 34
18 24 14 45
16 21 27 34
9 20 22 41
14 17 36 39
9 39 3 40
28 11 14 39
35 18 15 22
13 16 44 36
15 44 22 32
36 7 24 3
11 40 7 31
18 25 9 45
22 21 17 34
34 18 47 30
40 17 24 43
11 10 4 39
8 8 47 34
12 16 45 34
4 16 12 20
32 38 49 45
14 28 25 28
11 29 42 30
22 8 42 46
37 28 7 46
19 24 27 20
21 18 14 41
12 18 9 44
31 20 9 18
19 30 42 24
8 36 32 3
47 3 2 18
40 34 19 37
27 7 28 35
18 13 18 39
25 18 32 8
20 39 4 36
6 30 4 42
42 17 48 42
17 21 34 16
19 21 24 11
24 22 14 23
40 3 19 19
42 17 13 3
4 23 2 38
12 39 31 41
39 37 30 48
41 12 25 22
48 15 5 22
49 0 3 43
40 15 16 40
46 23 17 18
36 33 0 32
10 10 7 46
30 5 31 29
17 40 4 39
7 47 21 16
15 13 32 19
49 10 28 40
17 45 29 1
35 1 39 34
3 22 22 40
42 1 3 33
14 30 20 15
0 17 18 49
47 11 3 37
7 45 21 36
41 48 44 35
7 46 21 49
16 26 37 45
19 15 18 49
29 24 40 38
41 11 28 20
11 31 5 40
5 41 15 27
24 16 4 0
31 30 9 27
42 2 35 30
40 8 30 22
42 23 3 42
24 25 30 35
38 40 39 49
45 2 26 42
20 17 8 27
24 18 36 34
21 39 7 39
34 9 9 4
5 29 31 12
42 16 3 42
20 21 8 26
10 48 44 40
37 7 33 38
11 33 25 36
49 0 21 31
9 48 9 42
37 8 1 33
20 22 1 39
16 34 43 12
32 3 22 30
19 22 12 19
13 42 17 44
14 24 7 42
12 12 26 42
20 19 11 1
37 2 22 41
9 17 14 27
33 42 43 44
43 36 2 41
30 7 40 33
44 9 19 29
49 1 8 38
38 6 45 37
9 11 8 37
5 28 18 26
39 1 44 34
37 24 44 33
13 37 35 41
41 27 30 42
15 38 49 46
12 45 30 26
24 42 44 42
6 16 29 16
37 12 21 30
20 22 39 27
35 12 31 28
11 14 26 25
27 17 15 15
39 7 14 34
35 34 12 6
14 24 40 37
23 35 42 33
28 34 8 31
9 14 18 23
20 37 8 43
21 25 11 24
28 28 3 49
21 25 30 43
18 33 42 3
27 33 22 44
24 15 6 44
22 22 19 49
40 9 3 31
13 25 16 28
12 28 24 20
14 31 28 33
17 35 24 10
24 23 3 40
6 25 21 4
12 45 37 45
31 15 20 43
2 49 23 26
23 11 42 7
20 20 21 34
10 48 17 24
9 43 35 19
12 40 14 44
3 7 29 45
7 37 2 48
20 25 18 41
36 20 6 39
40 21 38 41
25 6 18 30
32 20 42 27
33 9 45 44
48 27 18 42
8 25 42 46
17 11 17 40
15 35 35 12
48 1 14 42
36 22 26 1
23 13 48 49
11 10 5 45
8 18 11 38
48 6 9 35
29 5 17 31
31 11 4 34
11 8 11 26
25 17 22 39
39 31 46 28
16 41 20 23
8 25 39 45
16 0 3 43
47 12 19 11
12 16 30 22
28 28 43 36
13 9 38 45
32 3 19 21
12 20 17 23
3 30 39 35
14 49 34 45
22 16 43 44
32 13 13 45
9 46 23 24
21 20 27 33
36 19 15 38
16 14 12 35
24 34 27 29
12 19 46 23
45 8 16 38
9 38 36 49
41 0 12 44
8 32 21 20
47 16 29 9
13 33 33 47
47 17 18 9
34 16 13 39
25 31 0 35
7 13 31 8
