50 94 13464 800
26 37 12 35
5 40 44 42
39 49 3 48
9 34 8 19
5 14 23 48
20 16 39 35
6 34 29 26
29 36 4 20
29 3 31 35
11 24 19 5
29 13 26 25
14 21 35 33
25 30 35 31
1 39 41 38
23 19 31 38
40 37 13 46
14 28 37 30
17 16 38 31
46 38 38 36
30 29 39 34
40 47 5 20
17 0 49 43
23 12 36 35
33 40 40 42
7 47 0 4
26 39 41 23
13 0 24 43
30 48 42 48
13 32 10 30
35 26 14 8
5 3 23 37
17 4 3 8
35 38 48 39
21 6 48 32
27 36 33 26
6 20 26 8
9 12 0 4
1 48 31 34
1 48 41 46
41 28 34 40
42 38 42 43
25 15 12 10
11 21 36 42
10 22 28 13
17 10 4 15
18 11 39 40
11 30 12 9
0 42 5 36
34 36 18 21
21 29 45 45
5 46 31 21
24 2 10 19
19 39 21 36
4 30 38 35
28 31 41 35
20 3 42 30
4 38 35 31
44 38 2 14
11 29 44 24
14 35 29 10
6 13 33 46
32 32 41 44
31 39 27 34
19 41 38 45
31 46 35 10
20 32 30 35
36 39 28 30
29 45 25 48
0 47 4 13
31 15 37 48
40 35 29 30
18 36 48 29
9 45 48 46
10 2 38 39
19 30 37 42
4 44 40 44
48 23 47 30
13 38 32 46
44 18 48 27
11 24 39 31
18 11 24 47
16 18 32 35
29 36 33 34
16 32 32 26
23 26 48 37
5 30 38 41
35 48 8 3
31 39 17 32
19 8 1 20
18 13 49 34
8 43 41 33
30 9 5 3
1 9 23 26
34 0 39 27
