50 104 13081 800
18 37 29 19
24 14 27 28
6 15 11 26
16 25 9 30
34 34 15 16
14 46 32 9
10 38 11 27
10 20 23 13
12 22 29 32
14 11 39 22
9 13 24 6
18 19 10 30
5 38 24 17
38 23 16 33
17 20 40 30
29 31 17 20
16 20 21 22
40 43 19 38
1 7 18 17
8 35 23 21
15 42 20 39
13 44 30 1
5 40 20 46
38 3 16 12
19 13 21 24
12 18 16 17
35 13 23 49
39 9 27 48
19 14 11 31
17 14 32 22
25 9 2 25
12 22 5 32
12 16 2 9
45 45 14 16
36 9 24 18
17 41 23 32
7 18 21 23
13 41 28 34
44 49 8 15
22 44 16 17
32 11 26 49
13 42 24 16
16 22 9 23
44 49 21 48
1 23 1 44
38 43 32 21
1 44 27 18
40 6 47 30
7 20 24 16
29 38 12 36
13 35 14 11
42 46 24 17
18 42 12 30
39 43 34 24
7 25 20 10
37 46 14 9
41 44 48 26
11 13 24 17
46 8 4 14
15 29 26 14
5 17 19 49
4 15 32 1
24 18 39 22
16 40 25 35
13 16 1 11
9 27 28 23
16 23 5 32
44 23 14 35
28 25 33 16
44 15 20 15
29 17 7 30
48 42 22 48
14 36 24 44
36 10 20 18
44 2 1 2
37 2 16 1
35 8 16 20
18 14 18 28
2 47 14 32
39 12 16 40
37 20 13 34
17 29 24 40
16 22 19 47
2 42 19 49
8 41 13 42
5 19 40 15
12 39 28 19
38 49 20 10
27 7 28 21
31 11 22 19
24 22 42 23
39 23 24 28
29 29 6 31
3 29 15 7
5 32 30 14
38 40 42 20
38 24 28 37
44 1 19 3
35 35 25 11
49 4 42 44
44 41 15 29
38 48 14 28
14 26 20 35
9 40 43 18
