50 54 17583 800
12 47 11 11
4 2 49 2
18 28 17 43
22 18 20 46
1 25 17 34
20 38 29 40
14 30 33 8
36 4 41 8
38 15 16 48
5 2 25 22
45 24 26 22
26 38 41 44
23 22 36 47
7 42 29 43
26 5 13 45
17 12 23 43
23 14 25 39
19 24 40 12
21 16 28 37
22 30 12 13
3 6 27 25
26 8 42 14
38 6 30 35
7 34 31 18
11 11 41 39
0 37 31 27
18 2 12 19
38 49 29 40
10 11 40 10
9 4 21 49
23 28 34 12
9 37 36 12
14 13 48 16
13 13 11 45
42 25 21 25
24 48 18 24
2 8 37 2
38 17 21 43
21 41 10 21
1 25 26 33
20 23 38 3
12 27 16 9
18 28 24 42
6 3 16 45
2 24 40 31
9 6 47 47
29 34 9 35
22 17 42 16
39 25 16 23
3 47 46 13
4 11 19 24
29 34 34 10
28 23 27 46
8 43 27 28
