50 704 12111 800
9 26 24 31
20 36 40 22
30 47 40 25
21 26 14 47
8 20 40 23
16 34 18 28
15 26 29 44
27 7 39 27
11 19 40 22
37 14 36 48
1 7 22 47
4 19 23 37
28 31 42 28
2 16 44 24
20 24 23 11
36 14 20 44
32 18 37 20
27 6 34 46
45 14 36 25
12 28 5 1
17 26 15 18
3 15 7 6
13 18 12 32
14 36 39 24
12 17 49 36
34 42 17 26
3 19 40 24
14 26 3 32
0 2 26 22
4 8 31 36
34 38 20 27
13 12 42 21
17 22 42 21
21 18 36 39
7 7 32 46
4 0 36 21
16 11 37 22
2 21 0 8
17 31 21 46
23 20 21 48
16 39 13 0
25 20 43 22
28 23 14 19
19 7 43 39
14 12 15 32
16 33 7 33
12 21 21 29
17 33 29 41
7 25 38 20
17 23 20 27
31 26 11 30
21 21 38 4
0 1 36 25
12 8 38 24
42 44 23 40
5 19 33 26
47 12 44 24
15 22 29 42
32 0 18 38
27 16 32 27
28 16 19 35
25 17 28 45
15 37 42 24
16 0 27 44
26 26 36 22
15 12 6 45
5 17 4 43
9 3 24 8
28 41 13 40
24 41 33 10
13 2 42 18
19 36 34 43
26 22 24 35
14 34 40 7
18 12 14 27
11 30 4 33
11 36 43 16
14 30 42 26
31 32 40 17
17 5 43 22
19 36 24 48
13 29 3 16
24 37 3 8
29 13 32 49
24 42 14 42
3 22 6 34
10 28 20 33
17 21 39 25
19 23 32 35
6 17 41 22
14 10 0 3
6 32 27 24
21 40 18 45
34 4 1 36
9 18 34 4
32 41 7 10
25 19 10 8
17 16 27 29
37 6 21 38
30 40 26 13
15 37 26 30
18 35 44 22
19 28 39 10
17 20 12 5
7 22 14 0
23 28 37 22
17 34 4 5
29 45 26 6
33 13 28 42
18 19 41 21
0 20 12 1
24 17 38 24
0 6 39 22
21 29 33 49
24 29 14 30
3 14 38 42
30 5 18 36
17 21 7 49
15 2 33 38
16 35 7 23
30 3 29 36
7 23 25 47
41 9 25 38
28 47 19 16
17 36 8 48
11 21 36 16
5 24 24 27
17 14 43 24
47 30 25 40
8 22 20 21
10 5 40 23
16 37 7 45
7 11 39 24
17 15 17 30
20 35 24 34
5 14 39 42
15 9 42 34
8 16 0 1
10 18 26 46
2 0 32 30
32 10 36 25
27 2 45 22
20 20 29 43
21 34 9 12
22 16 30 19
26 14 38 24
23 30 45 37
12 18 40 20
10 9 28 31
26 33 36 21
1 0 27 3
17 1 41 29
30 9 44 23
30 6 31 40
8 16 24 24
15 36 20 37
2 10 25 23
13 34 25 42
1 13 0 38
18 35 41 24
17 34 36 21
25 7 13 32
13 17 21 23
9 0 8 46
14 30 42 26
5 6 21 26
14 36 41 22
16 17 16 33
6 10 31 42
20 25 31 44
17 35 32 25
12 14 37 22
2 1 10 45
25 10 5 29
15 4 17 34
23 28 44 25
26 0 1 4
22 15 38 20
12 30 18 5
29 21 41 19
20 17 38 20
4 18 13 2
21 18 22 34
28 41 40 24
17 35 21 36
24 15 39 24
13 14 18 42
10 19 41 21
9 33 39 24
15 16 35 40
30 21 11 23
10 26 18 41
35 4 11 12
26 19 45 39
17 21 39 22
38 38 32 45
11 18 43 24
28 16 42 25
34 42 49 33
8 12 29 49
22 27 5 8
5 5 38 49
2 28 41 6
20 31 17 4
14 17 38 21
30 39 40 24
6 7 18 36
20 19 41 20
21 12 38 30
19 20 25 37
7 27 34 5
6 28 27 40
7 21 36 34
22 19 39 22
16 35 24 1
27 25 38 45
7 22 42 21
40 45 39 23
9 3 7 0
11 33 21 41
9 21 21 25
40 41 32 26
44 32 25 33
19 37 26 38
18 35 28 47
17 37 17 17
19 36 13 29
21 20 14 8
12 35 26 45
4 15 34 49
28 38 23 39
14 18 33 49
10 25 13 4
9 21 15 14
9 1 2 4
24 19 47 49
23 5 10 12
5 0 23 14
12 3 34 40
29 45 14 38
9 14 38 21
15 23 30 18
22 15 35 46
3 31 33 45
21 19 25 47
40 39 38 20
1 4 33 28
29 18 9 3
18 27 45 18
17 26 32 44
3 12 40 24
2 18 12 7
10 21 22 41
6 20 16 28
3 9 38 22
40 28 13 29
14 19 17 31
29 38 37 20
23 27 39 23
13 36 40 25
10 16 34 25
8 29 1 39
32 36 25 16
23 8 10 1
12 5 41 22
8 2 26 12
27 35 10 4
3 19 45 36
20 14 30 19
20 33 5 35
30 49 34 24
27 15 12 32
7 8 16 35
29 32 14 5
32 13 17 36
3 0 27 23
6 3 33 9
31 17 40 32
28 18 41 20
11 20 21 40
15 30 39 32
32 5 15 7
16 0 12 8
21 19 24 41
18 35 40 23
13 14 15 1
21 19 46 23
1 11 40 23
25 21 34 37
16 5 41 19
9 30 9 47
19 7 24 29
20 35 15 25
19 33 12 46
16 35 3 40
20 34 11 4
24 36 23 44
4 10 41 24
20 35 31 40
30 23 46 9
26 47 10 36
6 26 31 40
22 8 39 16
10 25 26 40
17 13 19 17
16 35 27 46
6 23 19 15
4 23 10 4
11 20 22 46
16 31 32 43
15 17 0 20
31 30 19 20
12 20 8 42
18 35 28 36
11 19 39 0
17 19 26 41
26 16 23 36
15 7 42 23
20 37 44 21
17 17 47 43
15 30 37 43
20 34 40 20
4 22 8 16
17 21 31 48
20 23 48 23
12 24 11 3
15 35 41 41
24 22 45 28
18 35 25 0
23 45 2 44
38 26 23 32
17 18 37 21
9 26 9 32
24 24 9 8
36 18 44 23
18 1 37 46
32 31 40 22
17 39 39 26
21 9 41 40
18 39 28 33
25 40 13 3
28 14 34 29
4 17 6 0
9 4 28 31
2 10 41 24
22 42 33 10
9 10 43 22
19 30 31 3
11 16 37 21
6 2 18 10
17 23 19 1
49 18 39 24
9 9 30 34
21 21 14 35
17 25 40 24
34 46 11 0
16 34 29 40
12 21 12 15
15 20 36 24
20 17 23 2
9 20 42 24
3 13 9 4
7 6 10 24
46 39 39 22
27 31 26 8
22 15 33 12
25 20 31 49
5 29 6 5
2 9 14 17
29 18 39 21
18 33 7 5
6 9 20 11
13 17 18 44
4 3 38 32
17 18 40 19
23 18 44 20
14 5 6 46
17 36 42 25
15 12 9 10
13 7 40 19
22 18 1 41
17 44 41 21
16 26 35 24
17 36 4 4
28 33 9 48
17 28 37 26
26 12 37 47
20 12 47 26
28 9 33 10
9 21 23 45
17 25 29 45
15 16 29 24
30 38 10 47
5 41 16 39
8 37 5 9
20 36 38 8
13 16 31 30
19 35 37 10
11 9 38 24
11 25 28 4
12 14 37 30
16 36 16 1
45 43 41 26
14 36 29 46
4 23 11 35
34 21 40 22
19 18 29 22
37 13 36 34
23 41 46 39
32 32 17 43
22 28 33 12
16 15 17 4
30 35 37 41
3 10 29 42
23 10 23 42
10 14 17 14
40 42 26 47
17 35 39 24
43 23 36 25
12 7 39 22
47 39 41 23
3 20 15 40
5 29 42 21
23 23 38 15
8 11 25 49
39 2 37 22
5 2 42 20
11 18 38 26
15 24 25 11
26 22 11 6
43 5 4 3
16 7 23 18
13 24 13 5
19 34 40 22
18 22 33 49
30 31 14 46
23 18 4 28
16 34 35 32
21 26 9 13
18 21 9 9
20 39 40 20
9 14 28 38
18 37 35 47
8 25 42 21
12 6 31 48
26 42 16 16
15 20 30 42
16 36 39 19
18 27 5 17
3 13 36 41
17 42 43 21
47 17 40 20
10 25 43 21
25 7 12 33
14 22 21 45
34 14 26 37
21 44 40 1
23 45 31 49
15 34 7 48
12 1 30 34
12 4 7 1
12 17 47 46
34 20 39 25
13 23 27 21
22 44 18 5
25 26 17 2
16 11 41 24
15 16 26 44
7 14 6 32
30 46 33 41
26 13 32 32
16 35 37 27
28 1 21 29
7 5 39 11
5 24 10 14
11 2 11 13
26 37 13 48
13 34 36 20
12 23 8 5
13 35 12 5
36 18 20 30
19 35 40 21
22 15 20 40
31 45 23 36
21 36 24 32
8 23 10 15
14 38 38 21
14 12 23 28
26 38 39 19
24 30 4 5
18 38 35 21
22 22 47 9
40 17 20 34
10 28 41 23
19 6 15 35
15 35 43 22
5 2 16 48
11 10 37 24
15 7 45 22
30 15 31 39
39 3 42 23
2 7 43 23
37 5 7 1
29 35 9 42
14 22 37 24
45 29 19 30
18 35 28 32
20 38 40 24
36 49 37 23
3 3 39 26
18 19 14 37
10 29 36 18
3 17 10 39
28 48 41 21
15 27 39 23
37 14 40 21
37 5 16 5
21 14 7 37
29 39 25 41
22 34 16 29
24 41 47 8
4 25 40 19
16 5 4 1
15 2 20 47
13 34 31 44
4 15 16 14
36 40 29 42
22 0 7 7
0 26 49 28
19 3 11 3
26 8 31 31
10 19 12 5
18 33 34 20
27 5 5 10
9 16 10 6
26 16 35 19
12 2 25 47
20 35 28 18
22 11 27 40
19 36 25 39
28 23 3 15
42 15 17 2
19 49 16 46
16 5 4 4
3 2 41 34
15 14 26 21
26 9 19 4
33 33 7 43
26 22 42 25
25 39 18 26
17 38 24 40
29 12 7 0
2 23 35 34
15 41 22 42
8 2 41 19
23 27 27 17
34 2 6 21
17 32 44 26
21 43 34 31
20 15 11 3
9 26 39 20
15 14 11 7
26 47 18 32
12 15 36 47
17 30 3 5
6 30 24 45
17 5 16 10
17 34 39 19
12 3 25 48
20 42 11 3
16 32 41 21
4 0 6 43
17 34 6 5
22 15 21 39
13 1 29 47
7 26 11 2
13 8 34 32
21 36 13 26
18 23 31 44
0 18 7 0
37 6 40 22
27 33 8 5
11 14 22 31
11 10 8 36
34 27 45 18
16 31 46 6
17 37 22 46
21 0 4 49
44 35 35 41
14 30 18 3
17 36 39 2
28 38 14 21
11 15 30 38
35 40 16 48
10 6 39 27
29 47 28 23
38 48 14 3
16 12 30 22
16 22 17 44
20 11 43 41
28 2 3 35
14 34 43 21
34 8 15 11
15 11 38 11
16 17 15 33
27 25 16 23
24 33 4 18
16 4 40 23
13 33 22 35
26 25 20 11
10 25 39 20
18 34 26 33
17 35 36 14
19 34 39 26
33 32 22 35
18 15 33 46
33 14 16 20
31 45 34 22
14 25 43 22
12 21 37 27
31 15 23 14
19 37 42 43
35 41 33 47
18 20 40 33
15 35 11 46
12 24 40 20
32 7 44 19
43 34 40 43
17 13 39 45
3 5 10 13
7 28 34 33
20 35 27 19
31 18 4 4
9 2 4 6
28 21 23 5
14 19 25 49
25 21 34 41
19 18 40 22
22 24 44 6
9 26 28 44
17 48 17 14
5 22 37 16
15 1 19 41
30 16 37 24
21 19 40 23
25 9 24 28
30 47 19 38
16 35 10 7
23 14 23 2
28 11 26 25
18 0 31 45
2 20 41 24
29 47 42 23
17 25 39 23
15 0 0 17
21 31 40 23
29 8 40 23
16 27 25 46
28 31 2 11
23 6 27 4
17 33 4 21
44 11 15 43
21 9 47 22
3 33 38 21
3 4 7 2
15 28 33 45
26 12 31 35
16 35 25 36
30 23 15 37
18 16 44 22
23 1 38 31
25 23 13 5
4 14 43 49
6 3 34 21
22 39 42 22
30 28 6 29
23 18 14 31
5 28 27 20
6 7 38 20
14 39 40 23
1 9 21 43
28 18 14 7
16 18 26 6
14 20 5 48
8 12 8 6
26 19 41 20
26 46 28 40
12 1 32 22
22 2 41 23
10 28 40 20
15 36 17 47
3 0 33 39
14 35 39 21
7 16 41 48
12 22 5 48
17 34 48 0
15 11 26 11
40 27 13 44
12 2 17 49
20 21 44 4
18 35 24 42
17 34 23 44
14 33 42 21
17 32 38 21
