50 847 17387 800
8 13 14 34
21 45 37 38
48 20 20 34
16 17 18 23
5 21 7 13
20 45 9 26
46 38 9 40
3 40 27 28
4 18 43 35
13 16 15 28
9 24 6 35
48 5 8 30
35 4 6 45
11 43 13 26
41 6 19 46
18 37 19 1
10 15 2 38
32 11 7 37
47 28 23 18
35 17 35 30
34 28 31 16
44 15 23 6
34 16 5 22
43 27 39 23
10 19 24 38
43 30 9 38
11 33 17 38
16 12 16 21
43 25 18 28
49 8 16 32
22 42 4 46
9 19 6 29
47 28 14 13
49 28 6 35
28 24 1 15
37 10 3 24
37 21 26 20
41 25 31 18
41 11 5 42
6 10 6 44
30 23 16 21
30 14 17 33
12 34 0 24
48 27 7 27
42 24 19 38
17 31 28 41
47 25 8 25
39 19 1 47
14 17 12 24
30 21 49 37
15 40 12 27
35 11 0 48
37 11 28 3
34 7 19 26
11 39 37 12
48 30 29 8
44 12 41 16
31 15 21 7
32 16 9 39
12 36 3 39
4 14 35 20
46 22 12 43
49 20 40 22
46 23 6 7
38 26 18 35
18 42 11 24
10 12 31 21
41 24 0 38
33 12 7 46
11 16 5 29
19 45 21 10
6 16 45 12
9 13 11 45
10 20 25 25
33 29 28 31
49 8 4 47
46 2 27 15
13 16 7 31
18 44 1 30
45 29 21 41
15 32 40 18
37 12 15 30
9 11 43 16
13 13 44 23
10 3 35 17
43 13 3 28
23 37 23 11
43 23 12 47
6 13 27 7
49 12 13 37
33 15 21 29
36 15 3 24
47 26 15 47
30 10 12 39
45 18 9 44
47 28 46 24
13 10 2 44
44 24 5 27
9 17 17 24
31 5 19 31
6 19 47 22
41 12 12 37
39 18 8 41
2 10 8 30
42 9 7 24
35 7 15 24
46 29 34 28
48 27 3 47
7 12 30 17
22 23 22 14
46 24 34 14
30 9 27 15
8 19 22 30
19 45 6 33
46 26 9 30
38 32 25 5
36 33 25 23
40 30 1 28
26 13 36 7
40 14 8 22
10 15 4 18
32 19 14 35
9 17 20 24
32 26 1 32
4 19 10 31
46 31 14 26
36 13 38 23
5 12 49 9
41 23 5 29
13 17 13 30
16 40 9 24
28 14 44 23
34 41 27 11
29 23 4 22
27 16 25 33
38 9 39 25
45 25 33 18
33 28 33 36
8 14 20 26
39 17 30 7
18 36 26 0
15 34 11 18
30 8 3 25
29 6 3 16
9 14 5 31
23 44 38 37
48 15 2 20
32 16 20 9
42 16 12 38
48 24 15 22
47 26 49 1
47 26 4 40
41 25 13 13
11 39 20 28
40 21 18 31
31 9 13 24
27 32 3 32
19 27 9 28
36 26 4 12
16 45 45 13
12 34 14 22
32 16 47 17
30 24 7 16
24 36 13 21
44 29 8 22
44 23 5 29
8 11 9 20
41 18 6 23
36 45 12 48
35 16 1 41
33 16 10 28
8 14 3 30
29 19 13 49
12 17 6 25
46 28 8 28
33 11 14 14
18 40 22 37
47 24 23 24
40 22 4 34
10 11 3 12
8 10 1 12
42 16 23 47
38 8 6 25
29 26 17 9
12 36 46 2
45 31 40 4
12 11 16 21
12 15 0 7
11 33 38 29
16 45 26 17
11 14 9 25
47 22 15 35
10 14 21 23
44 23 22 34
7 13 7 30
43 24 9 26
15 18 0 37
40 4 25 32
38 29 24 40
49 15 8 21
45 33 17 20
12 41 29 29
47 22 10 27
29 3 11 29
17 13 45 24
37 25 9 28
8 9 30 17
10 15 5 40
34 21 14 27
35 14 15 30
31 23 12 33
13 8 18 17
19 40 38 5
30 15 3 23
47 31 16 25
38 0 27 19
13 14 3 27
28 13 25 33
48 26 14 22
17 40 12 15
22 13 26 24
25 41 8 28
30 22 7 27
31 12 7 26
49 24 30 13
43 27 3 22
11 18 29 34
13 16 12 28
41 9 1 29
46 24 18 21
13 17 18 24
46 27 11 18
49 29 30 14
48 23 12 27
46 25 2 37
19 32 40 12
44 9 22 23
19 37 9 35
37 28 2 23
27 12 2 49
11 16 25 29
11 14 17 18
28 20 11 26
14 14 35 16
24 38 6 32
8 11 2 37
43 26 13 43
43 24 18 36
47 23 32 24
47 27 11 27
6 17 41 21
48 19 13 39
46 34 43 25
10 12 4 24
14 40 14 29
30 4 7 10
48 24 14 44
26 44 3 41
33 9 36 17
44 30 4 25
42 24 16 26
14 33 8 29
38 14 16 32
40 26 5 41
38 9 15 18
4 19 18 25
31 15 13 31
49 30 43 37
39 30 6 13
3 15 41 23
37 22 11 14
37 17 18 34
19 37 38 21
31 20 10 35
45 15 17 46
46 29 34 11
19 16 9 24
30 1 7 46
9 22 32 5
11 18 40 3
13 36 6 7
46 29 18 39
11 11 29 11
41 18 10 39
40 12 4 28
33 16 15 26
25 24 14 30
48 31 49 19
46 27 7 27
8 17 16 39
12 10 7 36
47 23 7 21
37 25 11 27
45 28 22 16
11 13 42 24
30 8 21 18
17 41 25 13
14 21 1 32
41 14 45 12
35 8 49 21
6 13 27 22
1 14 30 19
8 14 4 38
17 46 15 30
47 18 32 15
21 46 8 49
45 7 24 33
29 21 7 39
7 15 22 6
13 21 6 45
8 13 0 24
34 9 39 18
9 40 31 23
8 24 35 12
6 17 35 21
43 25 49 17
44 30 11 29
46 23 2 28
42 21 16 32
35 13 28 2
47 28 22 31
12 12 21 26
9 44 5 29
36 9 6 15
38 13 22 19
40 23 35 9
9 37 3 29
48 20 4 49
15 29 7 31
40 16 24 31
21 34 22 21
44 24 22 28
9 17 47 19
34 14 26 33
42 31 21 39
44 26 14 25
39 24 25 37
34 20 20 26
23 35 23 28
11 41 43 16
42 8 43 35
13 38 48 27
12 14 0 28
7 20 41 33
34 21 38 7
31 11 34 22
13 48 10 37
48 27 10 5
48 27 21 39
41 2 13 40
39 26 7 13
31 10 0 36
27 21 15 49
47 23 25 41
38 15 38 2
42 10 22 22
22 46 14 30
25 44 48 31
6 7 21 20
14 21 18 7
12 16 6 7
15 18 27 18
12 46 4 37
46 22 3 25
46 29 8 26
43 30 29 7
12 11 14 25
22 44 3 29
46 33 13 17
14 17 15 30
10 20 3 21
38 31 17 22
32 12 10 25
3 40 7 29
44 23 3 24
18 39 19 35
42 9 6 29
9 36 0 34
12 43 8 35
40 22 34 7
38 14 25 30
31 7 33 12
41 22 45 2
46 30 13 39
43 24 7 47
34 23 23 22
29 24 11 48
17 49 1 37
30 29 30 7
42 13 8 39
34 5 7 26
41 32 24 27
40 10 12 37
37 6 7 25
10 17 14 31
47 27 3 24
35 1 15 12
36 11 14 22
42 26 7 46
14 45 4 48
44 23 12 23
19 36 14 16
11 18 38 0
32 18 42 14
12 42 21 16
45 13 18 25
42 14 8 48
35 9 8 1
38 18 25 41
13 16 23 25
28 6 12 37
11 40 5 22
39 20 31 19
13 13 2 2
24 40 17 10
28 12 21 25
30 2 36 32
3 19 15 32
32 13 47 39
6 16 36 13
12 15 14 36
20 47 4 38
13 34 4 42
36 14 31 9
44 28 9 21
9 12 29 13
44 25 2 23
49 24 13 35
12 19 19 15
11 10 20 34
24 42 40 33
32 9 27 27
41 24 11 27
28 32 29 21
35 16 20 30
46 18 3 45
11 13 32 25
11 18 31 3
9 42 5 8
48 21 16 8
10 16 17 22
33 14 5 27
28 42 11 33
33 16 39 19
23 28 19 22
37 1 13 29
24 38 6 46
20 37 23 19
34 28 10 32
46 26 37 46
2 44 15 28
47 14 4 40
14 10 34 15
38 19 16 20
46 7 35 44
11 17 40 21
13 10 23 4
10 15 13 19
12 45 34 0
10 12 20 5
32 19 3 28
22 36 23 31
39 24 43 5
33 24 5 26
48 27 24 5
49 25 28 26
49 1 18 40
16 33 49 8
10 22 5 36
10 6 7 39
13 14 3 16
12 13 8 32
33 27 6 39
12 10 7 46
35 9 6 37
20 36 46 27
36 10 8 28
45 26 16 29
5 14 8 32
47 24 41 8
14 46 21 41
13 41 2 45
13 48 23 24
40 27 16 33
48 26 4 49
33 22 39 19
15 45 22 25
14 15 9 38
42 4 14 29
32 17 37 6
16 18 8 27
48 32 8 31
12 20 13 12
6 17 26 31
45 29 17 26
17 17 39 8
21 43 7 22
14 30 38 13
19 28 22 31
33 19 8 46
48 24 8 34
25 29 4 26
9 17 19 40
46 33 14 17
46 31 22 26
26 28 23 38
24 16 30 38
32 24 9 34
29 25 11 47
42 22 40 12
12 21 17 15
16 44 3 42
4 21 2 48
22 40 8 28
33 16 19 25
14 20 15 25
7 14 0 5
35 15 10 31
9 15 11 23
18 41 15 23
31 21 41 25
11 20 29 3
11 11 35 32
12 18 20 43
16 9 13 22
11 16 39 26
9 18 19 33
16 36 8 20
19 14 45 17
48 17 20 39
10 15 26 24
17 41 7 28
32 22 6 3
34 13 3 31
13 19 9 27
18 38 8 20
48 9 36 15
49 29 2 32
14 32 2 46
32 11 3 29
37 24 7 30
29 2 17 30
13 16 11 28
42 3 3 25
14 36 24 38
1 19 11 30
46 25 13 40
23 40 8 36
48 28 10 17
44 37 11 32
16 19 6 9
17 47 17 31
15 46 8 41
48 25 49 4
45 22 16 34
14 18 29 7
17 46 15 49
37 16 17 25
21 33 3 3
5 27 10 25
41 7 8 25
35 26 7 43
15 41 10 42
43 30 36 17
25 18 30 33
28 24 5 34
48 29 5 33
45 23 6 46
44 33 0 26
47 26 30 31
24 28 15 26
29 11 43 20
18 43 13 36
44 31 25 46
32 10 28 22
10 12 17 26
38 4 21 40
44 14 2 20
45 17 4 21
43 11 40 13
6 18 19 15
32 6 21 14
24 47 20 49
45 21 49 24
35 26 20 29
48 25 37 34
30 0 5 37
35 9 30 23
10 15 17 38
48 30 27 23
45 32 33 12
31 22 11 24
23 15 5 19
49 13 4 20
39 17 33 9
17 39 43 23
38 27 7 34
37 28 9 14
36 28 16 30
5 16 9 45
21 49 9 40
38 18 36 30
11 15 29 25
32 25 35 22
14 11 6 23
41 21 21 31
43 2 5 30
10 18 21 16
38 19 11 31
37 21 26 31
36 21 9 40
45 25 9 29
39 21 20 38
38 18 12 25
23 42 16 20
29 26 17 34
46 29 12 35
41 12 7 24
17 41 6 29
29 30 6 37
49 29 32 18
31 8 16 18
46 22 7 29
42 16 16 37
23 40 47 4
26 43 11 39
6 22 15 13
29 0 19 19
16 42 46 13
44 11 13 31
48 18 22 24
23 38 11 26
12 49 11 22
31 7 15 37
40 3 3 40
36 33 24 28
12 17 17 49
23 19 8 38
45 16 30 18
47 1 11 28
36 12 39 10
32 22 11 25
42 21 9 15
39 21 4 15
39 20 20 38
11 22 17 47
13 17 11 24
26 25 24 40
12 41 38 5
12 11 19 26
18 41 31 34
14 14 34 28
21 4 26 21
13 47 12 29
13 15 21 16
10 41 8 24
9 44 4 41
14 12 0 24
36 27 22 39
17 38 44 20
49 15 27 20
48 25 41 10
8 4 9 46
7 17 4 37
48 2 20 39
46 11 30 12
33 34 10 47
36 21 10 26
29 24 23 7
21 31 8 20
7 23 12 32
15 15 47 10
47 26 15 38
40 15 14 28
20 44 10 21
26 19 14 22
25 5 13 44
42 15 7 23
44 9 27 18
11 17 4 27
7 15 44 18
8 19 42 49
37 29 26 13
47 27 9 29
35 3 33 6
48 29 18 42
11 17 0 27
41 21 7 20
48 25 7 27
44 6 2 21
12 42 15 30
13 20 20 31
37 25 43 45
47 29 11 26
12 20 0 10
30 14 25 23
11 12 23 22
21 34 7 30
6 14 15 19
39 6 0 35
47 10 7 30
47 28 47 0
14 11 19 34
46 23 8 38
46 18 21 21
40 21 48 14
7 25 35 0
12 25 14 45
14 37 1 38
16 44 4 29
44 18 16 42
44 2 32 32
49 26 40 31
2 18 10 18
43 26 34 21
46 22 2 41
35 14 21 3
16 21 18 29
46 27 48 15
23 36 5 16
19 40 4 25
23 39 12 46
10 12 8 37
33 35 8 26
21 42 29 4
39 15 38 21
11 10 14 19
21 40 8 31
37 21 17 24
49 10 4 33
46 20 16 12
46 28 6 31
42 11 7 44
47 28 5 24
33 16 23 17
28 3 15 39
45 17 21 36
13 17 19 20
49 24 5 29
15 23 41 24
46 24 2 31
27 13 5 28
40 10 31 22
35 3 30 36
19 47 1 25
19 44 13 27
33 23 48 9
26 39 12 24
37 27 7 42
25 17 13 23
49 23 36 21
12 17 43 28
43 23 34 26
35 33 1 40
21 17 9 35
12 45 8 40
46 24 3 21
17 30 12 10
42 18 39 10
2 20 32 34
45 27 18 27
17 41 19 31
10 12 21 3
32 24 18 35
9 18 11 27
37 10 15 29
46 28 27 14
42 10 8 47
45 28 2 38
17 44 39 46
39 12 20 13
15 17 19 21
12 41 40 32
26 38 13 16
12 20 43 41
40 13 2 43
33 18 1 23
33 8 26 7
14 16 5 37
48 23 9 24
31 27 15 28
49 27 19 45
7 8 16 7
39 19 27 33
31 25 4 34
38 21 4 26
3 9 14 49
37 28 13 44
46 27 8 23
17 47 23 34
15 33 12 31
15 41 49 16
36 24 8 28
30 8 40 16
45 24 21 19
10 19 7 47
15 16 38 7
43 17 4 26
38 25 23 23
43 21 35 22
10 32 34 4
20 35 3 33
31 28 0 34
36 5 46 8
10 17 6 24
41 14 26 34
42 27 19 46
33 17 16 43
43 23 29 0
11 15 21 18
1 16 10 43
26 28 15 19
46 27 42 13
41 42 16 25
8 17 19 20
39 21 3 18
40 12 31 13
34 32 18 9
7 12 43 20
15 47 16 31
39 19 4 27
35 18 17 20
27 43 5 41
41 41 20 21
12 21 6 24
35 19 33 16
41 16 31 16
38 4 2 45
6 15 24 24
48 28 7 29
28 36 13 41
36 30 5 42
27 18 5 33
10 39 6 43
8 16 22 16
39 3 6 29
47 29 13 42
11 21 14 36
40 9 42 49
46 28 9 30
48 27 19 18
37 23 40 26
37 7 1 29
9 20 2 33
47 20 23 10
15 17 9 33
16 46 25 39
