50 66 11966 800
31 39 23 15
23 37 24 26
20 47 16 39
1 44 14 38
1 41 10 41
20 49 5 28
8 39 5 33
10 43 26 11
29 28 7 29
25 48 44 12
4 37 40 32
10 40 37 10
21 34 10 26
17 42 44 22
10 2 39 37
6 43 16 25
45 12 4 33
1 41 35 33
22 7 45 31
26 17 24 45
38 15 32 24
4 38 3 29
8 48 14 49
32 29 19 40
10 46 44 37
9 47 40 14
38 47 38 1
34 32 25 28
15 49 30 10
15 38 5 26
31 18 45 29
12 30 8 29
37 39 8 36
1 36 32 29
0 24 29 33
26 44 40 27
9 34 24 23
2 40 36 32
11 47 6 25
38 26 34 3
8 40 47 36
17 21 7 27
6 39 44 33
33 6 36 34
1 44 5 30
7 46 11 28
14 43 17 41
20 7 37 24
26 11 37 10
48 21 5 25
44 12 33 8
15 49 34 14
17 7 28 2
33 35 49 31
1 37 36 19
30 33 6 30
7 42 27 28
31 30 42 38
27 16 23 4
37 8 20 19
32 33 40 27
4 40 6 26
5 34 6 28
16 34 5 28
17 35 42 24
13 29 11 9
