50 344 14476 800
32 30 45 9
15 4 11 23
32 9 16 48
28 44 41 10
36 10 34 27
39 23 2 34
8 38 46 8
36 39 38 17
29 26 42 2
48 28 6 21
21 30 46 19
47 30 48 12
42 37 40 23
33 10 10 16
45 45 29 9
22 41 15 43
21 37 2 45
29 23 39 32
4 9 25 34
11 1 21 42
46 28 10 49
30 30 6 23
19 44 47 7
32 11 46 8
35 9 7 26
27 4 33 2
9 6 1 38
21 9 47 36
44 36 24 36
35 33 23 40
18 3 11 35
26 1 33 25
19 12 6 39
30 5 43 4
38 22 7 16
23 30 34 18
43 33 43 14
45 29 17 42
18 37 39 14
40 32 15 34
31 37 21 45
11 49 27 25
4 15 20 47
9 8 36 15
22 37 4 9
29 42 27 9
31 38 31 44
33 32 38 23
45 30 48 4
45 26 33 2
46 29 24 47
23 24 26 49
48 38 4 33
8 35 5 30
49 24 44 13
30 11 46 38
2 1 28 44
47 25 47 5
23 36 7 4
27 29 44 8
36 41 21 31
45 10 46 49
39 5 32 48
9 33 5 1
34 31 16 19
8 20 27 38
25 37 17 39
47 32 2 26
27 19 0 37
29 7 49 26
40 22 13 47
31 28 7 39
31 31 26 40
33 32 25 43
9 14 30 32
4 1 31 11
31 25 30 21
34 38 9 35
17 2 46 9
36 11 44 2
34 8 37 0
35 25 32 37
6 4 20 32
25 34 45 8
15 0 33 5
30 7 38 4
18 1 30 7
31 32 15 43
37 37 21 34
36 8 44 10
25 10 23 40
23 37 14 32
28 43 24 23
10 8 22 26
33 6 23 21
33 32 15 31
28 8 43 29
20 4 0 43
20 22 14 37
8 42 41 27
33 30 18 32
9 42 45 8
6 1 42 13
46 26 17 36
28 36 17 49
1 12 38 17
18 21 13 33
9 25 18 28
33 6 12 16
23 14 40 20
1 26 46 7
37 20 41 2
17 43 47 8
31 32 33 12
31 44 23 43
18 36 42 9
37 17 23 41
26 31 25 19
24 16 26 20
4 37 31 26
8 41 26 25
37 31 10 39
5 5 4 29
42 37 15 45
2 9 49 14
21 4 32 43
9 33 29 49
30 42 49 1
40 35 20 41
39 25 7 35
44 38 15 24
40 29 7 33
45 32 47 21
31 20 40 11
28 35 46 9
10 6 41 5
35 37 30 26
42 48 29 16
28 33 46 5
7 7 26 41
28 30 0 48
17 5 19 43
21 28 28 12
34 40 3 31
32 25 47 6
21 5 15 36
7 39 34 18
9 1 19 36
28 10 48 5
36 47 42 9
29 15 1 16
19 23 26 7
29 27 49 7
34 33 14 44
25 6 19 36
25 1 20 15
22 45 30 24
0 39 20 26
25 37 30 14
21 44 37 0
28 18 45 11
44 28 7 25
26 21 30 37
34 3 25 24
30 15 28 33
4 13 15 34
25 34 45 14
36 28 11 43
12 12 31 38
14 8 28 10
43 32 26 31
29 14 16 42
40 30 15 2
26 34 32 13
30 35 17 32
19 7 33 33
25 28 15 16
20 35 15 43
30 30 35 27
28 3 12 48
5 1 22 43
25 9 35 15
11 30 49 10
8 36 37 3
40 17 32 20
24 40 40 33
10 26 37 45
9 4 5 32
0 7 34 47
32 6 21 16
28 31 22 39
24 17 8 45
10 8 24 43
24 34 36 1
8 4 45 17
3 33 36 14
15 6 25 44
18 28 6 47
24 39 22 33
32 34 14 28
7 11 4 49
38 38 39 15
3 4 41 16
35 27 10 33
27 48 20 43
37 33 31 49
36 19 44 19
43 27 26 38
10 20 43 11
26 7 20 27
35 49 10 48
33 41 11 42
44 48 42 7
12 3 19 15
21 1 48 7
4 18 46 8
41 18 20 37
7 43 23 14
49 27 31 29
49 28 0 23
11 39 25 35
27 37 21 28
27 33 16 2
36 18 11 36
32 33 35 7
24 36 24 16
26 31 5 21
45 26 41 11
41 27 34 36
42 29 4 36
43 45 16 24
5 15 11 38
36 36 28 22
25 13 29 9
27 5 27 39
20 3 32 34
31 3 35 13
20 7 33 44
29 27 46 13
24 34 14 33
24 8 4 46
10 5 28 22
25 47 34 21
36 5 12 45
43 30 28 16
28 3 44 44
33 43 28 36
37 10 23 1
14 34 48 8
34 11 18 33
44 37 20 29
7 36 18 27
22 3 1 25
18 0 36 40
12 6 4 19
30 36 37 45
6 7 25 43
9 35 45 4
20 5 17 33
32 0 38 38
49 30 16 39
12 0 12 21
31 1 25 31
16 17 44 4
14 5 46 9
41 25 19 46
37 31 23 12
2 20 37 34
26 22 18 32
15 46 31 0
44 26 34 45
8 8 41 9
3 21 37 29
43 29 35 18
4 47 41 19
21 19 32 40
29 40 31 37
36 24 41 44
44 20 9 32
15 20 23 41
0 13 10 42
28 29 22 22
24 38 44 10
16 8 32 23
43 25 12 32
48 32 33 32
27 30 14 42
8 11 45 7
31 35 42 10
27 42 34 25
39 6 9 28
4 16 23 18
11 9 18 42
44 31 2 49
27 35 12 1
42 28 26 4
36 29 17 42
43 25 2 25
8 11 48 10
14 6 7 4
37 26 45 29
6 16 16 32
23 29 31 42
33 29 17 30
47 21 21 27
48 32 21 18
5 37 35 25
31 41 47 15
18 11 33 36
31 33 32 4
12 10 2 16
45 29 15 42
4 42 45 13
17 37 32 43
20 38 42 3
23 5 23 45
13 12 41 5
18 21 25 15
31 38 10 46
5 12 49 28
20 17 22 49
32 39 41 5
10 8 9 20
24 35 5 22
29 21 39 30
19 12 27 49
5 2 28 21
24 38 28 10
31 10 47 5
26 17 41 23
37 40 3 17
32 17 40 17
46 26 22 45
15 21 42 5
5 36 44 40
21 15 38 22
25 11 44 8
20 4 44 6
21 30 3 24
8 29 34 40
32 15 14 35
19 27 45 29
1 0 24 28
32 7 41 7
