50 60 17979 800
10 17 30 15
10 6 20 41
4 11 40 7
48 44 11 15
1 10 45 22
9 16 39 22
7 29 46 38
48 5 27 24
15 45 34 38
35 46 18 2
24 1 36 46
14 10 13 47
46 41 16 30
20 8 38 43
0 5 11 27
43 3 45 41
10 13 32 19
12 11 17 39
37 49 44 10
15 19 39 41
11 28 36 45
43 16 47 1
11 25 6 26
17 31 48 14
39 32 22 44
23 12 37 19
32 14 44 17
9 20 21 12
12 12 21 47
48 40 5 26
15 15 4 25
21 17 32 25
45 17 43 43
47 14 47 30
12 8 45 29
20 35 38 37
10 18 39 19
43 24 36 16
41 34 25 5
49 7 7 13
47 46 30 42
40 29 19 49
47 41 40 17
3 5 40 39
45 41 10 46
40 25 20 45
3 11 49 33
9 15 43 12
43 19 39 40
31 26 45 17
8 14 34 4
9 11 24 27
31 5 38 16
10 14 8 43
24 20 49 17
9 29 17 47
46 38 45 22
10 15 43 16
46 36 15 36
46 15 42 21
