50 439 18949 800
23 1 27 48
36 40 15 46
42 40 19 6
31 33 1 40
23 8 36 4
44 19 39 15
19 19 29 12
7 7 21 17
21 2 30 13
3 23 11 32
24 27 4 30
10 28 27 22
9 21 12 45
46 41 44 19
26 11 18 36
1 4 20 14
23 4 14 12
9 23 19 4
14 23 42 11
25 5 42 20
25 11 16 13
44 48 22 7
8 24 14 5
31 40 13 17
11 19 11 41
31 38 14 9
12 21 23 26
47 43 31 10
39 38 27 17
28 13 37 21
13 20 36 23
26 7 23 18
36 36 36 29
16 15 21 8
28 3 38 13
9 32 28 18
37 36 17 47
42 12 19 10
24 19 12 38
0 5 20 8
1 28 17 7
11 5 32 18
46 42 5 12
13 6 16 45
28 8 26 45
25 6 10 45
47 40 27 20
11 37 25 33
7 9 43 20
20 13 39 21
43 39 16 48
43 38 9 11
34 25 23 44
41 42 17 11
17 10 16 41
6 18 35 4
33 44 13 48
23 27 17 5
34 23 27 43
41 35 33 37
29 37 7 36
17 16 49 26
11 15 30 41
12 16 36 46
38 18 19 6
12 19 36 21
35 35 18 6
13 21 28 8
31 41 30 24
22 12 16 7
24 39 21 6
26 8 38 14
25 6 47 23
29 24 27 47
4 22 4 32
18 22 10 30
24 12 48 35
42 34 8 31
28 11 19 42
29 20 34 33
39 38 17 3
27 4 16 10
26 6 10 38
23 2 23 43
21 2 16 17
13 23 29 1
13 41 19 10
12 19 1 10
40 16 18 43
1 15 36 16
21 3 44 19
37 29 11 37
30 11 43 32
39 7 44 15
33 45 14 25
39 36 18 30
39 5 25 34
43 21 3 24
34 37 30 17
26 10 11 5
49 27 9 22
12 17 20 36
6 33 10 44
12 21 22 11
8 23 49 8
42 4 13 39
23 11 41 21
12 22 18 13
11 17 34 9
16 22 36 19
13 18 16 7
21 0 17 7
10 23 19 6
7 10 19 10
12 13 31 10
3 34 41 23
30 19 37 32
8 14 30 10
18 14 13 22
37 35 10 3
33 14 27 1
48 44 15 23
26 7 31 16
34 35 22 15
24 1 37 48
2 31 29 35
11 20 17 6
3 30 42 20
24 11 28 17
25 5 45 24
6 12 42 31
28 5 28 45
21 0 25 23
19 0 2 35
37 32 35 39
6 1 38 12
23 12 27 33
12 21 27 26
22 11 3 28
23 27 15 25
27 37 27 2
30 11 11 39
15 3 14 48
12 16 38 25
16 19 13 1
1 25 44 10
22 6 14 43
7 24 15 42
11 17 31 7
9 20 36 39
22 0 16 26
14 18 30 10
45 44 38 12
24 9 25 14
9 7 20 17
11 26 41 23
14 18 19 6
23 3 12 8
27 10 34 32
4 20 18 44
21 15 14 12
10 20 14 41
21 15 25 25
9 17 18 29
12 24 10 41
10 18 38 2
29 0 28 22
14 20 18 6
38 34 33 8
23 14 32 17
9 22 14 10
47 45 49 6
47 11 15 4
24 10 26 41
23 9 10 49
32 32 22 47
6 21 33 28
34 35 45 34
40 37 20 40
37 34 8 44
19 16 38 20
5 19 21 7
7 20 40 40
28 17 41 19
14 21 29 37
3 36 32 12
25 9 11 5
27 14 36 4
39 45 16 35
27 28 12 46
19 0 14 42
12 35 23 8
11 21 40 9
46 40 22 3
1 29 32 35
24 17 40 27
7 10 11 25
26 8 20 7
23 10 13 40
27 11 15 2
10 19 18 6
23 7 33 41
9 33 30 35
27 5 15 35
21 3 11 41
25 10 32 44
16 7 34 39
21 1 26 22
37 47 29 16
11 24 12 40
4 18 27 1
12 17 16 45
24 8 7 22
13 22 19 23
41 42 37 15
6 32 39 39
4 22 36 19
13 24 45 37
41 14 36 23
29 43 18 11
11 38 16 19
40 31 19 10
20 17 39 46
23 15 7 41
23 13 36 16
36 34 40 23
22 7 6 40
18 14 35 25
32 25 31 45
27 10 32 28
41 29 11 20
43 30 47 45
35 35 44 18
10 18 36 35
42 34 45 30
24 19 31 19
4 26 21 4
41 39 39 44
13 26 14 44
12 15 29 13
32 17 44 40
12 17 23 1
4 26 20 4
26 2 15 34
1 35 21 24
22 2 4 1
27 8 40 40
0 41 47 8
6 18 18 30
20 3 16 4
25 12 39 10
15 9 21 37
11 24 42 44
23 3 37 11
16 16 20 15
36 26 18 9
22 5 16 11
28 27 33 16
21 42 33 16
30 28 17 46
33 37 27 38
19 7 15 42
13 18 26 15
37 25 15 4
40 28 34 11
9 18 20 11
17 13 44 21
43 10 24 45
18 1 1 4
28 12 43 13
37 43 37 17
18 1 37 27
32 34 37 48
33 6 43 18
27 6 28 31
21 10 16 39
9 21 38 0
22 30 18 6
43 43 15 44
2 36 40 15
35 42 9 42
48 47 44 18
29 31 18 49
35 26 49 34
46 47 0 37
29 9 38 14
11 41 22 5
23 0 40 7
25 44 32 23
35 23 15 4
27 6 9 5
22 7 45 29
14 11 31 17
41 23 19 40
42 46 31 22
22 3 22 8
23 16 15 6
26 14 3 36
49 43 23 24
2 11 24 22
5 17 42 12
23 16 15 11
28 8 6 23
39 30 15 11
36 29 31 29
11 20 36 0
28 19 39 38
42 12 11 39
37 37 45 22
39 20 35 14
23 6 14 7
35 36 26 8
49 33 0 8
12 36 8 17
36 14 39 42
24 9 13 2
19 16 13 41
25 0 6 3
25 12 45 19
25 9 46 6
28 28 30 17
12 25 39 15
34 32 30 11
46 22 4 8
36 35 16 43
24 14 22 37
25 9 17 8
24 21 0 0
23 5 36 21
9 44 38 18
10 25 16 6
6 14 12 5
15 16 14 43
2 25 40 47
25 42 21 11
6 0 22 4
12 15 19 7
24 1 44 15
0 8 45 33
12 21 25 39
22 8 23 24
22 9 43 12
4 14 22 6
22 17 11 14
29 37 23 10
21 12 38 3
14 28 40 13
39 6 33 8
13 34 26 39
18 18 49 30
36 41 35 19
21 15 17 4
23 18 39 17
0 19 36 22
45 42 35 25
13 27 39 21
41 43 16 8
23 44 13 8
1 22 32 45
21 1 23 12
28 32 24 17
11 22 42 34
5 10 23 7
26 9 30 48
10 18 20 45
27 32 22 26
28 11 12 32
6 27 40 17
25 8 12 22
9 16 37 31
14 27 44 21
14 25 30 11
35 38 46 18
49 31 46 23
21 26 14 43
37 6 33 29
40 29 27 22
40 48 39 20
25 24 30 7
24 7 21 46
11 43 2 31
7 32 20 21
17 22 6 10
36 35 43 1
19 25 44 23
20 0 31 46
40 33 14 8
21 13 21 18
11 21 12 42
3 49 25 6
24 32 38 45
47 38 40 35
13 11 4 36
34 26 16 43
21 9 18 7
13 18 4 12
5 19 47 34
25 8 49 16
6 22 12 0
23 4 4 12
13 20 21 8
16 17 38 33
47 21 42 27
44 28 42 11
33 44 17 12
4 26 10 41
24 34 34 40
43 32 21 4
26 10 26 46
17 14 12 5
25 16 16 11
12 28 5 16
15 18 19 8
9 20 37 11
40 32 9 17
15 18 18 24
27 4 44 29
46 17 11 43
33 34 29 49
30 25 34 34
2 11 20 6
37 36 13 40
23 7 25 11
24 13 37 22
41 40 16 9
24 8 14 36
26 10 49 23
42 26 9 25
25 0 19 49
13 18 21 15
5 24 25 1
48 17 27 4
27 35 37 38
20 2 42 10
14 44 29 0
17 22 17 44
20 11 11 7
0 7 8 0
29 42 27 46
