50 1475 18912 800
18 0 19 21
22 3 7 18
35 18 16 27
39 40 33 23
1 12 6 10
27 34 40 23
29 34 44 27
36 12 40 33
41 11 41 32
26 24 2 46
28 39 48 5
22 40 13 12
18 13 42 17
13 38 46 32
21 21 49 28
15 11 46 9
9 49 45 34
46 19 48 0
27 41 39 24
1 0 49 1
10 32 45 32
28 36 1 36
46 20 8 43
2 46 47 29
40 18 46 0
45 0 32 14
18 12 41 22
7 49 5 35
2 44 29 32
25 36 46 24
33 29 49 3
28 9 44 5
43 16 44 20
8 20 46 4
28 18 43 3
32 44 46 7
37 2 6 33
40 18 44 6
21 15 49 24
27 39 42 35
9 17 46 3
34 27 45 3
17 17 49 27
32 0 44 6
6 48 49 30
14 17 44 30
38 43 41 28
6 49 35 46
32 38 48 25
4 29 14 22
40 38 49 2
27 7 44 6
40 12 47 5
29 31 46 3
8 34 31 16
40 33 3 44
9 23 44 6
36 15 46 30
36 30 25 41
2 32 44 30
47 31 46 24
46 13 3 26
19 37 33 32
40 19 43 6
32 27 44 1
29 18 49 4
38 7 7 24
28 7 45 12
25 38 46 4
32 32 4 32
9 25 42 1
30 37 40 33
11 42 45 22
28 13 49 26
33 33 43 5
26 14 19 45
5 15 38 23
1 32 7 25
9 11 13 31
34 7 9 48
40 16 46 23
22 39 24 46
13 7 42 10
7 47 44 6
39 48 21 32
28 20 23 41
27 27 6 35
46 23 48 1
23 31 47 19
22 25 39 37
46 4 3 22
22 42 43 30
31 5 46 9
39 14 38 21
8 23 46 8
31 38 6 23
38 33 41 1
19 5 43 34
5 25 16 37
39 26 7 21
3 38 14 19
32 15 49 18
45 28 48 5
29 34 48 30
38 46 1 34
31 17 16 38
29 38 43 9
14 6 19 33
13 10 47 22
19 19 13 37
0 22 42 29
40 18 36 42
24 25 45 7
4 17 9 39
31 18 46 5
14 33 49 3
40 3 22 0
29 40 10 14
30 5 5 32
33 12 44 26
39 31 16 9
26 40 35 39
40 16 37 28
25 6 39 15
36 29 9 44
19 15 4 32
28 2 45 0
4 47 44 23
42 15 37 36
32 41 5 27
24 16 20 34
37 27 23 25
29 6 0 26
29 3 9 21
24 41 32 18
25 42 40 21
36 1 47 22
11 26 43 30
18 49 47 3
35 41 16 35
27 44 47 2
45 44 39 27
12 34 14 17
37 5 2 22
5 21 22 41
21 12 32 14
35 24 48 26
31 8 44 6
4 3 7 31
27 19 4 23
31 33 43 27
3 24 7 28
3 44 49 24
18 10 47 28
46 39 45 23
29 39 38 40
36 33 39 26
41 33 48 9
45 11 44 1
25 38 10 25
37 16 45 5
41 19 45 20
17 31 44 29
17 8 18 45
37 40 37 19
21 44 25 15
24 38 34 21
17 18 37 21
27 19 41 9
33 5 46 9
33 13 12 47
26 29 41 15
25 39 18 22
35 10 19 42
7 41 20 29
43 44 44 8
30 41 36 24
44 14 43 25
17 9 4 19
22 41 33 31
30 39 4 30
37 26 44 5
42 9 38 24
27 10 12 40
33 35 42 25
29 2 49 26
11 29 42 21
39 24 47 6
25 40 48 35
42 39 42 3
15 14 10 23
48 19 21 21
29 48 35 28
21 8 49 3
22 29 47 24
27 16 25 32
17 48 45 32
18 8 48 31
24 8 43 19
34 41 46 6
31 24 42 28
29 47 16 33
25 13 46 2
31 37 15 40
29 36 13 40
19 22 35 35
47 23 1 35
37 11 46 3
5 21 47 25
27 4 44 6
29 7 17 28
33 13 9 37
18 43 8 21
38 34 22 17
22 9 16 24
9 29 44 3
9 8 5 30
32 40 46 3
38 8 46 28
39 20 16 38
28 10 29 26
29 1 45 21
46 30 10 21
30 30 2 30
27 11 19 33
33 34 0 30
16 8 4 42
19 19 48 3
49 14 30 26
37 24 6 21
19 44 47 24
18 16 27 18
24 5 48 2
29 21 47 0
37 20 14 18
24 39 41 5
28 34 47 4
47 9 43 36
41 9 45 44
14 22 12 48
30 11 11 30
29 14 3 25
12 18 49 3
41 10 44 6
27 49 48 35
13 1 36 21
39 5 48 19
5 26 47 4
16 47 48 6
22 12 44 4
31 7 44 30
39 23 35 26
0 19 44 22
35 5 45 24
26 39 46 21
21 49 48 4
40 18 28 25
25 24 39 42
27 38 38 24
32 37 48 6
48 12 43 5
32 12 44 6
7 25 12 33
36 5 3 40
31 38 48 3
26 19 48 3
8 32 31 23
21 19 3 27
34 18 49 26
29 1 37 25
44 25 49 24
26 44 40 23
26 39 39 16
4 25 49 4
7 33 48 28
30 36 10 43
34 43 44 30
47 13 7 39
6 33 41 25
17 35 17 29
39 23 21 9
2 33 24 36
19 41 28 38
0 18 48 10
47 6 43 35
42 10 1 27
7 39 45 24
27 1 42 5
40 23 3 32
29 20 47 5
30 31 34 48
4 45 39 6
38 22 8 38
35 20 36 39
27 36 49 31
5 25 41 3
24 28 41 6
31 42 48 22
44 6 47 10
36 39 4 33
31 27 44 1
35 7 0 42
30 38 44 6
41 17 8 39
33 23 43 29
18 13 12 42
26 37 43 32
25 6 48 33
28 27 20 34
39 6 45 20
13 11 48 0
38 6 22 25
29 35 47 4
2 2 48 19
25 2 42 7
25 14 33 26
29 32 35 18
34 37 45 3
23 14 40 29
35 34 42 33
25 20 48 33
28 20 13 48
37 14 38 27
41 32 49 5
37 3 48 25
27 31 35 29
31 40 17 34
31 23 44 3
5 24 46 1
21 44 49 27
28 41 47 7
25 23 41 32
37 12 47 4
31 34 38 33
10 25 47 7
6 48 35 29
42 14 44 29
10 49 37 34
24 37 40 29
31 2 38 35
28 38 20 21
27 34 43 14
45 7 43 2
36 14 12 25
34 16 9 25
27 14 3 34
40 2 45 25
17 28 45 36
24 38 9 42
6 26 12 8
19 9 12 30
6 36 49 6
34 40 18 26
31 36 39 13
9 41 41 18
23 4 6 33
24 28 40 30
39 42 11 28
37 3 28 35
37 3 41 32
34 40 46 36
7 25 45 29
2 44 10 24
11 46 10 33
8 31 21 44
30 32 2 42
22 10 49 22
1 46 42 22
14 19 39 23
25 34 48 36
5 47 6 40
29 34 47 24
16 11 44 6
26 40 4 28
17 40 49 10
13 48 6 8
34 0 42 31
16 6 39 36
25 14 49 29
1 7 14 27
23 17 47 5
33 42 34 21
35 6 49 4
20 25 38 24
4 31 46 2
34 28 4 42
5 25 21 33
44 32 1 30
29 40 40 17
18 25 41 0
7 34 43 8
16 13 44 6
34 30 16 18
45 15 44 30
15 12 3 26
48 12 24 26
10 23 13 20
30 21 9 35
26 13 32 32
27 6 17 44
20 0 22 41
8 45 2 24
42 42 45 30
43 24 48 29
8 49 16 11
29 40 46 9
12 22 38 17
5 28 41 25
29 37 47 11
29 43 22 20
28 38 45 38
30 36 45 25
31 43 37 31
2 25 43 19
41 11 49 29
42 2 41 28
21 10 44 20
37 19 0 34
29 39 0 33
25 39 15 29
22 10 46 20
27 36 47 23
26 15 4 38
36 34 49 32
48 25 44 7
21 7 43 32
17 21 38 19
21 2 43 27
42 10 44 21
32 11 42 24
36 5 48 1
22 15 17 16
30 5 4 21
21 26 48 18
21 24 10 30
45 11 47 29
23 40 43 34
29 40 44 2
0 32 12 38
41 32 2 41
8 17 1 35
18 6 3 34
32 8 44 5
38 7 2 28
18 31 49 35
33 35 15 28
3 45 37 29
16 21 19 28
7 47 34 30
22 16 47 5
38 10 32 42
38 13 43 34
28 36 6 35
9 28 2 20
35 28 47 0
39 7 42 19
4 20 46 25
23 39 46 33
28 16 49 4
21 39 33 26
10 27 39 23
42 18 46 7
10 8 2 41
35 31 49 8
37 26 49 20
21 30 27 28
48 46 37 27
26 5 46 8
34 39 45 1
6 47 47 5
3 39 48 21
30 38 30 19
28 37 7 38
23 8 42 5
38 9 41 5
35 19 42 33
37 22 49 29
36 16 15 32
32 40 43 21
17 47 44 32
12 20 0 38
8 27 35 20
15 34 44 4
36 24 49 26
35 36 49 37
31 48 16 22
11 41 45 21
25 41 3 34
45 49 0 46
29 39 41 33
33 41 45 3
31 6 48 24
21 18 42 7
27 17 34 40
36 13 38 28
1 48 10 21
25 11 10 36
27 35 39 25
7 26 45 7
25 15 13 29
8 37 45 21
28 13 44 34
45 9 47 28
33 15 45 30
32 3 45 10
35 9 49 33
41 43 18 30
14 43 20 36
13 48 49 3
19 7 31 20
32 7 49 35
24 25 4 39
26 5 45 28
11 5 48 18
24 18 19 34
14 4 11 31
30 39 40 17
25 41 13 26
33 14 48 18
12 16 44 0
22 44 40 9
30 4 47 24
15 13 44 35
42 8 46 10
36 15 7 36
44 18 3 22
18 13 18 32
24 37 41 25
1 30 49 5
23 37 46 8
17 49 40 36
30 37 20 24
28 44 49 25
13 40 7 38
32 16 3 25
44 8 48 5
9 32 45 6
31 4 42 4
24 42 41 33
28 35 46 29
31 35 38 31
27 40 15 31
6 24 26 22
22 7 34 31
43 22 31 12
31 37 45 6
29 40 49 27
28 35 45 7
21 23 25 21
28 36 37 34
13 11 1 40
12 49 49 3
32 15 43 24
30 7 42 30
39 5 37 23
37 15 45 31
19 25 12 36
35 13 37 19
23 46 1 32
5 23 34 29
31 39 26 12
35 37 44 25
22 16 8 30
44 17 42 22
38 20 45 5
28 18 30 30
28 36 48 34
33 17 48 5
41 12 47 29
29 36 39 6
17 2 3 44
22 11 43 1
14 6 48 29
6 26 2 31
22 14 6 28
9 34 48 21
16 28 22 30
40 18 46 7
45 25 38 32
29 16 42 8
30 0 26 15
30 25 43 27
26 18 46 7
29 1 6 29
35 33 47 6
34 8 45 2
32 43 47 11
19 21 45 1
35 15 37 31
27 38 43 30
29 44 4 36
30 15 41 19
38 11 46 30
25 37 14 42
35 16 42 28
34 8 45 5
20 15 42 24
34 21 49 29
29 38 36 32
30 18 47 28
37 1 38 32
27 40 7 32
0 15 47 8
20 30 42 34
43 8 39 18
20 5 46 3
27 40 36 20
34 45 45 32
49 14 23 29
14 27 36 14
8 6 38 37
4 29 38 25
13 31 43 40
26 33 42 6
33 13 5 15
11 27 14 30
17 8 34 20
28 9 14 21
30 39 48 5
43 15 28 35
37 12 4 28
10 14 48 17
19 42 42 20
27 37 5 21
32 6 42 27
11 36 20 40
16 16 39 33
30 34 41 3
8 24 47 26
29 3 44 37
27 41 41 3
5 32 48 4
22 47 39 22
27 39 8 28
21 14 43 0
5 27 41 26
24 8 13 35
21 12 48 0
28 44 4 16
38 11 45 10
37 3 48 22
33 43 43 26
35 46 3 20
20 40 46 22
32 29 44 33
47 12 21 40
7 29 40 9
6 46 39 34
6 46 45 35
30 12 24 44
42 14 47 5
3 24 47 11
17 13 33 23
30 35 42 27
5 15 41 20
4 38 11 16
24 41 46 11
34 48 47 36
22 0 46 33
24 8 46 27
42 41 47 32
28 40 5 28
45 24 41 20
34 9 45 5
28 43 33 33
36 5 37 33
27 37 23 18
32 5 32 18
35 26 8 25
47 10 36 33
9 30 18 44
21 47 42 31
25 41 43 21
27 41 45 14
46 12 49 27
37 28 49 33
28 33 40 3
2 42 45 32
25 14 20 42
26 33 48 22
31 29 46 10
14 43 46 33
44 9 19 28
9 24 4 20
30 9 46 7
38 11 46 23
33 36 45 5
46 18 45 22
31 37 43 5
28 15 0 15
26 36 45 16
39 33 36 27
39 8 45 25
24 9 11 34
22 12 38 29
30 46 24 42
32 39 47 11
29 34 46 9
27 37 2 32
31 23 42 19
1 21 36 33
5 9 44 3
32 30 49 30
7 45 42 6
29 42 49 33
35 31 39 22
0 25 3 39
17 29 6 45
24 39 47 1
16 13 15 23
29 10 4 34
31 37 41 27
30 15 0 15
42 23 13 29
38 4 27 41
27 16 44 0
27 36 33 28
39 5 49 25
24 23 45 19
31 42 7 41
48 15 44 11
13 22 42 27
6 25 10 32
0 26 8 34
1 26 36 34
8 31 48 0
33 29 42 3
46 12 43 23
33 12 3 47
24 38 47 2
31 7 45 19
24 44 36 31
37 4 48 22
42 14 48 21
25 6 45 33
18 9 46 21
37 3 16 35
40 21 49 32
21 9 40 18
41 27 41 9
33 24 45 20
22 8 1 27
29 39 46 4
35 33 13 38
3 32 47 26
27 33 1 37
11 2 48 9
34 32 24 37
27 31 6 32
40 15 10 46
6 30 45 20
18 38 41 20
18 48 45 1
34 36 36 31
27 27 43 28
37 17 42 4
3 21 47 3
6 30 13 35
28 36 45 28
21 8 49 5
24 24 45 5
31 7 7 28
37 24 26 9
9 29 47 6
17 7 45 7
18 40 42 5
16 12 15 35
7 24 30 34
30 41 43 3
26 39 45 4
2 49 14 49
30 19 43 4
20 16 10 37
19 11 43 18
27 41 47 11
29 5 46 11
41 8 47 7
40 7 46 24
25 40 49 0
37 32 2 33
17 18 48 4
12 23 33 21
45 10 11 40
4 12 39 32
20 9 42 28
23 35 48 8
12 39 44 38
24 9 2 33
39 45 38 23
35 24 41 30
49 8 10 21
17 15 0 32
29 35 47 34
22 38 49 9
32 26 43 32
27 16 45 14
10 30 41 19
14 36 49 27
10 49 4 14
6 26 4 23
36 5 46 7
14 49 48 8
23 22 47 30
43 9 4 30
27 9 18 19
8 27 24 37
38 37 44 23
33 40 40 2
32 40 46 5
29 16 48 29
30 38 44 21
42 24 40 4
29 36 21 24
30 41 19 36
28 24 43 10
29 28 38 22
27 23 47 31
21 11 49 24
27 4 36 36
18 14 47 4
27 32 37 41
41 28 8 42
27 38 0 38
14 28 10 36
9 29 46 5
44 11 44 6
26 29 6 24
1 22 26 35
38 12 12 40
22 12 35 21
44 19 0 45
21 39 1 35
27 44 33 20
37 25 43 32
9 39 47 26
49 8 43 46
49 36 17 24
35 38 49 5
32 11 29 44
32 17 49 20
13 48 36 25
35 21 45 23
35 8 42 19
36 14 36 26
14 30 3 21
19 4 47 2
22 7 8 25
10 25 48 8
36 1 48 19
28 35 43 13
30 11 20 23
8 25 43 45
30 41 31 32
33 35 35 20
41 11 23 17
2 26 45 14
25 15 22 38
26 48 47 4
36 3 19 27
36 0 43 4
28 35 32 46
3 31 44 4
32 40 45 21
17 6 48 23
38 10 23 23
41 10 40 24
5 21 6 38
7 26 46 4
28 36 41 8
19 19 9 48
4 27 11 40
24 31 26 28
24 18 29 26
35 43 23 25
33 5 49 14
40 6 10 33
2 31 42 0
4 15 3 39
34 9 41 17
35 4 47 0
26 38 6 37
32 38 40 25
37 33 42 3
35 45 42 25
29 39 46 3
36 16 47 16
20 7 45 0
18 8 30 48
40 2 49 3
1 32 42 4
23 42 43 1
29 35 46 16
29 23 37 25
32 41 43 24
31 14 17 40
19 23 46 6
29 43 1 23
18 8 47 5
36 12 42 25
18 17 39 16
31 15 44 25
44 33 11 20
27 7 25 24
27 38 48 40
32 13 2 40
42 14 47 29
29 8 4 34
16 4 9 31
44 49 0 45
24 42 48 4
25 11 48 41
4 26 48 26
34 30 43 26
26 5 12 46
41 5 44 7
7 25 47 30
29 10 48 7
28 28 11 18
38 16 43 2
8 38 43 45
44 9 45 28
7 0 45 10
34 17 31 33
2 47 36 32
30 35 16 32
24 5 44 7
21 26 43 19
36 48 47 26
1 48 42 24
35 8 45 1
18 11 45 28
33 46 48 2
5 26 17 23
1 2 22 47
37 32 42 35
39 11 41 27
11 23 47 28
11 32 36 26
23 7 14 40
7 34 6 26
28 32 41 30
37 19 6 26
39 20 43 4
20 25 46 32
39 9 47 3
3 30 46 3
42 17 48 23
49 14 36 49
31 23 23 29
29 37 41 22
38 21 43 6
8 22 47 3
34 39 46 30
25 7 9 36
40 23 44 4
2 4 45 10
34 5 41 27
38 9 45 33
11 49 38 20
28 32 15 44
9 26 40 48
34 35 43 31
30 6 49 24
16 12 48 21
22 36 47 2
4 36 27 42
36 43 43 29
30 9 31 30
33 45 23 30
7 41 5 32
29 13 25 38
9 16 43 7
30 33 47 3
18 30 42 39
33 15 44 21
23 16 1 15
26 35 2 45
10 30 29 28
32 37 4 42
28 36 16 27
32 38 9 36
4 28 28 21
3 30 38 24
24 9 29 18
35 16 43 32
27 36 42 26
38 11 40 5
28 33 45 35
4 27 49 21
20 23 6 32
31 12 43 33
37 24 47 4
18 49 44 4
30 38 46 5
40 10 46 27
16 32 43 4
43 32 49 0
31 20 26 20
39 17 5 42
35 32 18 29
28 34 9 20
6 41 44 12
3 29 47 3
45 7 40 21
7 22 41 28
37 43 22 43
39 20 49 28
41 19 17 30
28 18 33 49
20 24 45 4
23 47 47 3
28 7 45 43
34 11 44 26
29 40 42 22
42 15 45 4
30 46 47 8
27 41 44 3
32 42 43 9
30 14 47 28
8 14 49 5
24 39 1 26
25 36 48 21
33 36 26 41
28 38 13 40
24 49 43 44
23 24 42 22
36 33 48 21
30 7 7 17
0 25 14 28
25 2 49 17
3 21 43 0
2 25 16 11
38 27 6 25
37 5 18 40
8 49 44 22
24 20 1 33
7 23 24 7
31 12 47 24
39 12 5 32
38 10 48 20
28 22 6 47
0 33 45 6
37 41 9 25
36 30 48 3
20 19 48 18
40 10 5 39
2 26 45 3
26 36 44 33
39 3 8 38
43 23 19 19
44 21 38 19
31 34 48 5
22 38 2 41
28 35 47 33
34 25 43 4
29 40 4 33
4 23 49 5
32 26 46 25
26 37 45 32
27 41 47 6
38 9 20 31
23 15 4 18
22 45 41 29
24 36 48 4
26 38 14 17
30 34 46 5
36 34 5 42
31 45 16 21
31 37 45 1
36 39 8 35
36 21 10 49
30 36 27 31
30 31 18 27
24 34 35 32
14 47 3 40
24 37 5 28
18 28 17 20
42 48 39 18
30 3 49 2
39 12 18 32
4 32 48 3
36 9 24 28
8 17 43 24
28 2 42 2
19 3 48 30
37 3 47 4
35 10 39 21
49 11 14 20
25 30 32 35
28 10 46 32
4 29 13 36
15 37 49 5
27 32 44 25
29 9 15 31
33 24 11 46
10 9 17 38
35 4 47 33
3 22 41 22
35 7 39 21
31 1 48 5
10 31 40 23
34 46 8 22
5 43 13 42
43 8 14 32
26 32 42 49
32 25 38 24
41 16 39 29
32 6 49 33
37 10 6 24
20 15 6 21
34 41 34 22
40 11 42 33
4 23 43 2
43 22 14 38
25 10 41 31
12 38 45 4
11 42 46 2
38 49 4 26
13 12 8 17
29 5 45 5
37 31 44 7
37 30 5 38
4 27 5 37
31 5 12 34
32 33 6 31
35 26 6 40
39 19 44 0
8 27 10 41
27 6 48 5
32 31 45 28
31 3 47 33
36 3 13 44
41 33 37 22
22 19 47 4
34 12 44 37
34 18 44 37
6 22 28 29
49 34 36 28
28 39 2 28
3 23 48 29
4 28 41 17
39 30 49 39
27 15 47 24
14 48 9 43
15 15 47 5
43 0 49 30
44 26 49 5
22 21 43 49
1 23 7 39
49 2 39 23
35 40 39 21
41 12 46 27
16 5 35 19
32 37 45 21
0 28 45 2
48 10 45 2
20 13 42 27
14 39 11 34
24 38 43 5
28 39 9 26
13 29 4 22
31 40 47 0
38 43 2 10
25 35 46 21
11 15 47 3
30 36 5 36
9 46 8 27
8 47 13 40
31 14 5 34
29 2 46 24
27 36 40 37
28 18 7 49
26 37 23 7
45 16 49 4
2 33 45 4
11 5 11 40
30 40 34 29
21 9 47 2
37 38 5 35
41 28 45 13
31 11 14 17
1 4 40 29
31 30 44 9
5 25 42 6
28 35 47 22
3 7 41 3
27 28 36 25
26 11 47 10
30 39 44 22
34 32 41 24
33 3 9 31
49 43 45 10
14 19 45 2
27 38 8 36
21 12 48 8
30 39 48 17
30 39 44 23
38 35 21 26
37 16 45 34
31 37 47 16
23 38 43 33
33 12 12 30
29 16 49 9
27 14 48 18
25 40 43 0
39 8 48 28
25 34 38 36
4 24 32 32
13 37 36 25
26 35 35 33
40 28 35 18
5 42 35 25
27 36 13 45
5 24 12 20
19 29 38 20
4 29 22 32
29 40 13 24
28 44 5 42
49 2 12 45
29 5 46 27
9 26 41 27
45 14 45 24
33 16 39 21
23 27 45 5
41 7 47 35
4 27 48 21
40 12 46 31
2 22 45 29
28 14 44 21
7 34 43 41
15 34 40 23
27 40 47 4
28 42 15 42
36 25 12 44
25 34 39 0
19 35 47 30
29 28 10 36
26 27 45 20
14 9 46 6
38 40 37 19
40 11 37 29
21 30 41 25
25 36 41 28
14 26 39 33
44 8 48 4
43 42 41 35
39 0 47 6
30 7 49 4
25 15 43 23
21 41 47 10
27 7 42 0
31 3 41 3
26 38 41 36
26 44 16 30
35 11 29 16
24 16 42 23
7 47 44 2
33 49 8 17
25 39 46 2
31 40 10 31
27 39 9 38
33 2 47 28
4 49 37 33
42 46 38 24
5 23 45 28
32 4 49 18
24 44 48 9
15 19 25 42
26 35 15 22
15 4 39 21
28 33 10 26
35 9 48 4
2 48 38 6
12 41 0 43
18 30 6 39
32 16 45 6
23 41 17 20
29 16 47 4
9 49 44 21
26 38 49 3
31 38 1 27
14 8 43 17
40 14 20 22
32 13 15 21
26 9 40 27
8 49 49 7
13 49 45 23
27 49 4 49
32 24 46 23
30 42 9 30
16 18 45 8
43 41 36 33
27 43 32 22
14 5 8 40
27 37 8 25
25 7 41 29
25 16 40 34
21 47 3 30
20 6 46 29
44 11 29 13
14 24 4 42
5 22 15 28
25 32 10 29
2 28 44 20
36 31 2 41
32 48 44 6
25 35 45 3
28 38 47 33
5 41 45 27
23 28 33 30
28 33 46 4
34 12 39 21
32 45 6 31
31 37 43 25
5 28 43 34
44 17 6 32
44 18 46 4
33 39 14 27
13 39 46 0
27 3 41 25
34 26 42 4
31 37 16 29
27 40 41 33
4 28 43 22
23 12 20 49
24 12 30 47
17 11 46 30
12 30 47 29
21 2 15 28
15 38 27 30
39 8 14 43
31 38 4 17
27 25 36 25
22 35 43 23
39 36 41 22
9 24 14 27
32 11 48 23
26 41 47 25
8 49 44 28
29 7 26 18
35 47 1 39
22 18 26 26
30 37 35 20
34 43 41 25
30 14 43 30
31 16 45 2
17 7 4 19
4 20 38 33
11 13 42 24
25 41 49 4
36 17 40 40
6 46 41 20
36 42 18 20
25 29 41 37
30 34 29 5
26 22 42 20
40 46 38 25
32 37 45 6
28 12 34 36
19 13 3 28
31 25 46 7
20 20 46 5
8 44 16 17
49 14 47 6
31 44 45 23
20 4 1 18
24 12 48 2
28 42 48 20
33 28 49 0
22 36 29 29
43 31 22 39
28 34 35 24
36 31 23 33
27 36 49 0
12 7 41 27
10 23 18 30
27 36 41 7
25 37 34 44
5 26 43 10
4 26 47 16
38 8 9 28
23 20 29 19
31 39 46 21
31 34 46 6
22 5 46 27
23 30 3 45
38 15 47 30
18 25 0 34
45 9 10 32
31 13 49 2
32 31 42 34
42 21 37 29
34 39 16 40
43 12 41 2
16 46 38 45
7 30 12 38
40 10 40 31
31 11 44 9
19 13 47 6
38 12 46 4
19 31 45 20
39 21 45 5
31 11 49 20
22 38 7 23
6 42 43 6
33 38 49 7
8 43 1 23
4 31 11 29
26 19 15 38
30 37 6 44
32 7 40 12
45 5 16 20
1 28 49 15
39 23 44 6
22 27 13 16
30 35 45 28
21 7 43 28
31 5 0 28
21 45 38 24
42 13 47 5
41 9 39 19
30 38 47 30
39 22 42 33
27 39 14 41
25 41 49 37
36 16 6 17
30 23 44 32
30 12 45 2
23 39 46 2
43 19 49 15
23 12 41 24
38 38 45 5
29 4 5 39
29 44 44 29
8 12 3 17
22 17 46 7
32 37 45 6
40 19 15 22
35 6 45 4
43 9 5 26
32 44 5 25
27 38 49 7
5 21 41 28
10 27 43 9
23 35 8 37
34 26 48 2
38 11 5 35
32 31 42 10
28 10 48 5
21 13 42 5
27 41 46 15
4 26 42 26
2 39 47 8
28 33 48 5
39 18 0 16
1 29 33 21
10 11 0 33
48 22 39 29
23 34 49 1
29 39 48 8
34 33 48 14
30 23 47 4
12 21 13 42
30 40 0 41
45 22 49 29
26 17 17 31
18 0 2 31
43 28 45 5
44 9 36 33
18 14 29 13
28 48 6 29
27 36 12 35
7 24 9 34
27 35 17 23
38 18 46 7
