50 919 11113 800
7 0 0 15
33 39 13 10
44 28 38 14
22 25 8 34
37 49 7 1
15 16 17 7
41 31 12 10
26 32 45 16
39 34 42 37
26 14 37 34
19 29 28 0
26 24 10 37
16 19 20 10
23 36 3 23
27 18 20 3
2 25 38 34
5 38 35 30
38 29 4 46
39 27 34 10
2 26 49 27
13 19 26 4
10 13 14 29
29 31 40 37
18 6 32 11
18 43 45 4
17 3 13 42
17 38 10 41
3 13 38 19
39 48 39 37
38 30 5 47
8 15 33 44
29 29 2 44
41 29 43 6
35 31 46 41
35 46 2 44
36 46 5 8
36 23 44 13
2 18 6 47
26 40 5 45
41 49 45 11
31 40 38 8
20 7 8 27
41 40 20 32
10 14 3 46
25 27 36 27
32 30 45 23
18 26 37 3
26 39 0 46
39 27 16 33
7 26 49 4
24 2 10 28
20 38 39 0
35 41 45 1
11 5 43 5
5 6 22 5
37 26 22 18
21 36 12 1
35 24 4 43
27 37 3 18
42 39 33 17
46 43 43 22
39 41 36 28
23 25 42 1
37 36 32 8
36 33 11 49
17 25 32 8
9 30 7 6
37 29 36 35
30 14 44 4
32 26 16 18
10 10 20 46
33 28 22 29
47 45 3 48
37 29 25 37
14 1 5 49
48 28 7 2
18 0 22 15
30 41 34 7
10 26 23 24
13 37 30 23
33 21 15 23
32 5 8 23
35 14 3 29
15 17 7 1
2 20 31 19
46 42 6 34
33 43 29 37
36 49 10 11
39 31 46 11
15 14 42 27
25 33 36 38
26 24 15 41
49 46 37 37
3 18 12 1
39 42 28 33
36 47 38 20
38 41 33 33
6 8 39 9
33 22 36 29
31 4 6 49
31 39 36 31
26 2 38 35
24 24 45 6
32 6 24 7
32 17 3 35
33 32 41 0
17 8 33 11
16 41 49 38
16 25 15 0
17 28 43 14
35 41 17 42
32 47 6 21
31 43 33 17
23 30 16 9
35 30 41 34
44 31 45 9
1 16 14 40
35 28 19 35
41 47 37 27
35 35 23 10
27 1 47 33
14 38 46 25
32 41 4 34
27 9 1 19
32 7 45 29
9 8 10 15
26 27 42 34
8 12 32 2
4 3 35 43
43 48 19 13
25 38 45 38
35 41 16 5
19 7 19 2
40 43 34 45
40 49 3 5
12 1 43 7
1 17 39 6
35 18 38 9
38 7 34 46
39 36 15 36
36 49 30 19
35 36 8 48
33 44 9 29
22 3 42 4
4 27 13 38
24 35 10 22
45 39 35 31
12 25 9 10
33 27 34 8
0 15 38 10
26 1 14 18
15 24 22 4
27 31 4 39
4 44 2 38
30 43 38 37
49 43 49 10
32 16 0 40
43 44 4 22
35 32 43 6
41 47 22 1
27 2 31 30
36 9 11 7
25 38 13 9
28 4 9 0
41 39 11 21
5 8 15 8
3 20 48 18
18 20 11 39
34 42 17 36
35 31 38 10
17 23 11 5
28 35 16 18
40 18 35 42
17 10 7 33
32 27 38 11
38 40 40 8
31 11 36 5
35 15 16 10
36 22 47 34
18 36 26 17
8 26 44 21
37 37 40 14
12 12 32 4
13 30 4 41
31 42 37 3
10 9 12 17
4 29 37 28
33 23 22 23
22 14 16 2
31 25 41 38
20 26 4 5
44 41 4 38
28 26 37 0
31 28 11 24
34 37 30 3
15 30 6 17
24 41 39 35
27 19 20 3
12 4 40 10
46 38 29 8
27 9 8 4
37 32 8 12
30 47 26 23
33 36 41 7
16 24 13 31
5 16 12 28
25 39 24 11
33 22 30 3
31 27 20 47
29 12 1 45
22 8 39 0
33 22 20 34
28 43 15 38
20 0 1 11
39 38 34 23
26 37 47 14
1 17 36 34
23 6 43 12
24 3 24 41
20 45 44 35
12 10 3 12
34 24 21 47
38 22 28 6
11 10 45 12
32 27 10 17
21 40 6 21
16 4 14 43
4 14 45 2
31 31 36 1
37 42 21 0
35 26 5 39
15 16 30 21
14 27 17 12
21 6 35 31
24 12 8 49
5 9 21 28
35 29 13 3
29 30 44 6
21 16 43 6
40 45 5 23
4 21 35 3
20 20 43 2
36 49 12 14
23 29 36 28
42 20 44 3
36 40 10 39
39 37 9 42
11 42 37 2
11 2 5 24
19 9 6 42
13 21 39 26
7 0 12 15
4 13 41 30
31 31 21 10
12 21 41 1
41 36 36 10
18 17 10 3
41 28 12 1
30 39 17 7
34 25 13 14
18 42 25 20
1 21 15 10
30 25 43 6
0 25 4 17
41 18 6 29
40 45 18 4
15 33 24 40
38 31 42 30
26 4 3 46
40 40 3 21
35 21 33 30
27 10 17 9
17 34 14 19
2 5 7 42
22 18 41 31
29 22 7 19
14 18 15 35
19 11 43 40
13 11 4 37
21 20 7 3
40 38 23 15
11 20 10 11
38 47 31 11
27 33 28 16
31 23 22 24
5 25 46 3
34 29 8 11
25 27 35 33
36 44 12 8
33 24 35 20
26 25 24 17
32 17 15 8
27 11 13 48
34 30 10 35
31 27 47 42
28 22 34 34
43 43 1 1
28 43 49 1
4 13 15 8
2 31 21 1
37 46 26 10
30 26 33 1
27 33 9 22
30 27 7 1
6 18 39 1
29 32 11 13
37 45 2 44
33 27 4 33
34 22 10 15
32 22 3 49
9 4 9 14
40 49 6 9
35 45 29 8
30 16 5 12
18 30 4 25
24 8 27 12
35 39 45 11
27 22 41 33
20 8 5 48
33 36 1 3
25 13 36 6
14 34 18 25
42 43 43 12
16 14 20 12
10 33 34 35
31 33 41 36
7 4 44 12
10 6 37 16
34 25 42 14
28 9 7 8
49 46 3 43
15 18 49 28
38 25 27 14
14 10 39 41
38 38 38 16
21 0 26 19
37 24 9 14
23 15 46 40
1 4 38 20
37 15 35 40
12 19 22 6
41 31 9 34
20 18 4 42
6 19 5 7
19 36 3 14
11 0 34 15
6 5 17 11
30 31 43 24
38 38 4 47
28 46 37 9
11 40 45 23
4 4 3 24
16 32 13 17
20 13 47 5
30 30 2 25
44 25 45 5
32 44 32 23
30 26 32 18
34 40 46 9
39 40 41 43
27 0 32 4
18 38 9 6
6 21 18 47
13 1 1 1
16 38 9 43
30 26 37 36
25 33 32 25
27 26 8 3
20 39 11 14
3 3 9 19
29 43 19 4
42 48 40 23
45 43 33 8
1 13 35 13
0 5 9 14
35 15 20 27
31 30 14 26
24 28 10 6
26 35 9 45
1 23 34 36
26 34 16 2
35 30 44 6
7 4 20 9
28 39 4 45
29 5 20 27
37 31 4 47
44 39 15 23
38 41 37 27
34 37 1 40
23 25 18 24
4 29 8 23
12 32 34 32
30 43 8 45
33 19 25 23
37 41 4 49
44 43 1 39
46 41 1 43
42 40 6 0
40 26 7 22
15 30 20 3
13 16 6 47
14 15 6 49
3 21 30 28
37 7 14 19
13 8 4 47
17 11 22 29
48 45 16 14
12 11 38 8
24 25 2 45
22 15 22 5
32 45 1 47
5 23 11 40
40 39 7 42
31 26 40 7
41 45 14 22
39 45 30 7
5 13 43 42
21 3 13 10
34 17 3 46
7 11 22 43
12 13 7 6
22 33 18 42
32 34 14 49
39 44 6 22
34 30 2 25
17 38 15 10
28 40 37 7
18 21 12 45
38 9 6 6
41 22 25 19
41 44 21 34
28 49 5 44
25 22 2 42
13 21 7 12
21 4 13 36
33 44 9 5
27 24 6 35
32 24 37 29
33 26 37 16
38 48 3 3
40 48 7 36
39 36 1 43
39 49 43 4
20 49 4 9
22 16 33 9
27 13 10 9
38 31 19 33
32 39 13 38
31 30 10 41
7 1 13 45
31 30 4 46
20 6 1 46
1 19 8 48
38 27 16 24
38 33 17 19
6 29 26 19
39 49 45 38
13 18 5 20
40 49 21 12
46 45 22 24
38 42 1 35
11 2 22 41
31 41 19 8
39 24 42 1
26 33 22 15
26 22 8 35
33 31 6 43
5 29 42 36
33 47 3 43
8 13 35 25
12 24 3 18
24 15 7 1
32 20 34 39
43 47 19 6
8 29 2 6
45 32 13 2
31 35 44 7
43 42 7 12
12 10 25 23
42 31 47 9
30 45 10 1
18 23 40 7
32 31 33 36
34 15 17 6
34 28 16 49
30 22 22 10
10 19 5 8
27 36 0 20
2 16 19 20
3 1 12 35
23 39 10 31
5 11 11 5
25 3 12 22
40 17 0 48
32 8 40 8
31 14 33 26
35 39 43 14
21 24 28 23
33 29 29 7
8 30 5 45
35 1 20 0
20 17 31 8
38 19 10 9
15 18 5 4
28 43 4 4
17 32 5 3
34 29 42 8
39 29 10 24
37 44 40 35
26 29 20 27
28 7 32 9
12 11 47 6
36 36 44 38
16 14 10 7
43 48 38 34
34 20 23 17
10 4 45 1
28 21 16 23
30 30 2 2
19 19 12 36
19 40 38 24
24 38 19 39
10 17 30 6
39 43 39 13
32 27 14 17
19 14 3 49
6 22 45 18
26 21 2 17
34 36 32 11
41 43 45 14
32 40 49 2
20 45 23 9
33 25 39 4
5 9 17 24
8 6 41 31
43 43 4 38
47 43 13 2
6 9 10 39
33 36 48 39
2 25 4 9
32 32 45 2
37 18 5 47
17 12 7 46
29 11 8 12
17 3 44 0
29 31 35 43
31 32 37 40
3 6 31 6
18 4 3 49
6 26 28 13
20 7 0 10
32 35 5 43
38 45 1 39
5 42 11 3
34 21 4 10
6 15 12 12
23 41 14 44
43 44 28 35
18 22 39 11
30 22 47 14
26 30 22 38
27 28 31 29
31 25 7 1
36 30 5 9
11 36 10 32
21 43 40 14
37 11 11 11
9 9 23 39
1 32 29 32
4 23 36 11
39 43 42 8
22 2 13 40
33 14 2 4
7 0 6 48
13 24 13 9
36 32 25 16
20 41 34 31
19 41 45 21
25 21 46 34
19 23 42 17
14 7 12 15
29 15 13 18
9 19 10 27
31 36 45 30
45 24 45 1
39 31 19 18
7 5 17 3
18 21 23 10
8 4 10 31
39 33 33 15
39 44 7 34
36 42 7 7
24 14 44 44
19 14 33 14
6 41 36 35
17 8 21 29
37 32 4 37
8 45 34 39
0 33 33 9
13 7 20 17
36 27 29 13
33 46 10 2
45 46 39 39
23 26 48 41
37 35 48 0
14 19 5 21
30 25 16 14
38 46 1 46
40 38 12 7
13 17 33 8
4 0 13 4
35 26 7 48
27 27 10 9
35 38 41 15
29 48 38 10
29 15 7 16
20 14 11 25
34 30 42 7
14 30 41 12
10 5 19 28
39 42 36 28
40 44 10 1
7 16 4 36
0 33 31 5
0 35 34 4
27 23 13 46
26 35 25 27
25 28 40 37
41 26 24 21
5 15 29 23
25 18 19 17
39 26 9 13
36 24 41 12
24 45 44 12
33 26 41 12
44 29 3 48
7 8 18 47
15 19 20 48
20 16 44 22
26 18 37 9
22 44 2 11
17 10 30 28
32 43 30 27
40 35 34 7
26 15 37 22
25 11 30 31
36 35 30 9
10 44 17 39
38 44 17 13
1 43 4 0
27 26 5 46
37 36 36 29
2 21 2 16
34 28 36 1
17 15 26 17
11 10 9 6
37 30 41 41
26 17 6 30
10 43 2 42
12 13 15 18
27 27 6 36
39 34 22 14
20 40 34 3
39 25 35 17
44 46 40 12
9 13 17 27
38 42 32 7
23 27 37 0
20 20 40 3
30 24 26 14
9 15 8 38
33 30 4 43
12 9 29 12
4 25 32 11
2 18 23 24
26 41 40 16
27 21 0 20
27 11 16 29
31 23 9 45
35 42 10 46
15 23 15 44
8 28 6 49
27 45 19 1
24 4 40 16
34 33 20 44
23 11 34 12
4 13 32 4
27 24 28 16
34 32 17 28
36 29 15 5
33 21 5 46
12 29 43 14
40 43 20 2
4 19 34 31
37 45 40 29
17 19 36 34
8 18 0 48
22 44 33 4
7 7 25 4
29 17 34 7
35 28 44 42
11 3 14 5
38 40 49 25
14 31 12 16
34 46 13 15
31 29 1 45
36 42 35 1
7 30 38 19
33 21 42 44
7 9 40 35
20 28 40 43
33 28 28 30
21 10 9 7
36 37 46 23
16 4 13 8
28 31 19 16
28 42 19 13
34 34 46 34
2 10 21 1
37 30 2 18
35 22 8 34
36 22 44 20
4 32 21 11
15 20 33 30
11 14 40 6
31 5 13 14
42 38 28 7
31 29 15 25
14 21 9 37
24 43 7 15
23 16 40 39
13 9 36 21
27 3 2 43
41 43 23 32
40 35 22 29
49 42 30 14
29 40 3 35
41 49 45 16
13 14 7 11
35 39 32 2
19 20 36 8
33 42 24 10
34 44 25 10
20 21 40 9
17 2 41 33
36 37 19 21
23 24 48 3
34 40 27 31
18 8 42 30
31 41 11 16
40 36 1 39
10 6 48 6
38 40 10 35
17 37 1 36
26 45 8 22
1 30 21 41
16 35 3 44
12 18 14 1
19 3 13 10
12 29 3 49
11 21 8 27
28 25 40 7
8 3 8 10
42 37 35 37
29 32 11 2
14 34 23 7
9 1 27 48
16 27 4 35
27 29 3 35
10 0 7 48
15 6 44 4
23 20 4 4
14 33 1 47
16 11 11 2
7 15 42 8
9 10 11 3
14 22 7 45
28 19 2 27
26 29 0 47
27 30 22 1
36 21 46 9
32 38 4 47
22 17 45 36
22 41 4 45
45 47 9 45
39 31 2 26
4 16 7 0
32 28 39 29
20 35 31 25
31 43 44 27
12 9 16 43
27 24 31 14
31 36 16 2
44 40 1 30
1 5 39 36
25 17 28 6
33 8 36 32
21 19 26 18
21 34 6 10
29 45 2 3
32 26 21 3
20 38 43 35
3 5 0 10
42 48 44 36
5 21 29 11
36 22 3 11
38 44 0 5
8 40 12 10
19 26 38 12
21 18 26 13
28 16 19 27
18 20 30 15
14 21 21 9
36 21 10 15
32 30 43 35
14 37 36 40
43 37 11 15
26 31 12 0
28 25 0 41
41 32 44 22
5 4 37 3
25 16 44 8
24 22 46 9
12 30 10 26
8 16 41 28
29 36 1 6
45 37 17 25
38 41 42 30
35 30 8 16
24 20 1 43
16 1 15 17
8 3 3 44
6 22 22 8
22 6 6 15
42 36 32 17
26 31 10 29
25 8 46 10
11 27 8 18
8 22 17 44
43 47 15 16
11 7 15 31
26 3 46 22
27 13 45 34
12 23 4 37
33 27 16 14
15 47 19 15
20 22 10 24
25 25 27 2
29 21 4 8
21 14 40 35
21 12 3 47
24 30 10 17
0 43 23 16
18 10 3 47
21 41 30 15
36 31 30 11
26 26 6 4
18 9 6 33
29 30 41 37
5 7 49 28
18 0 15 22
30 27 39 34
34 47 21 21
46 32 24 3
19 9 9 4
37 42 31 37
9 9 16 15
46 49 37 2
18 16 32 17
32 32 0 15
34 47 1 43
28 42 28 34
22 21 21 47
27 26 31 3
2 16 8 44
29 29 11 19
35 23 1 6
27 27 4 48
23 44 21 30
20 19 6 6
21 42 29 40
34 24 47 30
42 26 2 40
28 13 30 1
17 40 14 14
17 23 38 22
26 30 27 43
37 28 41 12
20 30 39 34
13 34 7 39
26 15 32 11
37 36 8 46
32 29 15 3
35 37 42 9
42 41 33 5
41 48 41 38
37 28 8 48
21 13 40 38
37 49 38 33
32 30 8 47
12 2 40 10
42 42 24 2
43 38 17 13
18 2 32 17
11 18 16 35
13 15 39 32
20 14 2 43
38 28 12 38
31 32 38 30
8 20 21 11
29 9 45 35
39 47 4 8
11 13 40 2
11 32 27 40
15 27 38 4
43 43 41 1
25 24 30 18
37 38 46 35
23 5 5 36
