50 99 12330 800
14 21 42 14
40 39 6 19
17 11 36 16
40 36 41 15
42 25 6 18
48 18 44 22
7 26 4 2
40 40 2 18
5 42 44 14
26 12 42 16
11 9 47 20
29 43 39 16
13 40 35 18
44 32 10 14
18 21 40 9
22 42 3 15
3 41 4 0
17 16 6 10
30 31 41 16
42 25 43 21
33 11 37 17
5 35 7 1
12 37 3 18
16 40 27 26
1 48 44 21
3 28 38 20
27 36 9 14
21 38 1 13
5 38 11 21
27 16 47 17
31 4 8 3
13 38 7 15
21 17 6 15
14 38 38 21
36 16 41 16
40 37 5 18
40 36 17 22
33 18 33 11
17 15 4 13
45 18 39 17
3 40 41 12
38 21 7 19
37 19 11 19
36 13 45 20
33 7 5 16
39 14 18 28
15 37 45 15
25 32 4 21
5 27 7 11
29 8 46 15
3 46 5 2
36 8 36 2
26 42 0 15
11 32 2 17
44 36 40 17
19 24 33 15
16 33 37 15
29 14 8 20
37 23 41 12
5 31 6 20
14 15 5 4
17 8 1 17
25 11 2 1
40 39 10 20
17 20 3 18
16 18 41 18
37 17 8 18
6 39 41 30
32 9 40 21
21 37 19 11
0 37 41 16
7 31 35 20
39 24 42 26
33 5 44 19
33 11 41 12
18 14 0 4
13 15 8 14
44 22 34 17
39 37 11 12
35 16 8 12
33 31 6 14
1 32 44 26
14 28 40 14
9 27 39 13
36 14 15 9
44 19 5 17
32 14 9 12
10 33 40 11
30 10 10 5
5 37 43 21
32 10 5 14
35 42 2 3
35 9 7 16
27 33 44 33
34 14 8 18
47 48 40 15
36 24 7 20
6 47 8 18
33 12 16 29
