50 104 13615 800
41 37 11 28
47 34 22 2
41 36 46 11
42 43 7 22
16 24 30 39
25 37 32 29
40 41 36 32
24 21 6 44
12 37 36 35
6 44 48 8
21 21 27 25
45 32 6 37
1 48 17 24
42 35 34 30
26 43 18 17
29 20 43 17
20 44 36 28
12 17 34 23
30 48 40 38
47 49 4 48
15 42 31 37
29 26 25 19
24 23 24 38
0 45 21 5
3 31 37 8
24 17 49 18
42 26 36 5
37 35 19 48
10 24 43 21
16 18 4 38
31 34 35 2
36 37 29 14
24 24 29 27
5 43 31 39
32 35 40 4
38 43 29 17
8 37 6 23
27 25 11 23
34 15 23 0
20 8 32 44
19 14 1 38
14 38 9 12
0 21 17 43
36 11 38 40
6 34 31 30
27 49 39 30
37 43 44 41
37 36 45 37
24 11 34 6
2 44 39 33
16 17 30 47
44 30 37 28
39 38 37 3
37 31 39 8
4 43 21 43
35 26 38 40
29 40 24 36
38 40 20 9
33 38 41 31
4 46 18 31
26 17 28 10
8 15 32 27
43 17 9 8
2 41 43 3
32 35 38 25
40 47 35 3
34 32 20 25
18 26 32 36
47 3 48 22
17 23 34 9
37 36 40 3
40 33 34 2
49 20 5 45
10 31 26 14
31 20 17 28
29 38 31 2
34 22 34 14
43 32 43 27
44 5 31 1
38 27 27 12
35 9 38 46
1 23 6 47
32 25 38 29
17 13 34 1
41 10 6 35
36 43 11 43
40 40 43 19
26 19 20 3
4 44 34 33
2 35 23 7
45 36 31 30
27 31 15 13
20 31 35 41
13 32 28 41
33 19 28 15
37 43 25 42
30 20 32 46
36 35 17 32
8 23 24 49
36 28 20 12
31 22 24 24
43 38 39 45
16 40 34 8
33 29 36 4
