50 281 18666 800
37 19 44 42
26 27 19 45
6 21 21 48
18 20 32 24
2 45 45 11
10 27 14 24
9 32 32 35
1 7 31 5
19 37 32 38
11 37 5 3
27 25 32 41
16 20 10 44
7 46 10 31
44 7 49 48
23 28 23 10
20 28 13 28
30 41 36 29
18 26 28 31
21 24 19 47
35 32 46 17
11 16 34 34
43 35 48 28
41 31 42 43
26 30 25 3
13 20 28 34
26 24 14 26
20 27 44 30
3 25 37 29
5 3 41 33
20 9 34 37
0 37 5 25
32 20 7 19
38 26 26 10
13 14 40 45
15 33 12 44
40 21 19 40
11 33 33 35
22 17 10 22
28 29 29 8
15 38 10 36
3 26 22 25
19 37 30 30
9 0 2 30
36 36 22 27
21 27 19 15
39 37 19 38
17 24 38 41
23 28 10 26
27 31 35 2
3 31 40 32
3 39 30 36
24 23 9 25
33 13 38 31
22 42 40 35
47 27 3 21
20 27 32 23
18 13 7 35
6 21 9 37
21 37 15 49
17 39 31 34
25 19 28 31
36 36 38 25
25 42 30 38
18 40 39 36
35 22 15 43
33 27 15 30
23 24 31 26
19 27 30 27
44 7 22 34
7 37 9 41
33 32 21 36
12 31 31 34
1 25 36 11
8 37 42 49
7 25 40 46
2 19 30 39
2 42 28 14
0 28 15 19
21 37 35 37
1 20 15 16
1 34 41 28
3 26 34 34
28 37 37 23
28 48 8 29
40 25 32 11
1 35 34 30
26 7 11 45
1 34 27 4
20 5 39 21
20 25 41 31
25 28 8 25
31 25 4 42
17 26 16 33
34 17 11 42
11 36 20 14
20 26 33 6
4 10 34 25
7 25 33 36
24 36 13 20
18 20 26 48
35 26 33 31
35 25 11 27
13 36 10 24
33 29 37 41
15 31 20 49
16 26 37 44
3 15 31 27
17 19 31 11
32 30 13 27
34 27 33 3
20 37 34 37
4 26 35 28
22 38 12 24
21 29 16 37
5 30 22 17
33 32 32 4
27 36 43 32
38 22 13 32
8 31 6 21
2 6 31 31
33 18 33 0
41 25 44 45
26 23 16 33
4 40 40 42
3 38 11 19
12 16 35 25
21 22 32 44
16 25 34 6
23 27 33 33
28 13 12 16
6 29 11 40
15 38 25 41
8 29 36 47
10 33 29 37
15 43 43 45
22 32 21 21
3 32 42 47
39 29 12 40
17 25 27 6
34 7 36 35
3 23 36 30
9 25 14 19
26 15 14 19
30 14 24 36
27 40 3 29
5 31 28 40
36 14 39 43
7 45 21 46
17 21 29 6
32 40 14 29
1 27 35 6
14 27 17 6
1 30 25 4
5 31 39 37
2 30 17 49
7 37 32 18
18 40 25 16
22 36 48 39
9 34 43 43
31 32 33 29
39 17 43 37
42 17 41 45
10 27 35 3
24 41 31 27
16 8 44 9
8 13 33 35
12 17 29 40
23 21 41 40
37 42 29 16
2 34 33 32
21 18 5 28
30 30 2 12
3 24 13 46
27 29 15 27
30 25 3 19
43 39 34 9
12 43 26 30
14 24 10 25
35 12 33 40
8 0 41 19
37 29 39 44
22 15 48 28
47 8 33 20
3 15 29 31
45 18 21 27
32 21 33 5
21 17 30 36
17 23 37 40
4 21 38 32
38 12 31 33
22 18 28 27
26 19 32 44
9 33 37 19
21 24 35 28
38 22 29 6
1 38 19 43
0 22 49 43
9 12 33 7
2 5 33 1
6 30 38 43
18 21 17 41
4 28 30 6
31 30 27 23
34 21 14 32
16 7 25 3
29 25 36 3
23 18 29 5
6 25 42 22
14 29 15 15
9 23 17 44
27 35 13 36
24 25 34 43
2 32 33 28
41 12 31 29
27 25 39 30
49 28 23 36
2 30 23 30
29 11 35 27
46 24 30 16
5 41 40 28
48 16 38 30
4 29 46 31
34 27 4 40
23 29 36 42
7 28 33 22
21 24 7 22
0 13 40 32
4 44 30 31
3 19 12 39
4 37 26 35
24 20 15 19
21 20 30 37
10 45 28 4
11 42 39 48
6 2 6 14
2 37 37 20
19 23 31 28
10 15 46 31
12 26 27 27
35 26 43 40
28 32 23 26
3 28 6 40
0 10 12 30
30 38 6 29
17 24 22 16
1 23 27 22
18 29 37 41
31 31 9 33
19 19 30 15
8 27 42 44
18 19 37 48
21 20 32 27
7 29 17 37
7 6 28 38
11 24 36 27
18 19 1 28
0 36 39 29
8 24 8 45
17 21 39 19
36 29 22 41
16 34 6 21
40 19 12 27
13 25 39 30
32 47 34 30
11 26 10 46
14 20 7 17
27 33 32 27
22 20 48 29
8 25 45 29
7 34 35 28
8 16 31 8
15 20 43 30
32 33 34 28
6 39 25 10
2 33 42 41
16 16 33 25
16 27 25 32
22 30 42 26
1 33 37 16
31 2 11 31
23 26 12 38
