50 239 19121 800
11 18 22 25
3 36 26 8
30 3 25 9
17 8 33 5
34 12 7 16
46 18 34 7
43 47 6 19
35 25 22 31
39 13 15 32
36 27 3 22
8 34 30 35
35 27 30 5
45 27 35 8
36 26 2 46
8 14 40 5
35 17 25 31
32 35 6 41
32 8 4 8
45 18 25 7
8 30 36 43
7 35 38 1
30 30 39 4
39 17 9 34
1 18 2 37
36 1 24 4
15 29 3 15
30 36 3 10
10 14 14 18
23 30 34 0
19 3 36 8
43 27 4 40
20 8 28 14
46 30 24 5
12 5 20 9
15 16 34 29
43 24 1 38
13 38 22 15
6 8 13 19
30 6 5 17
47 15 1 18
1 23 27 5
43 39 6 38
38 12 26 0
12 36 4 11
27 27 23 9
11 35 5 42
20 30 3 30
37 29 26 4
4 12 35 23
4 6 2 41
25 43 24 2
35 22 11 16
16 17 29 1
38 8 31 7
30 1 1 40
33 6 32 30
10 19 0 46
17 45 10 29
9 20 10 31
35 26 4 10
35 11 36 5
12 42 27 14
6 15 17 15
37 32 34 20
24 20 35 32
31 30 8 26
0 16 6 31
29 2 28 10
48 25 0 19
10 19 21 0
19 30 23 1
18 22 2 8
5 24 3 39
21 20 28 2
11 46 38 4
38 28 34 9
42 38 29 0
23 17 4 31
9 16 28 15
11 7 3 22
15 8 11 31
10 37 8 34
37 30 11 41
37 47 6 42
40 41 32 2
40 26 0 34
4 25 35 2
36 34 10 47
11 12 18 13
38 32 2 45
28 8 38 26
28 6 22 32
26 20 26 7
22 18 30 9
15 19 29 24
44 36 6 37
36 49 18 26
44 37 8 38
7 19 27 15
17 28 23 9
21 36 1 17
15 22 7 42
6 47 20 28
45 18 28 4
26 33 13 48
23 31 29 28
20 40 25 10
15 24 31 1
20 18 35 0
39 32 0 9
39 31 30 12
8 43 38 5
3 5 16 16
36 32 40 0
46 22 30 31
33 30 34 1
8 39 14 32
34 47 26 7
16 48 8 42
20 35 0 13
46 8 5 45
36 30 24 9
44 11 19 7
6 33 26 1
13 26 24 16
18 40 29 11
20 31 32 3
31 11 37 6
14 24 39 2
35 6 10 22
38 30 14 2
36 30 9 49
20 21 1 14
35 35 12 9
46 27 25 30
34 5 28 10
15 40 25 28
36 29 8 14
28 12 9 36
35 46 27 36
26 20 35 7
11 35 8 42
33 6 19 7
26 2 7 32
7 18 32 25
8 45 33 35
39 31 4 36
34 8 31 1
11 42 6 42
30 6 34 2
28 4 40 6
15 22 32 4
29 29 33 6
14 20 28 33
34 34 32 6
2 27 36 12
31 13 0 7
27 36 29 4
18 27 14 13
40 26 11 7
26 36 29 10
35 32 20 19
13 16 34 7
11 49 30 3
38 30 16 0
19 27 1 30
22 38 7 12
11 14 9 27
0 22 0 46
43 16 38 36
11 16 19 32
35 24 2 19
34 12 37 4
20 23 12 10
19 18 2 40
31 4 16 27
15 28 31 36
45 36 2 23
37 31 2 46
28 44 9 48
0 38 36 2
12 43 31 1
39 13 4 34
14 15 27 3
35 28 31 4
0 34 25 2
14 13 40 25
11 48 10 33
46 29 33 24
45 27 34 8
16 22 43 32
18 16 28 2
0 16 21 1
27 8 33 9
21 7 11 7
41 34 29 2
18 24 32 1
24 23 43 11
35 25 0 24
17 15 42 7
3 25 6 42
10 20 27 32
34 30 11 26
28 12 35 5
14 7 4 15
0 20 6 43
36 32 22 7
15 24 33 30
25 27 36 24
37 48 18 6
10 17 25 13
8 21 3 18
14 13 30 40
38 15 19 24
15 26 9 38
35 9 11 37
42 18 31 6
16 38 0 35
22 13 26 3
42 25 27 30
37 28 27 4
36 3 29 5
39 27 0 34
31 35 35 7
37 31 0 47
37 7 10 10
40 39 23 12
34 6 25 0
17 19 34 9
36 10 36 23
5 36 12 12
14 6 15 26
30 25 17 47
17 26 21 17
48 18 38 10
39 25 26 5
9 37 30 8
43 43 2 21
26 18 27 7
