50 639 14617 800
8 25 31 16
26 30 5 13
4 29 36 8
7 35 34 46
23 24 18 23
16 11 26 28
24 29 38 20
33 31 17 23
26 36 26 48
34 40 25 10
8 1 39 32
19 5 1 17
7 31 25 42
33 23 15 28
42 30 4 31
2 28 39 47
27 38 9 34
4 25 49 34
0 20 30 26
9 43 25 27
5 27 37 25
1 31 29 25
37 32 8 24
6 31 8 22
29 35 39 14
35 1 22 45
7 30 4 21
35 38 14 18
30 43 33 48
25 42 28 45
38 8 36 11
32 46 44 49
28 34 21 20
2 48 29 46
16 37 43 11
26 41 20 24
26 39 44 28
6 44 14 26
24 34 3 22
0 35 32 44
6 31 23 29
30 39 9 42
42 12 22 43
17 31 13 37
8 29 22 20
7 32 40 43
13 44 5 20
30 38 10 16
12 1 7 13
19 37 19 24
3 32 2 20
7 6 26 47
23 32 9 18
24 36 18 41
25 35 18 8
28 10 14 21
42 9 27 45
30 39 34 10
23 28 39 8
6 6 49 20
46 17 31 41
28 34 31 41
0 36 42 15
1 30 46 28
21 27 45 39
7 38 42 19
16 6 36 43
30 30 26 15
5 1 47 31
17 5 18 20
19 32 20 15
23 41 28 14
25 36 37 49
19 15 32 25
0 47 7 27
30 35 21 29
47 1 2 20
0 28 25 37
26 38 29 40
28 34 23 33
8 46 47 27
15 6 12 27
14 32 28 34
6 30 18 1
15 15 39 20
27 40 34 15
48 39 32 38
18 5 15 19
4 18 11 19
11 31 38 25
26 36 35 43
32 41 40 43
31 40 40 14
48 22 19 30
20 2 2 26
28 33 13 24
28 20 21 19
7 31 23 12
7 44 35 8
40 20 2 31
17 40 9 14
24 37 19 16
31 37 45 19
27 41 11 10
0 25 16 6
29 35 20 33
32 41 10 15
23 29 40 6
48 20 34 32
35 8 6 13
30 36 1 18
33 34 3 27
23 3 14 18
3 32 24 45
36 34 3 11
8 29 32 49
46 44 39 46
26 41 2 42
34 36 41 14
0 26 7 19
32 28 41 42
26 36 34 15
10 37 32 20
5 38 48 14
26 13 36 20
2 30 24 40
6 29 45 46
23 39 26 46
27 28 32 35
42 23 5 39
18 40 14 20
5 27 6 4
6 29 7 21
6 21 15 23
16 13 44 15
4 30 11 47
32 10 37 27
26 37 25 21
27 36 18 21
29 34 47 18
7 30 8 14
0 32 33 11
30 33 5 24
4 30 27 19
27 39 34 44
12 26 4 20
8 27 32 8
31 35 42 20
22 28 16 9
2 30 1 24
5 46 15 15
3 27 38 17
42 8 25 33
6 31 27 44
6 37 45 47
6 40 12 2
16 37 28 23
2 23 6 14
10 12 4 13
31 46 48 26
34 6 43 46
9 30 24 21
6 10 32 22
41 10 14 16
4 25 23 24
5 30 31 12
21 1 19 16
11 8 21 31
27 37 27 29
2 28 29 28
32 34 29 40
6 25 49 26
4 31 22 15
16 30 1 39
25 33 42 39
23 11 31 31
18 9 2 16
44 0 39 31
24 40 20 25
27 34 8 13
44 29 7 25
3 31 11 16
5 26 40 18
44 36 28 42
15 6 7 45
23 0 24 38
28 40 3 15
35 20 39 33
26 32 43 15
30 33 28 42
32 37 32 44
30 40 39 10
26 4 39 20
3 33 20 19
7 36 8 18
3 29 35 47
14 23 2 26
47 44 11 4
27 38 25 45
11 48 44 37
30 39 5 15
25 35 39 38
15 33 16 8
6 26 24 29
14 25 9 30
18 5 19 31
6 30 43 20
0 27 10 10
13 13 43 33
3 31 2 26
28 36 9 16
7 32 43 15
33 39 11 30
5 14 21 46
3 30 26 6
27 29 22 20
27 41 37 42
44 17 23 18
44 12 0 12
30 10 28 34
31 39 28 47
31 39 40 26
3 29 37 10
16 23 19 28
32 31 3 25
43 21 32 18
4 29 1 35
4 31 27 26
45 7 37 30
9 47 15 9
21 30 25 23
23 32 34 38
21 44 11 30
7 5 4 37
8 25 16 6
24 37 10 24
28 9 38 20
48 3 9 3
23 28 34 43
4 30 7 28
8 20 12 35
34 37 29 37
26 17 47 13
25 37 22 12
28 43 25 7
32 30 31 11
27 8 19 4
31 37 20 29
11 14 16 6
42 28 29 39
28 30 39 16
9 32 9 17
30 0 21 28
7 30 18 24
25 36 32 37
27 35 42 42
26 38 49 34
5 29 10 14
32 30 3 18
6 31 33 47
30 31 5 24
15 31 20 48
2 47 7 28
33 39 9 19
4 28 36 37
48 29 14 15
39 20 45 23
32 36 13 12
9 29 27 16
13 38 35 33
6 5 43 48
17 41 22 20
17 30 32 43
17 47 40 20
24 38 43 34
32 38 0 11
36 4 0 24
24 27 7 19
27 33 22 42
26 34 1 24
9 47 25 43
5 10 28 44
11 34 39 6
9 27 27 43
5 44 42 39
23 40 44 33
17 21 26 48
2 26 41 10
3 28 20 17
0 33 4 21
12 42 42 0
24 32 31 45
29 38 17 19
11 31 20 33
15 3 42 41
20 31 3 13
29 36 28 41
3 27 6 14
47 31 21 23
28 39 28 10
18 35 2 29
4 1 40 9
28 40 1 25
9 15 43 26
34 41 26 47
1 30 15 26
27 37 7 24
19 15 24 11
26 38 34 25
26 39 21 33
43 38 31 10
27 33 11 13
28 38 17 45
16 9 35 13
10 16 14 7
3 28 33 46
32 36 19 30
28 39 3 45
30 32 42 24
20 33 39 45
48 16 34 48
29 14 40 49
3 30 11 27
28 38 2 18
31 38 32 46
29 34 8 0
33 5 16 13
46 2 27 27
24 36 22 49
9 3 36 42
29 4 34 25
30 38 37 44
24 42 34 15
19 33 25 27
15 37 16 6
3 29 13 5
30 37 8 21
8 46 17 9
24 40 13 2
31 38 36 15
22 26 24 14
14 43 47 27
6 31 35 46
2 28 36 43
2 25 33 48
2 36 27 36
7 32 21 10
12 35 20 16
28 31 40 30
30 31 12 10
29 25 10 22
42 14 17 38
17 14 16 22
5 29 7 24
22 28 7 17
24 36 16 22
2 21 46 44
27 30 18 28
2 30 29 37
3 28 18 24
30 0 24 41
31 34 30 14
30 21 35 42
25 39 10 24
36 17 14 45
27 34 2 0
7 36 36 13
6 34 25 22
47 36 23 14
6 29 35 39
2 28 31 38
5 26 11 21
17 44 13 3
5 30 36 41
29 35 36 20
8 29 32 44
29 38 21 9
5 31 13 21
2 19 36 13
27 37 21 6
1 11 32 20
24 30 29 47
27 35 15 10
37 14 3 15
17 8 13 34
34 40 11 16
4 27 35 27
26 33 10 30
25 36 40 47
25 39 44 28
4 34 40 6
26 32 44 12
16 18 30 34
25 34 13 17
8 16 3 29
33 5 41 7
28 41 40 38
24 10 32 24
32 6 12 11
28 38 4 27
22 6 30 32
15 17 46 20
29 38 33 45
42 15 16 43
3 39 44 31
28 37 16 28
27 38 1 14
21 37 0 31
20 49 13 35
23 35 34 19
30 38 36 47
22 32 28 17
26 27 6 27
4 30 30 22
12 38 16 31
2 21 40 12
6 18 35 17
27 35 6 18
30 34 28 21
23 38 36 24
28 38 34 41
26 36 24 13
8 37 27 43
34 33 11 21
9 35 40 29
41 23 10 13
25 42 35 37
28 25 48 45
44 13 37 29
4 36 29 41
5 3 18 15
7 26 41 49
22 29 21 12
2 27 30 22
10 36 32 39
45 8 30 35
8 15 34 39
25 35 11 17
3 25 47 23
11 45 42 27
29 37 13 12
7 34 14 28
20 41 14 25
15 35 1 36
42 26 22 34
25 37 41 29
3 32 1 11
37 5 44 21
40 48 6 24
14 27 15 10
43 15 15 31
23 9 37 16
4 31 36 41
23 37 31 46
26 1 30 35
4 29 38 14
27 42 37 17
30 32 45 35
29 37 30 31
4 23 44 24
24 39 40 15
9 32 27 17
3 23 20 48
29 28 24 25
5 36 34 39
8 7 26 9
28 36 23 25
10 3 25 21
4 30 13 35
31 37 3 37
25 39 30 44
25 0 8 2
22 35 9 30
26 34 19 17
3 34 10 13
27 38 35 39
2 41 9 38
6 26 34 35
31 31 41 26
29 34 10 14
23 27 44 49
8 9 29 45
41 33 37 17
33 39 37 41
5 26 29 46
26 39 5 23
19 22 26 24
21 7 45 26
33 33 6 25
34 22 4 23
25 46 41 20
4 29 45 13
17 44 29 6
34 7 3 1
30 36 13 23
25 37 2 27
5 35 22 14
32 38 28 39
25 38 36 28
19 5 24 2
12 48 20 32
27 5 26 40
27 15 9 20
48 27 8 37
14 8 1 26
34 35 33 22
12 4 43 44
29 24 23 23
45 35 34 34
6 12 36 44
31 32 19 5
5 39 7 34
7 28 25 41
12 2 42 13
9 29 19 4
5 32 32 47
6 30 37 4
24 25 0 9
12 33 41 47
19 35 22 30
29 35 31 8
3 34 19 6
23 36 36 39
38 18 47 42
17 35 8 22
14 2 15 22
30 37 41 34
46 0 36 39
2 36 40 40
18 3 10 17
22 37 12 11
33 6 39 16
4 30 30 19
10 5 43 28
3 29 7 18
26 41 8 23
12 24 44 11
31 28 14 32
30 5 36 36
25 40 9 10
23 38 16 12
14 10 24 32
13 4 35 46
21 39 25 35
24 38 30 17
21 43 23 21
30 36 9 21
27 37 10 11
31 39 28 13
3 26 22 7
14 15 10 24
33 34 37 29
4 29 32 43
36 9 44 27
14 4 14 31
36 4 40 48
28 41 37 14
49 37 34 47
4 35 44 17
25 12 16 13
2 12 17 17
9 17 29 43
4 49 17 11
9 36 25 37
13 36 27 41
27 39 17 26
4 26 43 13
29 39 2 23
14 10 9 32
41 33 15 15
36 8 11 22
26 38 42 25
16 6 6 19
20 12 46 15
49 1 26 24
22 16 10 22
5 32 16 16
31 8 8 6
10 4 45 19
18 13 41 23
9 3 35 25
12 17 6 38
4 35 4 24
4 37 19 36
34 33 28 31
27 38 10 17
13 45 35 2
14 4 39 37
3 37 25 37
39 8 18 36
30 43 13 14
8 47 4 21
25 37 4 10
44 30 35 21
30 38 29 46
34 11 17 32
4 40 26 47
27 39 16 16
6 32 10 21
5 32 40 16
14 5 38 27
2 29 1 15
16 39 5 21
14 13 21 40
27 38 17 23
13 7 27 28
26 12 46 43
26 38 19 45
11 33 24 39
34 22 23 18
8 27 25 39
5 31 11 19
23 24 19 30
29 38 12 20
10 30 24 33
3 44 35 48
26 36 6 21
27 33 1 25
28 34 24 45
6 25 14 19
27 34 18 27
24 36 46 49
32 5 18 24
5 29 37 44
28 6 4 29
28 36 27 20
30 34 45 16
20 23 40 45
33 12 10 15
29 35 42 39
11 21 33 26
3 37 32 44
27 29 15 30
10 6 40 27
13 37 27 32
7 28 39 13
9 11 34 41
7 28 5 21
27 40 20 15
