50 249 18120 800
23 17 13 30
17 7 32 38
34 35 14 17
16 13 14 31
35 31 10 15
40 33 9 34
2 6 10 37
38 32 21 26
37 35 41 11
38 46 44 13
17 31 43 40
15 20 7 14
35 25 28 21
1 12 11 12
39 36 22 22
33 35 29 4
4 36 32 24
43 27 17 34
26 34 40 0
2 15 6 33
35 31 26 47
3 12 13 28
31 30 5 3
39 34 12 37
20 27 30 43
36 34 21 47
22 24 20 34
8 10 6 0
6 0 15 30
36 33 35 12
37 35 5 31
39 40 5 41
41 8 19 38
29 36 11 33
40 23 2 38
2 9 21 9
34 47 6 46
35 35 35 7
38 33 45 6
13 32 41 4
37 35 22 18
38 47 7 1
8 36 8 10
21 31 7 30
6 2 20 9
25 34 11 31
35 33 15 33
39 34 31 4
44 24 12 45
37 38 28 14
40 32 9 0
46 30 37 12
35 41 30 7
40 35 19 11
35 35 13 30
46 39 7 34
45 7 20 22
6 7 42 17
2 9 9 31
31 13 46 12
13 48 42 16
40 47 20 48
4 11 24 12
2 10 44 10
31 37 18 49
0 24 4 31
10 3 10 45
42 34 26 43
44 36 25 43
0 30 9 32
4 7 10 3
12 31 28 34
36 24 9 31
35 34 22 27
3 19 19 42
11 43 26 44
37 34 35 45
34 7 12 31
5 14 11 42
8 29 33 21
0 4 9 32
35 36 19 48
34 38 10 2
37 34 44 44
22 27 35 6
37 13 27 21
36 37 12 35
38 4 19 29
12 3 49 41
6 10 18 42
36 36 30 13
40 40 1 32
20 28 12 45
35 34 10 31
36 38 30 22
37 30 19 37
3 10 35 12
4 10 15 42
5 9 30 33
4 11 37 3
27 13 7 31
10 20 16 32
37 37 45 16
37 35 4 45
31 34 12 8
4 19 13 25
36 36 33 7
2 14 30 16
28 25 45 36
4 31 31 12
39 31 9 33
0 7 29 19
48 25 35 26
3 5 28 16
1 42 15 35
2 22 11 30
35 31 16 33
33 34 13 30
19 7 6 35
39 33 8 35
34 30 8 31
35 39 26 18
36 36 12 30
34 35 10 28
43 41 0 1
37 24 19 36
8 31 10 1
38 35 26 19
42 42 30 42
11 3 37 5
36 32 10 4
11 32 19 42
48 16 41 6
37 34 8 29
3 12 25 17
7 7 14 35
36 33 12 0
4 8 41 11
37 24 16 41
38 33 15 32
47 40 16 44
6 32 13 42
38 35 12 38
1 13 11 2
38 32 36 1
38 42 12 32
33 38 24 10
26 33 37 4
42 7 10 34
3 12 25 32
45 15 7 33
42 41 37 6
10 6 29 35
22 27 25 13
47 23 25 30
9 24 4 6
36 37 17 5
30 41 25 24
44 18 38 6
38 37 10 33
40 34 2 3
44 44 26 43
33 35 43 30
43 27 24 41
1 10 33 14
49 47 6 30
33 37 16 33
38 35 11 30
38 41 16 36
37 37 44 45
36 30 36 23
43 19 30 17
37 11 8 32
36 31 28 1
23 7 26 35
5 12 32 34
34 37 28 8
46 12 28 42
28 8 19 46
35 32 22 35
2 14 9 33
0 14 24 42
42 49 15 6
41 44 6 6
20 22 4 10
35 33 20 46
6 7 1 1
35 35 14 48
32 40 10 33
39 42 43 5
5 10 8 31
38 43 27 48
44 39 13 5
14 4 25 10
0 42 27 19
39 35 10 33
46 19 39 23
22 26 28 17
38 34 8 31
6 33 35 14
43 46 2 2
38 32 11 30
37 25 33 9
2 11 33 8
35 38 10 31
43 42 39 5
37 36 6 31
38 37 32 48
0 10 19 20
36 37 9 33
38 32 25 46
36 35 31 16
37 37 26 13
9 10 3 17
4 10 8 33
27 17 6 5
40 37 43 4
1 6 17 39
46 20 33 34
1 25 29 38
14 2 27 34
37 33 38 38
1 5 16 31
42 41 20 49
43 39 29 14
22 31 19 40
37 36 13 12
29 30 8 30
1 31 9 28
45 25 8 30
36 37 10 2
4 11 13 33
10 23 17 37
36 42 11 35
37 34 11 29
37 23 2 5
43 47 31 3
32 34 9 28
39 36 6 34
9 5 34 5
36 19 12 37
44 46 38 41
38 19 45 46
1 9 36 5
1 9 11 40
0 8 40 39
25 4 11 37
12 35 3 28
36 34 47 19
