50 158 14254 800
10 6 1 47
9 44 19 45
18 33 24 31
8 12 28 15
38 0 20 37
18 30 12 16
4 35 13 42
0 3 23 6
17 26 2 39
41 19 32 1
28 24 13 44
48 22 3 37
7 46 2 39
46 14 25 41
10 19 29 35
16 33 11 19
14 28 16 40
9 32 31 28
17 16 17 22
12 23 35 27
7 37 28 20
22 42 35 22
40 43 27 38
25 24 29 39
18 34 29 31
16 29 24 49
11 40 21 1
14 33 22 20
15 25 33 15
11 18 10 9
6 42 20 43
15 37 31 17
6 34 26 47
17 38 23 32
17 8 14 33
25 43 24 11
14 26 29 46
31 46 25 41
20 48 24 36
48 41 28 47
25 41 19 39
12 33 28 42
21 31 4 46
43 17 0 44
3 21 20 49
23 33 21 24
49 10 6 1
12 1 26 38
20 31 38 45
7 13 21 23
30 13 0 41
32 44 29 47
45 15 17 45
23 34 35 39
15 46 20 48
27 31 29 41
7 3 26 47
11 13 23 16
6 21 15 42
23 27 11 39
0 26 17 21
17 33 17 47
34 46 2 41
9 44 11 24
14 5 1 38
39 11 0 34
10 41 3 45
1 33 16 12
46 34 24 40
29 36 19 41
38 38 37 22
18 16 5 41
11 27 2 38
40 30 11 44
13 24 25 27
9 29 26 21
4 37 18 8
22 26 25 38
41 11 31 45
23 32 21 48
26 21 32 36
42 19 16 1
6 13 20 21
21 35 1 14
20 28 26 46
36 32 31 41
18 34 10 23
11 37 27 33
29 33 26 21
12 39 4 0
0 14 10 29
12 45 40 0
40 2 20 32
43 6 16 42
13 30 12 19
25 48 6 40
15 41 30 43
5 37 10 14
15 41 25 29
21 39 18 46
14 35 3 42
17 45 6 49
11 30 18 41
25 39 12 3
9 9 28 43
32 31 5 40
17 32 4 2
6 27 6 36
35 17 21 45
14 20 18 29
10 13 17 43
37 20 16 43
16 39 21 31
22 38 27 43
2 39 16 29
34 46 7 29
37 43 42 8
20 33 6 22
16 35 27 31
38 24 27 49
43 19 46 29
9 40 7 43
18 42 15 8
18 18 22 38
25 38 10 46
6 15 8 27
16 43 14 12
20 28 8 41
11 39 16 49
13 35 28 47
22 38 18 47
8 40 12 19
5 41 34 28
44 19 22 4
45 15 23 23
26 39 22 16
44 8 16 20
41 18 21 21
15 26 5 0
29 37 0 10
40 46 16 43
13 26 19 21
46 11 15 48
8 7 8 43
26 38 3 41
26 34 8 1
7 32 1 46
25 44 21 46
20 38 13 41
15 39 6 4
25 43 35 45
36 10 20 45
22 41 8 8
17 35 2 8
34 41 6 33
12 9 29 17
26 43 29 46
3 26 27 23
