50 185 15754 800
38 42 2 30
26 19 5 12
28 36 30 25
21 25 27 16
18 33 7 49
26 34 8 10
29 39 7 21
19 33 1 28
30 34 34 26
25 33 4 29
26 39 29 23
27 20 23 8
25 34 37 19
17 21 32 41
16 36 3 26
24 41 6 29
28 32 22 41
21 33 3 11
40 33 1 21
38 18 24 40
20 26 21 42
19 22 26 33
27 39 47 32
2 29 22 39
33 22 20 43
26 36 22 40
39 26 43 37
19 22 25 40
4 16 40 19
29 35 28 20
32 17 10 6
42 39 3 20
31 30 9 36
23 35 2 5
16 39 10 14
29 39 23 28
24 47 18 41
23 35 5 27
22 29 7 23
12 33 40 21
16 26 32 34
23 30 26 39
6 35 9 20
23 32 30 32
15 23 14 17
21 31 4 33
26 34 31 39
26 31 1 7
46 17 9 27
35 39 10 25
36 47 29 43
4 34 28 6
23 24 28 18
9 43 35 48
31 36 0 29
17 35 23 23
23 23 38 36
11 44 38 44
12 33 25 18
23 41 39 28
25 46 12 15
25 32 24 13
13 28 47 26
31 38 32 34
7 21 24 37
20 32 0 26
29 26 24 38
8 22 28 39
40 32 27 40
30 28 29 45
19 30 18 17
37 46 26 39
11 24 16 6
10 31 5 21
7 35 12 17
29 26 35 35
25 35 15 35
23 45 9 29
9 24 12 37
20 35 32 38
25 35 5 11
5 30 17 42
3 24 33 35
25 32 32 37
31 19 29 35
8 27 3 26
24 31 35 40
10 17 29 38
30 30 0 30
6 49 26 44
27 34 21 46
33 26 2 23
18 33 28 36
29 34 24 37
5 21 4 26
23 42 33 9
3 26 34 33
26 29 9 37
35 32 29 36
27 38 24 40
17 33 32 15
15 37 38 32
24 31 35 47
5 26 33 41
33 45 29 44
32 23 6 19
26 37 15 40
10 21 18 42
8 26 47 48
19 40 22 38
33 37 15 28
25 46 5 22
21 46 23 16
2 26 5 36
47 26 30 38
17 26 20 20
26 32 12 23
25 29 28 44
6 28 1 21
30 31 28 49
5 17 18 43
25 34 23 17
17 23 23 44
39 35 31 37
7 29 35 33
24 28 26 39
22 29 25 35
30 38 9 26
9 31 24 38
25 33 9 9
17 32 32 30
24 14 3 24
30 42 35 34
21 29 20 40
23 32 18 42
7 37 1 27
28 28 27 35
24 36 9 20
0 24 11 30
9 34 30 44
27 28 20 25
8 6 37 44
0 18 9 25
32 29 38 22
36 26 22 15
24 37 20 29
5 25 33 17
28 33 29 38
1 37 27 37
25 28 16 18
49 40 20 36
7 39 30 36
37 26 11 33
32 35 20 32
39 30 28 46
27 33 7 12
31 28 29 36
3 27 16 23
9 25 0 13
14 18 13 24
31 33 26 40
23 29 7 31
26 31 29 28
24 29 23 11
8 41 39 13
13 22 48 48
29 31 23 36
20 47 29 40
30 27 23 24
25 21 23 28
44 39 10 28
27 21 13 23
25 36 45 1
17 14 18 47
0 36 8 11
32 19 2 23
14 18 31 22
35 45 28 40
31 35 35 39
25 30 17 16
8 27 25 0
27 28 33 19
24 17 30 27
10 24 7 16
29 32 11 21
