50 308 11164 800
9 10 21 18
9 43 46 37
40 41 43 21
22 32 33 42
12 8 19 27
25 14 44 28
11 41 39 27
5 42 31 6
41 8 34 26
25 38 29 13
5 25 31 18
12 26 36 28
22 41 14 35
5 32 39 16
11 41 32 20
11 11 11 6
17 9 7 14
22 26 4 14
46 16 29 13
11 43 49 44
26 5 20 29
45 31 18 5
48 9 46 45
23 11 12 12
35 46 39 18
16 18 41 15
42 30 38 24
1 18 6 13
37 38 29 12
45 14 41 32
15 17 30 36
31 1 12 31
7 16 21 20
43 19 24 28
21 29 11 20
11 41 28 17
42 20 24 9
31 30 38 49
6 41 5 24
15 17 30 21
47 17 11 13
39 4 39 23
10 35 34 27
7 39 19 6
12 7 9 22
45 10 27 23
45 25 42 31
21 46 3 22
48 10 12 26
41 34 0 24
21 10 44 19
32 2 27 13
15 25 36 18
7 40 32 34
8 41 40 18
10 43 39 37
21 20 13 11
39 24 1 12
48 10 35 8
9 42 39 9
7 41 36 25
7 17 37 17
4 9 8 2
46 16 10 28
5 38 26 5
30 32 14 0
3 26 3 2
10 44 31 12
42 41 20 43
39 2 14 15
43 27 3 22
6 37 9 19
40 11 2 12
27 23 8 34
42 8 23 20
24 8 33 36
18 25 33 34
14 23 19 16
27 28 30 21
30 46 38 16
34 14 44 25
23 8 3 19
8 41 31 19
3 31 31 47
13 12 33 25
32 44 39 22
42 32 27 9
18 47 29 17
8 4 26 34
38 42 40 14
46 16 38 8
30 8 39 40
44 33 43 49
47 40 25 21
6 20 47 44
37 21 8 40
45 15 44 36
36 14 46 32
8 42 35 49
44 14 40 15
45 31 25 27
44 30 23 8
34 7 49 33
34 10 41 22
23 41 21 13
27 0 8 19
11 39 40 26
28 4 40 30
7 41 39 23
28 10 24 28
20 8 23 22
23 4 40 16
46 9 45 21
20 0 28 21
8 40 24 17
43 36 35 30
9 32 34 28
48 6 23 11
43 28 32 21
36 2 39 9
17 12 20 20
7 37 20 13
44 30 37 10
33 43 24 7
48 16 25 23
13 44 24 31
15 6 33 17
23 40 18 19
7 37 11 10
24 39 12 13
38 4 24 8
22 26 34 34
21 16 9 14
35 31 42 12
11 2 13 13
1 35 44 2
24 29 21 6
0 30 11 18
45 26 0 27
47 10 33 10
7 38 46 24
7 2 36 19
49 23 29 38
30 40 6 33
13 10 33 18
11 13 25 18
11 40 24 13
6 43 31 28
1 42 36 16
10 9 34 18
39 21 30 19
20 47 33 29
35 8 16 3
23 32 43 19
7 41 22 27
48 16 33 12
28 12 44 25
8 44 29 26
9 40 17 15
33 32 40 16
37 38 33 5
6 11 11 1
35 29 42 18
46 29 29 20
40 12 11 27
13 31 33 17
34 36 30 5
9 40 48 4
47 17 43 47
33 33 38 23
31 30 31 19
46 22 37 5
20 27 41 31
41 36 6 9
42 0 32 36
1 30 40 25
42 8 32 20
39 38 22 22
37 30 28 41
6 38 13 12
46 8 28 15
46 19 21 24
37 6 12 19
30 2 49 15
40 1 32 19
27 44 26 8
7 45 42 17
24 37 14 4
6 39 29 5
39 7 21 26
12 9 44 18
40 20 27 41
8 40 32 26
16 7 21 19
29 9 14 36
35 8 34 20
21 5 33 12
23 36 17 24
27 11 34 17
13 23 25 34
12 0 6 3
8 41 41 15
14 21 25 24
30 44 23 19
42 12 37 27
30 9 29 17
7 40 29 20
9 42 20 31
36 3 27 9
22 16 30 14
10 26 26 22
43 3 20 49
23 19 21 16
12 42 11 3
45 25 19 36
18 9 30 47
20 30 29 9
7 41 1 9
39 37 23 10
5 43 36 27
31 27 36 14
29 26 28 2
3 26 21 17
2 22 37 5
40 1 34 29
5 39 38 17
3 30 31 15
8 41 37 25
0 37 9 24
6 17 18 38
6 36 47 13
38 2 36 18
33 36 26 17
16 16 28 44
17 26 42 39
27 21 15 13
31 33 21 28
10 26 41 33
12 10 8 1
42 23 35 26
7 41 7 14
41 27 42 15
6 38 37 20
2 34 37 24
9 38 33 16
26 28 21 18
44 26 48 13
35 27 34 15
13 35 18 44
42 48 19 19
19 10 15 1
1 9 24 28
9 41 28 22
40 35 27 0
45 7 39 24
48 19 32 13
47 27 16 14
38 43 38 15
37 45 12 26
46 28 34 1
8 44 30 9
35 39 11 31
12 31 32 16
10 40 23 4
32 5 44 25
20 21 35 13
31 43 21 17
47 12 39 28
42 24 30 16
43 15 38 25
8 23 29 16
6 3 38 14
30 44 27 31
16 7 15 15
38 30 43 12
47 31 44 0
45 29 21 11
14 7 32 22
12 43 28 20
28 8 20 34
23 47 39 16
25 26 37 24
10 41 25 13
21 21 21 36
26 15 29 34
19 14 44 21
36 40 32 26
39 27 2 26
47 16 14 22
7 41 40 42
10 42 33 17
22 19 26 12
4 19 35 30
44 29 38 44
10 0 45 21
44 29 35 30
23 9 47 38
30 9 27 0
31 20 7 14
13 17 35 22
38 3 42 25
17 38 9 24
11 42 39 12
33 21 46 24
7 40 28 25
6 37 39 27
20 22 35 32
1 6 23 17
