50 575 11246 800
19 21 19 14
23 38 22 26
24 14 24 7
22 22 16 9
31 18 26 23
18 25 40 7
17 21 18 14
28 21 22 49
41 30 47 32
28 21 32 7
3 15 19 13
13 21 11 14
27 31 40 27
27 7 42 13
24 11 18 37
40 28 15 10
28 37 23 24
30 22 10 1
37 35 16 30
19 11 27 2
19 21 16 34
33 20 46 10
18 40 19 22
28 21 24 13
25 34 22 18
27 10 12 27
20 20 28 14
30 49 20 15
49 18 33 19
37 14 23 9
25 37 28 41
26 39 20 41
47 30 23 11
28 22 8 22
21 35 11 17
27 40 29 29
26 8 43 30
29 21 41 33
16 32 4 24
10 7 49 1
19 20 40 31
32 41 20 5
35 24 38 31
16 37 43 10
29 22 20 21
35 19 31 13
25 18 31 18
31 37 8 30
35 13 30 2
17 21 27 11
23 14 21 31
28 32 18 15
8 29 40 25
20 22 14 23
19 28 17 49
18 15 28 6
20 25 27 16
26 13 25 30
22 21 41 12
43 23 40 12
36 3 38 10
31 10 7 10
18 20 45 13
32 11 2 11
16 19 22 13
36 44 24 15
27 22 21 38
18 21 7 21
18 21 10 35
36 2 40 33
16 31 42 13
22 35 41 8
24 42 14 19
33 30 42 10
19 23 12 27
23 16 21 5
27 16 44 15
46 42 37 10
26 2 42 10
14 22 28 14
45 30 12 45
49 38 18 6
23 13 24 20
20 9 33 25
35 23 36 37
36 22 12 23
28 18 7 29
40 35 10 10
19 24 33 21
22 22 40 11
21 22 42 14
21 17 15 20
45 38 10 40
23 11 40 26
29 21 27 12
49 41 45 14
48 38 42 23
43 45 20 44
23 9 15 38
18 18 22 16
30 24 14 16
42 11 6 30
20 24 22 12
27 30 17 45
28 15 44 10
23 23 17 30
20 21 24 27
35 12 36 20
46 37 18 40
22 27 3 45
46 39 19 16
13 29 27 43
23 14 8 0
31 18 19 37
34 28 28 32
8 19 19 6
27 9 49 11
21 24 43 6
22 21 2 17
15 17 46 9
18 32 24 14
33 5 20 13
48 17 45 12
20 23 19 36
46 8 43 11
29 37 18 8
43 38 47 34
23 36 25 27
21 27 14 48
34 1 20 21
23 15 27 32
33 31 21 19
22 22 10 9
19 38 27 28
41 28 38 36
20 37 22 16
49 25 35 49
15 10 41 25
12 39 40 6
24 21 15 18
32 37 49 10
27 23 5 44
23 17 40 22
20 23 44 9
23 9 20 25
35 28 12 31
18 22 13 12
30 18 29 14
4 18 23 2
26 23 18 29
26 23 28 30
27 31 12 32
48 29 16 5
33 23 42 13
32 14 38 44
17 21 43 8
17 14 23 44
19 22 22 38
45 21 10 8
32 19 39 6
31 38 23 24
34 31 20 26
44 16 17 18
24 23 36 43
30 29 18 34
20 1 43 11
15 41 32 30
19 22 23 6
33 20 8 44
20 22 12 43
29 20 10 15
37 31 5 34
27 42 19 20
5 0 29 23
21 24 6 40
46 29 24 18
11 12 17 20
26 32 40 12
20 23 18 29
18 21 23 16
21 23 25 27
20 22 15 15
30 23 44 37
20 24 21 9
26 21 38 13
34 29 41 13
29 16 18 19
22 40 6 45
17 26 39 10
24 24 32 5
28 8 45 27
14 8 5 43
28 11 45 25
27 35 19 21
22 35 47 7
26 21 32 24
17 20 27 24
19 22 34 19
25 14 28 23
24 34 21 30
28 26 14 21
20 22 38 28
25 21 22 48
24 28 43 10
21 29 2 22
19 22 6 42
17 35 13 28
21 23 19 8
21 22 44 15
30 19 19 28
24 21 17 28
22 38 37 33
39 19 12 27
27 24 13 15
16 14 29 1
18 20 36 20
34 30 40 12
30 29 24 6
30 6 46 28
20 34 14 17
21 20 30 23
47 18 23 1
44 16 15 8
18 21 16 28
32 25 15 22
23 14 19 49
21 20 42 34
47 39 21 15
36 14 15 20
21 37 43 14
21 22 31 12
21 45 8 38
18 22 20 30
29 11 46 9
21 37 44 12
22 35 36 32
16 42 45 15
27 25 7 28
43 37 20 46
32 26 39 16
48 22 42 13
32 26 15 13
24 22 22 1
32 18 26 31
27 12 20 16
17 29 41 27
21 21 9 17
40 19 10 10
18 20 30 12
48 42 32 2
49 16 29 17
32 19 21 19
18 22 8 2
25 32 10 17
28 20 19 39
29 18 27 45
17 7 30 21
25 6 2 9
23 21 18 15
28 21 33 23
34 9 20 9
44 20 13 44
25 19 36 9
24 45 42 8
25 42 46 23
23 20 32 17
18 34 32 11
34 23 17 24
28 17 18 12
31 12 20 12
48 1 47 9
44 38 13 32
30 16 12 41
25 5 16 17
29 26 28 8
25 33 16 14
25 36 41 8
48 42 14 23
19 22 26 6
16 23 48 12
17 9 42 31
47 36 19 16
27 44 31 6
27 28 9 45
24 34 4 31
24 22 27 43
26 43 49 21
26 7 6 48
48 35 43 10
32 18 26 24
30 17 26 42
19 24 38 29
25 43 42 4
24 19 3 15
40 18 17 40
23 22 36 19
48 36 16 22
21 22 39 11
40 27 31 19
46 24 2 8
25 16 46 26
18 39 17 3
48 35 32 20
49 35 19 10
16 39 6 39
10 32 19 31
21 31 42 8
17 24 36 25
28 8 21 11
25 35 20 24
23 9 31 17
16 11 5 25
21 31 9 15
19 35 38 32
20 23 36 27
17 8 32 24
43 35 21 11
36 10 10 25
20 30 19 46
40 19 43 12
19 20 38 37
47 20 23 25
46 25 28 22
30 28 4 47
31 11 18 29
21 39 42 11
18 23 3 47
26 9 1 45
24 36 22 45
18 26 11 25
21 22 17 27
3 8 24 14
19 22 11 22
26 38 0 40
25 22 44 13
41 40 26 47
27 31 6 33
33 17 44 10
31 29 24 10
38 13 9 19
20 31 28 8
21 36 15 17
44 36 28 16
18 20 9 35
45 3 22 15
16 21 38 26
17 37 29 49
21 40 42 27
23 18 9 35
24 22 11 38
18 37 20 43
28 21 5 39
36 17 24 9
17 16 19 11
20 45 40 31
34 23 4 40
30 33 17 47
32 13 43 12
22 35 28 5
18 29 25 18
40 23 16 12
18 37 13 19
38 26 45 13
32 15 16 5
45 42 41 10
33 5 36 18
45 21 38 20
15 32 25 17
23 38 28 28
31 29 25 11
23 26 15 48
41 28 14 22
43 21 21 49
24 27 44 12
22 20 11 42
18 26 31 47
17 13 37 26
12 22 26 23
21 22 20 36
39 16 19 15
47 31 10 25
42 21 32 10
17 22 24 21
32 12 13 18
18 21 43 12
46 14 38 16
20 21 42 23
10 14 29 35
21 10 34 17
24 41 39 25
30 22 45 11
25 6 15 15
46 26 18 14
44 17 17 19
11 10 0 48
27 24 3 34
45 45 37 14
49 17 40 15
22 22 41 14
45 9 38 21
28 45 11 9
19 22 47 11
15 30 17 40
19 19 47 13
44 10 16 20
15 22 42 13
20 13 23 22
29 25 35 45
28 42 39 6
26 18 28 21
25 29 43 8
27 20 13 27
42 29 46 8
32 3 16 49
23 22 23 15
27 14 1 34
23 31 21 17
28 2 7 29
21 21 17 44
16 27 42 12
25 11 37 41
27 20 41 13
18 25 38 6
47 42 23 18
40 34 9 4
28 16 47 10
19 37 9 16
29 13 13 45
32 17 8 38
28 15 14 36
45 30 42 12
26 36 2 43
12 39 25 19
24 9 42 14
21 19 28 21
19 26 44 14
38 34 44 14
16 23 21 15
23 7 17 16
36 36 33 12
21 33 2 31
33 16 13 26
23 7 39 31
31 13 39 11
30 22 29 18
22 11 7 47
27 36 45 10
17 23 45 26
28 7 6 31
12 19 27 14
6 6 36 29
34 4 21 20
31 20 19 15
33 38 8 32
30 6 41 11
22 31 25 45
25 45 1 21
46 37 47 12
28 15 24 43
22 24 35 15
30 13 21 9
13 14 31 16
31 10 22 23
30 6 31 32
46 34 36 33
26 30 46 12
27 5 44 9
30 15 35 48
47 27 43 21
22 22 12 28
11 19 40 10
25 35 28 14
30 13 14 16
23 21 40 10
17 24 2 40
13 22 2 41
19 20 12 29
19 22 46 13
34 23 27 4
19 20 14 14
31 14 7 36
16 30 9 18
30 16 10 13
22 43 15 36
13 15 20 34
22 38 44 11
20 40 21 11
33 10 46 13
13 6 32 37
28 20 16 21
18 44 34 34
25 21 5 30
21 23 41 31
19 20 27 23
35 14 44 9
34 43 41 13
49 34 33 7
33 8 9 48
37 25 45 34
24 36 12 15
20 22 31 36
25 36 37 8
40 11 7 15
8 18 14 27
28 20 14 9
19 24 43 12
41 11 10 19
17 7 21 25
42 19 41 12
23 38 4 33
22 19 8 18
18 38 41 14
41 22 43 14
19 15 23 8
36 18 22 13
44 31 9 45
20 39 18 10
13 18 44 35
23 36 14 40
41 26 20 24
18 37 42 34
17 19 22 8
42 36 13 21
48 41 40 22
28 34 15 47
24 16 21 41
47 32 49 35
30 13 15 2
25 8 43 13
28 17 45 8
32 18 29 5
44 29 13 26
38 18 5 25
15 22 27 48
21 27 49 12
19 22 21 1
39 25 28 22
20 9 41 7
41 26 41 34
19 22 16 30
22 41 9 26
20 21 26 13
21 20 32 17
29 6 3 11
27 8 28 18
20 27 45 7
32 18 17 14
42 7 29 6
29 48 4 13
19 49 27 19
31 26 19 23
20 21 29 20
18 32 24 15
20 18 14 23
19 25 19 30
28 10 19 14
21 22 3 46
47 32 12 8
24 9 45 28
25 23 30 25
20 22 18 14
39 42 12 17
17 21 42 3
15 37 21 18
28 6 22 4
23 34 11 25
20 23 42 30
34 11 45 11
45 31 30 23
43 32 16 19
22 15 34 3
18 38 7 35
39 20 31 23
9 38 42 28
16 10 17 49
