50 1248 15336 800
32 17 32 33
4 9 41 35
39 24 7 18
28 32 2 14
0 39 8 5
40 37 0 17
8 35 32 15
2 33 11 1
38 17 6 17
24 15 10 21
20 4 43 33
27 21 23 13
12 5 36 40
7 39 36 13
45 31 3 15
1 32 34 23
39 14 7 17
34 19 10 9
36 14 42 34
6 34 31 30
49 21 35 47
2 35 33 37
7 35 4 13
40 19 44 37
46 38 17 16
32 5 39 26
26 34 38 4
14 1 36 18
40 10 48 34
9 18 6 16
26 13 37 18
34 18 32 25
0 3 6 18
27 4 16 25
42 10 5 15
29 32 2 13
36 17 27 39
38 36 15 20
28 22 4 16
48 41 31 23
31 4 6 15
4 32 36 15
33 12 44 25
30 6 18 31
5 34 31 34
24 36 29 2
35 19 3 8
36 24 18 34
16 38 36 24
14 34 36 26
5 32 47 31
28 18 27 23
8 33 7 15
36 19 2 14
43 30 33 15
5 23 3 14
47 30 36 13
33 34 8 21
41 35 38 29
21 11 44 30
37 16 11 22
45 36 32 18
39 6 2 13
4 35 29 33
38 17 9 28
27 14 8 25
5 5 6 17
34 11 16 31
33 11 4 18
11 7 0 20
39 32 34 28
45 28 22 20
39 19 1 14
38 19 33 23
44 3 2 21
48 38 8 27
16 11 31 21
5 34 4 13
3 36 1 17
39 18 32 24
35 16 3 25
7 34 8 10
10 8 35 27
8 34 31 30
21 3 42 39
28 14 9 20
46 32 20 9
35 23 21 14
20 16 45 39
48 26 37 14
24 3 40 26
30 0 4 18
4 26 32 12
46 28 47 36
30 13 25 15
37 1 25 28
18 7 43 29
11 41 35 26
32 30 25 6
1 33 30 27
19 1 35 24
48 34 36 24
20 30 35 11
28 18 12 32
37 15 7 16
13 17 4 13
30 12 19 16
35 7 19 31
20 25 47 6
40 13 20 33
39 2 3 21
0 12 29 20
47 29 3 18
8 27 29 11
18 13 46 36
10 3 40 31
35 19 33 23
6 38 37 18
42 16 44 33
3 34 3 17
36 18 41 41
24 27 35 37
43 13 1 21
26 30 31 2
7 33 42 32
4 31 38 43
33 17 26 13
8 38 44 23
4 35 35 0
38 16 39 31
14 5 35 19
40 3 36 38
36 23 5 15
30 41 13 36
31 34 30 21
36 19 34 42
4 30 25 12
9 35 3 17
25 22 5 20
7 5 42 34
46 12 41 40
26 38 25 14
48 0 5 14
30 13 36 10
47 16 38 40
46 30 42 43
36 16 6 11
46 37 0 17
34 15 34 33
6 38 3 18
3 36 7 12
33 14 3 22
7 28 4 25
40 19 39 8
39 32 42 42
0 27 40 38
41 26 4 4
5 35 35 28
46 22 22 17
26 14 43 45
4 20 33 21
4 22 6 37
5 33 38 41
4 36 31 27
24 5 4 15
29 8 43 8
8 10 4 15
11 37 27 24
19 24 27 41
9 42 36 15
5 33 34 29
37 16 20 0
33 9 23 25
2 2 35 2
40 14 13 25
49 13 0 17
46 34 2 14
46 24 46 37
38 20 0 25
24 16 33 20
10 43 21 10
31 4 43 45
49 42 4 26
45 38 3 17
48 36 2 15
34 20 0 18
32 23 4 18
30 8 5 0
45 25 5 9
40 24 32 21
30 20 44 30
34 26 47 34
4 27 44 33
15 38 8 15
42 16 40 40
42 14 43 41
16 23 30 23
28 14 10 23
34 10 7 22
26 14 49 20
3 33 48 7
21 28 40 30
41 17 4 16
43 17 45 37
46 39 1 23
41 18 23 17
15 13 4 21
12 35 8 2
16 43 7 18
13 17 5 19
36 18 0 15
37 16 21 22
34 38 4 17
32 30 30 23
5 7 33 13
10 35 4 13
3 31 3 22
4 7 38 41
6 32 41 29
7 31 7 15
39 22 1 24
38 18 30 23
9 19 4 16
25 36 46 29
38 27 46 16
3 37 5 18
13 26 6 20
45 33 3 26
5 37 0 31
37 20 33 19
4 32 21 22
38 5 45 31
25 18 35 9
4 16 20 6
38 15 38 26
16 17 39 35
4 21 32 11
35 21 41 37
43 39 14 18
24 3 30 24
5 18 27 18
8 33 4 13
4 20 48 28
7 32 7 23
37 19 5 19
10 34 4 19
6 40 3 10
45 26 9 22
37 33 4 16
3 1 7 9
7 16 31 24
49 44 0 24
2 37 6 14
32 12 16 14
48 38 25 21
35 34 21 27
0 32 5 17
33 21 4 13
10 28 41 38
28 9 43 40
8 36 22 2
3 35 34 23
6 5 10 7
38 8 41 27
42 8 13 31
13 15 1 16
16 31 2 24
33 13 4 22
35 17 36 32
46 19 25 2
3 17 35 20
46 33 33 9
11 16 11 1
37 23 8 13
10 2 4 16
17 3 28 17
0 33 30 27
40 24 26 28
42 16 4 9
7 33 45 33
3 35 21 12
46 29 5 14
41 11 24 25
6 43 21 8
39 18 29 21
21 16 37 39
37 11 13 7
22 9 33 27
7 6 37 33
20 23 43 19
28 29 3 16
6 41 45 14
39 15 4 15
10 23 48 45
15 0 34 27
49 9 35 21
3 36 33 30
23 26 34 34
46 15 35 25
32 39 20 4
6 32 30 11
39 22 7 16
7 39 41 44
26 23 30 2
6 35 41 37
40 1 35 18
46 42 12 13
38 0 22 1
44 41 1 16
40 31 2 21
48 17 34 24
35 10 35 25
19 21 47 19
34 19 5 32
47 31 35 24
35 39 31 21
33 19 3 18
46 36 3 19
4 34 36 39
18 26 6 18
22 14 40 24
27 15 1 12
16 0 1 17
26 25 3 17
4 34 17 19
2 8 29 16
12 20 47 44
35 3 44 16
47 0 36 23
20 5 8 10
28 8 43 38
45 17 4 9
20 34 2 19
6 32 25 16
7 34 44 42
37 19 40 29
15 10 46 31
45 18 23 5
6 30 42 40
31 10 42 36
35 18 32 22
12 24 35 24
24 12 48 35
36 22 0 16
26 21 3 17
41 30 2 18
43 31 16 9
10 0 2 16
37 21 40 1
8 19 37 23
18 21 4 17
40 0 33 18
7 35 23 23
14 31 39 24
32 19 5 14
42 39 11 26
26 23 0 21
39 22 46 23
35 6 13 27
47 11 6 15
7 33 30 23
23 37 5 12
0 38 15 12
29 18 2 21
8 21 24 25
36 21 29 18
1 46 4 12
9 22 3 8
5 36 28 20
37 14 23 19
17 18 38 40
18 24 2 12
47 28 34 25
1 17 5 20
49 34 33 26
4 28 2 18
33 1 42 46
30 24 17 2
6 4 4 18
25 37 32 13
35 15 0 16
36 19 37 14
35 7 15 5
6 37 4 17
48 29 27 10
46 34 42 42
37 17 35 23
9 36 44 39
29 21 5 21
36 20 28 11
43 8 39 25
5 33 0 20
0 14 29 28
4 33 29 19
5 37 35 19
12 14 3 16
37 21 7 28
36 37 8 29
28 12 26 16
4 35 37 20
9 2 4 19
23 3 11 33
6 33 15 0
37 26 35 22
5 29 42 39
16 7 29 38
25 6 4 13
8 37 22 14
45 41 44 24
7 36 40 29
5 15 22 19
1 32 0 15
38 16 39 31
6 39 31 29
8 34 30 22
28 27 22 30
18 14 19 8
2 38 28 19
38 20 30 21
19 26 49 32
5 32 0 15
42 40 39 22
45 36 42 49
38 23 1 24
5 34 18 1
10 18 29 29
44 27 18 8
2 37 43 37
41 42 39 28
25 15 38 39
37 34 32 42
26 17 7 22
35 21 0 16
26 19 0 22
27 31 23 33
13 5 31 25
21 14 0 17
24 27 43 33
34 31 41 38
44 37 7 21
1 2 32 22
26 25 1 14
39 23 34 36
2 37 2 20
43 25 4 17
23 30 18 16
17 9 1 15
15 21 9 23
35 12 11 28
2 33 10 15
21 33 34 20
45 17 40 48
26 16 3 14
34 18 30 7
18 0 46 33
26 5 47 37
39 19 44 36
44 34 39 10
43 2 6 8
4 35 38 38
4 35 1 23
8 10 1 19
29 37 9 22
35 16 31 18
20 7 17 19
5 35 7 15
7 15 16 10
43 42 42 1
35 4 35 10
37 13 2 21
40 19 23 34
29 2 1 17
33 16 4 23
47 25 35 31
24 42 33 22
39 26 31 23
20 29 28 4
42 17 35 36
13 40 32 22
35 3 31 14
43 18 26 27
1 37 29 25
3 31 5 12
45 28 7 17
15 3 35 18
6 35 31 8
37 34 36 21
41 23 26 10
1 10 32 36
44 13 34 33
25 21 29 14
35 19 30 16
38 16 17 8
41 9 4 17
44 14 2 20
23 32 38 36
5 34 28 9
46 39 7 4
1 18 42 29
6 37 3 39
31 17 3 18
1 37 38 41
0 40 45 0
27 27 10 19
4 34 0 16
38 39 3 17
4 23 2 16
17 18 24 10
17 23 3 14
40 23 4 17
26 2 35 6
42 18 34 21
46 34 40 44
49 20 6 15
22 19 31 30
3 38 33 20
19 30 37 37
44 26 16 25
38 20 34 24
38 31 2 16
44 39 0 27
16 26 11 11
7 37 37 28
4 34 43 35
46 27 47 10
1 35 4 16
24 43 39 33
33 0 10 28
7 0 36 23
26 27 35 24
39 19 34 23
47 37 1 20
36 19 29 21
22 15 36 42
47 38 35 32
37 18 0 23
35 13 19 13
7 36 2 19
3 24 22 9
24 2 43 33
14 23 3 15
42 28 7 17
26 15 43 22
23 19 33 39
4 31 37 33
12 28 3 16
36 20 23 16
15 12 4 16
3 7 42 16
19 1 26 41
42 11 30 21
6 36 4 18
3 30 7 26
45 28 38 12
36 20 31 23
5 34 9 17
41 3 41 35
2 37 40 39
47 7 13 22
5 38 42 39
29 40 31 26
42 20 4 18
26 17 40 49
3 36 29 25
32 9 31 26
43 11 19 35
44 7 31 26
8 41 4 16
37 15 33 29
3 31 47 30
6 34 4 14
45 30 3 14
30 7 23 9
49 41 23 10
4 40 32 23
41 15 7 20
42 42 5 12
5 20 9 17
32 7 22 25
49 38 2 20
19 7 24 17
11 36 12 19
5 37 4 15
30 0 48 41
35 17 31 18
27 42 46 18
15 17 46 22
30 18 35 23
34 7 33 21
7 35 39 2
39 20 5 13
29 10 2 19
49 35 24 37
42 0 28 24
17 23 38 30
10 18 35 10
14 28 8 16
5 26 5 11
13 18 6 16
48 36 2 16
5 37 1 20
19 8 32 30
7 7 0 14
28 27 19 20
3 3 25 14
25 32 41 25
5 39 4 19
18 34 16 10
10 7 33 31
40 31 44 40
28 21 41 22
49 18 24 18
44 14 20 14
42 39 27 28
29 18 2 15
43 19 0 15
30 26 33 11
20 6 36 23
21 15 33 21
31 23 9 36
31 31 23 20
19 26 42 26
47 23 1 14
1 37 4 17
46 14 0 15
41 19 1 12
17 6 8 37
43 32 25 14
38 22 1 20
33 21 6 19
17 12 32 24
2 34 39 30
18 17 27 17
27 21 30 36
7 38 31 20
41 35 21 30
40 36 27 39
28 3 38 33
47 9 16 4
39 22 21 9
37 17 31 17
45 27 27 18
22 29 17 32
47 34 41 41
45 29 41 15
17 15 4 21
26 13 31 39
2 11 34 27
40 24 0 22
4 32 26 4
41 10 41 31
21 20 32 22
45 41 48 37
5 40 43 29
49 33 5 6
6 33 5 14
1 36 9 17
3 36 12 5
3 15 18 35
40 41 3 18
37 17 6 19
8 6 45 32
43 7 17 40
38 20 24 41
42 20 36 28
34 20 23 7
17 7 28 14
30 31 4 23
39 19 10 23
40 6 49 21
36 14 45 39
43 37 10 13
48 33 5 11
21 23 0 17
13 15 32 22
0 3 2 19
3 32 34 20
46 36 24 27
9 33 11 27
29 12 26 16
36 28 29 20
36 16 47 45
34 12 17 25
30 16 44 6
48 40 28 21
0 22 3 14
8 35 40 36
5 30 4 13
3 40 22 0
3 32 33 16
36 5 3 14
7 32 31 10
41 38 23 1
7 21 31 21
9 36 2 17
27 12 33 41
3 35 19 9
0 38 37 27
32 16 27 21
37 17 44 38
2 34 13 15
18 4 30 8
47 42 9 16
22 26 5 15
0 5 7 26
5 34 16 3
25 9 24 4
4 9 2 18
37 17 29 19
36 3 45 43
36 1 6 20
23 25 31 23
5 40 32 5
7 36 3 19
5 35 36 20
48 42 29 26
24 23 39 34
41 43 5 5
2 1 30 19
22 17 36 31
41 8 11 10
38 36 2 20
43 36 15 15
23 36 6 19
23 6 1 41
27 11 34 19
28 10 4 22
47 36 31 28
5 38 1 18
30 27 34 24
45 3 30 25
34 5 2 8
3 37 39 36
37 18 4 16
7 9 44 28
47 36 5 10
20 11 41 22
40 13 32 21
32 24 1 25
4 38 25 14
19 3 14 28
24 3 31 18
26 34 16 22
6 34 2 17
0 34 42 4
20 5 31 19
19 32 29 29
35 0 9 0
42 30 3 16
21 19 17 34
5 13 19 36
24 14 32 25
0 35 29 24
48 10 34 23
20 21 16 26
5 32 33 22
32 3 34 34
35 2 29 27
38 16 39 38
5 32 26 3
44 31 27 10
27 11 4 20
38 18 11 16
16 26 40 33
42 23 3 16
14 18 37 39
6 34 2 18
26 10 40 12
28 21 2 23
4 37 41 12
12 15 46 31
46 38 32 19
11 5 37 28
31 9 33 17
4 33 43 41
25 13 3 16
5 33 4 18
38 4 36 25
6 34 11 16
5 34 30 21
40 5 31 23
23 31 47 32
36 29 14 25
35 18 48 4
5 10 7 1
3 3 6 13
5 36 1 19
23 16 18 27
25 38 7 12
49 20 4 20
40 7 9 18
3 38 37 29
5 31 39 34
46 38 40 32
31 16 12 7
44 31 32 24
49 36 46 38
8 32 20 18
23 6 3 20
5 34 34 10
48 40 5 22
2 31 18 28
5 36 3 15
1 39 43 29
2 34 5 41
41 0 32 21
21 12 1 10
4 31 43 40
5 35 43 43
27 28 38 4
40 18 6 19
38 4 26 1
35 14 26 24
16 18 36 11
6 34 37 34
37 9 48 15
3 31 29 20
48 35 1 18
49 15 34 34
46 40 23 34
17 10 38 42
35 20 1 14
43 9 0 0
5 37 39 40
29 15 3 18
2 31 1 18
29 13 24 44
23 4 28 12
5 37 0 15
45 39 3 18
21 29 4 15
24 1 7 14
18 31 35 27
22 37 38 25
15 1 7 18
37 0 32 23
23 20 5 17
6 31 35 15
33 7 28 31
31 13 9 18
32 16 8 15
1 37 16 8
18 13 33 20
3 36 46 0
1 34 6 21
24 15 9 28
4 38 41 34
35 16 38 33
48 39 43 29
2 34 33 21
36 6 32 21
5 33 11 24
8 4 5 20
48 25 36 38
2 0 36 43
11 23 22 11
37 0 3 18
48 13 4 17
37 18 35 42
49 38 35 22
0 9 34 20
38 20 6 15
29 18 19 4
36 19 22 42
17 41 8 15
3 33 5 19
20 33 15 22
6 13 2 15
44 37 20 37
48 21 35 29
42 9 30 23
11 37 32 24
1 33 39 26
24 7 4 15
1 2 46 34
15 21 39 37
47 36 6 15
47 42 21 27
47 14 7 20
6 35 33 23
35 20 26 29
40 7 14 30
20 43 38 18
5 36 38 19
9 0 20 33
7 35 5 14
41 18 34 22
15 31 4 20
43 10 4 16
17 26 32 21
40 20 3 20
9 38 34 37
48 18 3 17
41 12 22 0
7 30 13 24
4 11 42 35
26 19 17 26
1 34 2 18
6 34 41 19
14 10 1 22
37 43 6 18
36 23 1 14
47 31 1 16
33 4 23 39
38 1 35 22
33 24 44 33
17 6 1 17
6 38 46 38
10 5 2 36
37 19 37 10
38 16 7 16
33 7 25 8
47 47 2 18
44 33 49 22
27 17 31 10
45 10 46 38
41 5 15 21
5 34 5 19
3 34 36 44
46 39 14 22
47 30 27 10
40 21 3 20
30 14 42 19
40 8 36 43
44 14 34 24
41 23 7 9
33 14 48 8
38 16 31 8
4 33 34 7
1 33 3 18
37 0 1 12
4 35 13 45
37 4 43 9
48 44 1 15
39 19 17 33
47 39 46 31
42 12 46 43
6 38 1 20
27 34 25 22
26 19 25 33
0 31 28 0
34 3 3 17
16 5 41 33
17 29 7 14
5 37 20 23
0 7 6 15
6 32 4 6
1 37 32 24
3 33 30 20
45 19 33 15
1 23 37 32
6 4 4 17
5 36 39 20
26 15 44 36
22 12 14 17
11 18 39 34
2 38 31 21
6 35 38 34
9 34 1 22
18 24 40 39
48 39 32 12
16 15 6 18
40 19 7 10
38 17 34 10
3 36 0 1
38 15 34 12
1 30 14 25
1 36 27 29
6 36 8 19
31 7 10 7
8 37 34 25
39 1 30 23
4 36 9 32
42 43 35 15
30 19 4 23
46 23 26 10
32 3 43 31
41 23 26 13
4 35 14 37
32 35 36 20
48 6 7 16
26 35 40 32
49 10 32 24
19 20 2 17
4 32 44 31
44 13 47 36
6 34 41 42
12 8 32 21
6 31 3 19
36 17 2 16
35 26 33 18
19 16 7 14
35 0 1 20
36 6 2 11
49 13 37 33
15 23 3 18
49 32 34 21
6 35 24 22
39 18 0 12
17 11 2 16
42 15 39 25
5 33 38 37
31 14 21 19
37 21 0 16
36 13 12 19
46 21 28 8
5 33 13 28
18 23 43 40
37 26 26 17
45 20 6 18
47 29 18 7
25 21 4 33
9 17 23 1
4 35 42 47
0 2 38 5
46 16 10 33
3 32 3 20
22 9 1 11
43 41 37 30
45 31 39 36
47 20 32 18
48 38 11 23
38 1 46 22
10 14 29 3
6 0 17 27
32 11 46 40
36 1 6 16
24 5 43 2
38 19 25 38
23 21 34 34
11 29 2 15
12 17 37 40
22 6 25 20
4 30 5 14
34 17 13 9
8 36 31 18
12 11 6 15
12 0 2 16
45 7 6 13
41 27 40 32
37 30 36 10
46 17 22 27
45 14 8 15
3 13 0 18
2 36 43 36
30 25 7 15
33 39 22 45
42 40 34 2
9 34 5 17
1 5 46 41
24 42 30 28
23 15 28 41
41 21 11 15
45 19 6 17
8 33 2 21
32 27 28 15
38 28 42 33
26 32 39 14
43 19 0 17
19 8 20 15
22 28 37 41
17 30 13 49
5 27 24 17
9 27 29 15
48 21 7 16
38 17 31 24
18 14 31 12
2 35 44 36
35 17 3 18
11 15 1 15
42 18 44 31
47 7 6 16
35 18 6 20
47 12 30 24
3 37 42 36
1 30 1 21
2 37 48 43
33 13 2 20
26 7 33 22
3 32 35 19
8 4 31 23
6 32 4 12
44 34 22 23
41 19 7 19
43 30 31 23
47 35 17 40
5 38 41 25
16 17 7 27
33 27 4 1
47 35 32 27
37 1 24 39
45 44 36 39
18 25 4 20
3 35 44 0
7 9 2 17
41 12 2 16
6 39 30 14
36 39 11 8
19 23 43 33
11 23 16 32
21 17 7 3
43 31 16 0
7 34 3 17
45 43 37 24
48 28 27 7
44 27 7 4
39 4 33 24
43 15 0 35
41 15 48 37
32 24 6 18
19 16 16 14
9 32 3 20
39 15 32 29
7 21 4 2
45 20 25 9
37 4 46 46
41 47 5 19
28 24 5 18
46 24 32 19
5 2 22 10
39 19 32 29
23 35 18 5
33 15 38 5
3 35 11 23
44 30 2 11
3 35 32 2
45 30 34 28
45 14 43 32
36 18 12 14
36 2 4 15
37 25 5 15
17 27 5 18
43 39 34 8
9 16 32 29
1 37 4 14
45 42 8 7
23 30 37 10
49 39 31 19
39 20 25 4
30 16 0 11
39 28 26 12
35 22 9 21
8 32 32 11
39 17 6 30
45 31 38 12
22 19 42 15
35 37 5 16
39 32 28 7
5 27 27 24
46 39 38 24
15 39 1 15
24 18 31 21
37 9 34 40
18 31 3 16
20 4 6 46
8 21 2 32
3 36 36 33
24 5 10 20
15 16 2 15
26 18 2 10
45 21 18 16
1 20 24 10
38 17 33 22
37 22 1 21
37 19 46 34
34 5 36 20
18 23 2 5
1 14 12 43
47 13 19 13
16 19 10 7
3 34 4 14
25 14 35 26
44 17 32 23
42 41 33 36
12 26 39 46
12 26 36 35
35 16 10 20
0 37 30 23
47 37 28 9
29 9 43 36
30 31 7 28
24 19 3 14
14 12 30 31
48 5 32 20
42 38 34 43
7 38 43 40
28 13 35 18
12 13 1 15
19 21 29 36
6 35 41 34
21 39 45 6
13 12 30 25
0 39 2 17
6 1 32 25
39 1 7 10
32 6 7 21
49 23 33 26
3 36 18 15
26 14 39 16
6 33 2 19
42 14 42 32
2 32 16 22
3 35 40 22
39 17 30 17
8 33 4 15
2 35 1 18
8 36 39 30
37 19 10 0
28 13 15 27
33 9 4 13
5 33 22 12
4 28 38 41
10 6 10 17
18 9 35 32
47 35 3 18
39 18 35 12
28 21 46 44
12 11 15 13
49 24 36 23
41 36 46 3
25 32 0 13
34 17 31 22
35 17 29 24
47 32 28 21
42 10 48 42
28 8 31 22
36 18 34 6
36 8 5 24
37 16 34 39
37 22 5 16
5 39 6 16
42 16 42 32
37 20 35 7
36 17 36 25
36 17 20 23
49 35 43 34
23 16 30 11
49 37 22 24
40 12 4 18
45 34 32 23
48 34 18 9
36 7 19 17
44 7 18 35
7 33 0 16
0 10 22 45
39 13 2 17
6 8 16 6
46 14 36 22
