50 54 15945 800
42 28 4 7
43 24 34 1
15 32 11 33
14 1 8 32
35 45 40 12
4 23 8 40
39 47 38 39
40 9 9 41
14 5 40 9
45 25 5 11
0 46 6 46
45 44 44 10
39 13 2 3
42 21 12 38
18 23 44 6
27 9 29 39
13 30 8 5
37 36 35 14
30 36 42 6
39 40 19 42
23 27 37 40
29 30 12 47
37 46 4 8
49 14 41 0
46 20 18 27
42 49 44 9
20 43 45 45
23 44 46 3
11 37 16 6
3 21 16 16
34 9 40 13
35 13 4 14
26 10 16 22
41 42 6 2
31 10 9 24
38 27 33 7
26 29 14 24
47 17 8 2
26 8 9 40
25 25 2 42
36 7 37 42
25 24 0 15
14 43 49 19
39 2 0 34
39 23 38 12
48 41 35 43
48 8 16 35
42 26 35 17
27 1 41 10
33 2 12 44
23 40 34 6
47 3 40 6
45 28 7 34
29 3 1 30
