50 586 18947 800
40 5 37 17
42 43 6 43
33 30 35 25
22 21 22 38
25 31 28 19
24 35 11 24
44 12 4 13
12 29 0 17
14 29 27 34
34 25 0 27
5 31 12 21
25 19 20 32
26 35 37 13
11 29 13 20
5 35 4 18
2 35 4 11
3 12 41 21
47 47 16 18
21 41 20 34
26 34 18 38
28 4 5 40
24 33 7 25
1 40 9 30
35 2 13 38
24 40 4 20
2 35 13 32
36 41 18 19
28 21 1 17
2 39 16 39
16 24 11 48
39 39 19 1
22 30 2 27
15 31 6 45
31 20 30 32
49 19 7 38
20 38 16 31
4 35 7 32
32 11 5 19
28 22 9 19
28 35 6 5
30 30 11 31
37 40 11 31
5 42 16 25
41 2 5 19
13 33 14 37
19 37 0 39
30 36 4 19
30 8 7 23
39 28 3 23
32 40 8 36
8 42 4 15
9 43 5 21
19 22 3 37
29 27 4 21
25 30 21 29
14 40 9 33
23 29 3 21
33 14 12 11
23 33 15 29
48 12 11 40
19 25 14 23
26 30 10 34
10 22 12 49
21 33 3 10
41 31 11 17
4 24 6 6
31 13 9 12
27 40 5 22
2 26 2 43
24 29 18 19
42 34 11 25
24 29 5 21
23 18 29 19
27 29 5 21
23 29 13 39
16 17 7 21
18 21 6 18
46 7 12 31
15 29 8 23
6 38 4 6
0 47 7 10
19 29 5 37
4 34 11 20
41 32 8 27
24 35 7 25
23 22 16 38
11 37 21 30
23 15 7 27
27 32 5 25
24 22 9 32
11 26 16 23
45 44 43 17
27 30 4 37
22 28 10 40
26 30 8 23
47 4 15 37
13 7 44 18
22 28 12 11
24 31 2 18
10 28 0 35
39 47 8 49
26 15 21 35
10 22 10 16
25 27 3 10
25 28 10 22
18 21 3 22
23 28 10 29
41 11 10 28
8 30 2 22
14 17 2 22
33 31 5 43
39 0 6 38
21 29 29 14
17 26 14 23
27 45 18 23
48 44 12 42
30 29 19 0
37 40 46 14
21 29 5 10
26 33 8 19
34 4 5 20
4 34 9 42
30 14 38 9
22 30 18 1
32 3 6 23
5 36 27 5
23 30 12 13
23 22 5 43
22 33 12 29
3 31 7 15
23 38 39 21
14 30 28 39
24 27 21 45
3 37 19 37
16 33 6 10
15 31 10 24
25 30 12 23
31 48 12 27
28 33 12 33
14 14 17 37
44 21 6 32
24 49 2 31
1 23 6 41
18 20 9 35
20 32 8 21
14 32 7 33
20 29 12 47
9 25 10 39
0 34 11 23
26 29 40 5
40 6 18 33
5 32 4 23
18 28 9 15
16 41 8 27
13 24 38 14
46 24 18 32
5 32 18 46
11 43 6 20
8 24 2 23
15 31 35 25
22 26 4 10
3 35 7 10
45 19 4 41
22 36 39 22
22 14 24 43
23 20 13 13
8 34 7 26
8 27 40 15
34 27 11 31
11 22 21 17
2 26 17 4
37 29 38 19
25 30 2 33
43 32 0 13
23 28 6 23
18 25 4 16
21 36 17 11
22 22 12 38
34 41 19 43
8 24 5 26
21 21 8 36
9 28 7 21
40 35 7 42
24 27 48 20
23 30 1 20
26 35 8 31
13 31 6 22
25 31 10 22
39 17 13 46
22 12 45 18
8 37 17 49
24 29 3 31
10 26 29 40
23 33 17 35
38 31 10 19
29 29 1 36
42 45 39 3
24 44 8 45
20 31 19 11
21 27 9 33
25 16 11 35
24 36 2 5
12 33 10 18
30 39 9 15
39 31 40 24
29 23 13 41
21 31 7 32
23 30 1 22
23 31 8 20
25 23 20 36
22 30 0 48
20 6 42 16
24 8 8 16
8 32 6 24
27 39 10 44
20 26 6 25
15 36 6 22
26 30 9 9
23 32 2 41
31 0 3 34
28 31 7 22
25 16 10 34
7 31 8 23
35 20 11 42
23 48 0 23
21 23 33 26
41 35 16 45
20 31 6 21
7 32 1 21
16 26 2 20
36 9 8 22
22 32 13 33
24 20 2 47
22 27 8 10
29 31 0 31
27 7 12 37
11 16 5 37
20 24 8 46
24 28 10 28
26 29 3 37
25 45 7 20
24 32 9 6
12 20 9 30
10 40 31 22
16 9 6 20
31 44 5 6
25 32 5 21
7 17 7 31
0 45 7 22
32 29 45 12
29 27 4 22
1 32 8 15
45 15 12 43
24 30 31 40
31 37 2 25
44 14 0 23
34 21 7 24
19 31 8 34
32 43 35 14
44 33 11 38
21 30 24 2
30 49 9 27
23 30 11 13
20 29 48 13
35 24 0 40
48 4 42 18
11 34 12 14
22 18 18 49
45 43 11 11
9 29 14 23
3 21 11 25
36 20 5 46
12 31 33 15
44 25 38 16
23 30 15 31
19 39 3 19
12 6 14 13
24 10 19 19
14 20 6 38
9 34 10 17
11 45 18 33
27 35 41 13
24 29 42 24
15 27 17 46
18 27 15 20
16 16 1 27
18 37 19 47
25 29 17 2
11 18 3 48
26 40 3 23
47 45 17 34
2 31 15 48
32 26 4 36
19 30 13 28
13 17 41 28
32 24 9 44
13 29 6 40
11 36 4 33
47 42 24 37
12 32 2 48
22 27 32 39
30 44 5 41
22 31 20 36
15 14 3 25
15 32 20 7
16 35 10 22
22 43 2 29
10 34 10 26
25 48 9 36
18 19 2 24
0 47 16 22
26 26 5 22
43 3 41 13
4 45 10 18
13 28 44 13
22 26 4 11
4 44 4 25
11 39 3 26
34 33 2 16
25 29 10 35
24 29 7 28
7 37 10 14
24 28 17 6
38 21 8 26
12 25 25 38
26 31 4 18
9 30 6 28
28 36 13 39
21 14 24 28
30 31 16 49
22 41 15 47
27 26 19 39
23 30 20 3
9 36 4 19
23 28 18 25
28 9 21 33
22 28 0 18
40 39 1 27
18 43 6 25
33 28 8 24
19 34 3 18
31 31 25 36
47 18 13 19
41 44 18 19
48 2 10 36
20 36 6 38
40 21 7 20
49 9 10 28
22 30 10 35
20 31 4 22
0 20 5 24
16 20 17 49
28 24 8 24
28 46 3 35
8 36 1 34
24 28 18 42
25 19 5 23
12 49 6 24
33 32 44 48
25 32 17 33
16 27 4 20
7 48 23 49
47 41 48 13
2 29 25 35
43 44 42 21
39 6 11 7
28 39 19 13
16 27 11 24
45 40 5 18
35 23 14 40
29 36 29 18
44 45 12 23
25 24 19 36
18 27 11 29
10 28 10 35
28 25 3 18
15 16 2 47
33 11 11 26
18 27 7 15
32 26 4 28
27 46 1 37
24 33 12 48
23 32 8 45
23 2 6 22
20 30 32 15
42 40 7 18
24 30 9 16
27 0 11 22
6 28 9 21
20 42 9 20
24 30 12 47
7 31 32 31
2 26 8 5
12 36 3 23
12 24 27 41
37 0 5 17
14 47 7 3
24 30 5 16
49 5 11 37
39 34 36 23
23 29 2 29
15 46 13 34
27 33 6 32
32 24 7 45
8 38 4 20
29 29 5 31
24 32 12 38
14 26 0 15
14 29 7 24
11 15 8 22
2 25 14 39
9 17 8 22
26 38 37 14
7 31 23 11
30 25 4 22
46 32 19 41
13 19 4 17
42 29 5 2
11 37 5 35
23 29 20 42
23 31 7 19
12 45 9 17
25 19 23 39
20 22 8 20
28 25 0 24
39 49 1 27
24 31 15 16
20 32 8 31
36 16 12 34
25 32 7 21
25 30 5 29
23 26 11 31
28 2 10 39
44 26 4 47
26 28 12 48
20 21 3 24
27 27 9 30
13 31 15 44
22 29 15 18
24 31 14 33
25 43 39 46
27 32 4 48
3 24 7 21
16 35 6 20
6 18 5 35
44 19 8 15
27 33 37 12
16 11 18 27
31 36 10 33
18 37 9 32
48 0 14 15
16 22 8 21
9 42 7 26
24 38 4 28
30 43 8 15
23 44 5 25
2 19 39 16
5 39 11 16
41 43 7 31
39 36 11 47
22 35 17 39
21 20 3 27
19 31 2 25
16 6 1 27
17 34 3 24
33 22 8 48
46 33 0 10
17 10 24 37
1 34 13 18
16 45 8 25
27 28 4 22
22 29 15 44
11 47 14 40
27 44 16 34
8 11 17 46
27 36 5 17
14 31 22 40
26 37 10 48
23 34 1 22
25 30 33 27
42 24 15 34
30 29 35 37
27 30 19 35
25 28 7 23
22 36 27 44
12 48 17 43
8 35 20 11
24 13 6 19
21 31 15 29
12 21 8 10
29 31 0 18
49 23 12 30
20 30 31 8
24 30 2 29
46 29 23 44
6 26 7 18
24 14 2 28
1 28 36 30
12 38 42 6
6 33 39 26
24 33 12 4
28 7 21 4
25 31 8 19
42 47 17 45
1 16 25 8
13 38 32 33
28 25 25 33
27 31 11 34
20 36 13 8
7 27 6 22
20 21 6 17
14 22 3 14
11 30 3 22
38 31 15 31
21 30 0 15
23 34 20 36
24 29 13 26
48 2 11 41
49 9 5 20
0 30 2 36
29 29 34 35
43 35 35 28
8 37 5 34
34 40 7 20
26 32 40 20
35 36 7 24
18 31 7 30
8 29 2 44
26 29 3 18
14 37 36 38
15 45 12 16
16 28 5 46
34 38 2 21
11 25 1 35
29 1 10 45
1 31 16 42
29 27 7 25
38 26 6 28
31 25 8 49
18 18 7 49
25 37 8 28
21 19 32 18
22 33 19 5
20 19 4 21
6 29 38 10
19 26 15 27
25 31 15 43
19 27 2 26
46 43 9 2
18 17 17 41
47 4 11 35
47 45 37 32
33 22 9 23
26 38 1 29
27 36 20 37
22 12 19 34
0 35 18 7
15 32 4 31
30 25 12 30
49 40 7 46
1 37 6 32
24 31 34 41
15 36 1 16
26 35 31 45
12 23 25 46
32 28 4 27
34 35 10 32
28 24 3 41
34 18 6 20
28 37 7 22
12 24 0 33
13 38 48 19
23 39 7 20
23 35 3 23
8 26 26 1
27 32 1 23
22 28 36 18
25 29 28 18
4 45 5 23
48 45 43 19
41 23 25 33
16 31 9 37
27 33 4 21
19 33 7 29
25 34 7 15
21 35 7 17
