50 147 16222 800
45 27 29 1
10 23 27 25
10 6 5 31
5 27 38 45
12 8 23 22
36 36 24 3
21 47 4 14
47 5 34 46
17 7 8 2
15 45 24 6
33 29 23 40
3 28 12 38
41 20 24 8
16 9 5 19
31 31 4 33
43 29 6 38
12 25 30 21
32 28 34 8
20 27 35 30
11 42 22 6
24 41 5 40
30 49 21 8
43 36 27 6
25 34 21 17
11 24 6 30
20 27 39 31
31 43 32 3
14 34 21 42
21 25 24 8
35 42 30 1
17 25 2 36
34 40 33 30
17 22 30 18
39 24 14 44
10 5 9 36
18 15 2 43
16 22 21 10
29 43 41 30
38 22 43 17
45 40 26 12
38 45 18 5
11 26 36 13
33 38 28 10
27 38 11 36
40 21 40 29
20 16 28 0
38 43 31 8
23 41 26 1
9 22 4 36
16 5 8 41
28 16 10 22
20 42 12 28
16 37 10 36
9 10 4 36
8 5 1 25
29 26 26 6
28 36 24 5
7 25 40 38
6 42 16 24
12 4 23 22
11 39 6 33
14 28 24 10
37 28 13 5
10 11 29 18
34 30 26 14
9 38 38 21
9 25 41 40
26 33 6 37
38 24 31 7
11 37 0 34
16 3 33 10
35 47 27 13
43 25 3 31
38 40 31 14
6 37 7 14
20 3 14 32
13 42 23 8
12 21 24 1
42 15 33 2
22 10 37 48
12 19 15 25
34 18 2 43
33 32 15 11
13 23 28 28
21 4 44 27
13 28 12 3
20 0 10 30
14 21 27 0
23 28 7 36
32 26 14 41
45 46 33 22
9 31 22 27
49 15 28 8
24 46 43 6
44 15 16 46
4 38 24 31
10 27 21 21
14 25 45 32
41 39 27 13
45 27 5 36
33 15 19 13
27 0 27 25
8 16 33 11
10 46 40 34
6 23 2 33
12 21 37 26
44 48 7 38
16 21 37 29
8 27 36 30
14 21 16 1
25 40 22 11
17 8 24 16
27 26 0 24
16 36 10 28
35 22 39 37
32 32 25 27
11 22 42 1
16 8 3 33
38 43 15 7
27 1 3 11
29 37 23 39
12 29 0 35
34 27 32 6
42 32 19 21
28 24 26 12
8 19 30 17
8 43 24 4
13 30 37 7
35 32 43 41
6 22 23 8
23 43 44 31
38 18 0 38
10 24 28 11
16 9 11 34
17 35 8 29
15 18 9 17
9 33 6 5
15 11 25 6
27 10 16 13
4 22 31 4
44 14 45 38
5 34 9 28
13 0 23 1
43 42 23 39
15 27 39 19
31 23 0 4
13 30 43 41
