50 399 18192 800
27 3 27 12
22 34 7 17
6 24 29 35
25 15 1 29
17 26 2 15
41 16 37 30
7 18 30 19
2 31 28 28
16 37 7 11
5 31 43 24
45 15 10 45
22 26 6 42
19 26 14 13
19 9 38 43
17 31 6 19
2 31 20 17
38 19 42 14
18 26 29 12
44 34 40 20
32 25 6 17
45 18 46 33
39 7 43 27
23 23 33 21
49 24 42 27
27 23 9 18
0 20 33 24
10 11 32 14
12 28 26 16
11 30 38 8
20 32 32 39
25 40 8 21
42 12 8 49
44 17 16 25
4 24 13 13
17 24 41 33
38 15 47 26
20 4 34 24
7 36 7 16
18 19 30 28
47 25 4 16
5 14 36 21
15 27 45 27
15 8 37 21
5 31 34 21
22 25 8 11
19 12 2 7
11 17 37 39
39 27 19 39
14 24 38 15
6 12 36 21
22 26 6 18
15 17 5 12
37 27 32 39
10 9 6 17
17 23 6 45
15 15 30 27
28 19 5 8
18 27 42 20
20 33 41 18
22 41 1 44
21 27 7 16
20 21 8 11
26 7 36 21
21 5 39 28
8 34 2 18
41 37 32 19
13 28 11 12
4 13 32 22
8 25 8 35
39 29 37 26
19 12 34 19
16 29 36 24
46 31 10 23
39 19 30 25
11 35 6 11
47 19 13 7
37 29 18 27
14 1 42 29
18 8 39 30
48 26 33 27
1 22 19 10
34 22 29 31
10 26 5 16
46 25 34 31
15 29 47 7
38 29 39 22
19 26 33 26
30 7 43 32
13 16 35 22
13 19 36 17
45 30 28 24
45 20 40 22
48 24 42 18
40 10 26 44
33 44 19 26
13 29 9 32
11 28 1 9
18 2 39 20
18 0 12 15
5 8 39 19
28 24 7 10
25 20 36 17
48 21 30 38
12 26 30 14
15 26 0 30
12 35 42 9
19 26 9 11
5 8 4 15
26 48 47 26
20 7 34 28
46 23 34 26
11 11 6 11
22 40 34 23
20 34 10 47
8 31 2 13
2 38 6 9
38 16 16 21
20 26 9 14
19 22 44 24
14 19 45 13
36 33 5 13
42 27 1 11
22 2 30 23
21 27 5 16
1 31 33 23
16 27 12 24
37 22 24 37
8 28 34 30
12 32 11 19
17 29 47 37
17 24 6 26
8 37 34 19
14 29 15 40
40 24 19 6
24 25 40 29
7 25 33 17
5 10 8 17
1 28 6 7
7 29 47 12
15 9 36 18
11 26 36 29
10 35 47 27
0 33 36 18
13 18 4 11
35 20 35 33
17 29 41 30
13 32 22 34
40 23 12 12
45 14 6 18
48 24 38 18
4 44 35 26
43 18 31 23
16 22 36 22
48 25 34 29
13 0 5 13
20 17 7 14
39 22 2 43
18 30 21 41
20 12 10 11
39 36 1 20
21 25 4 2
23 26 8 14
2 32 44 28
43 26 36 25
12 31 48 26
0 19 21 27
29 17 17 43
24 43 42 24
20 33 30 31
12 25 6 9
7 15 40 24
6 38 9 9
21 28 6 19
20 28 44 24
33 20 16 42
9 36 1 13
10 27 29 21
41 4 8 2
9 19 32 24
25 44 35 27
11 19 0 39
10 22 2 12
20 28 2 10
25 25 38 11
28 35 40 29
16 28 5 42
19 19 10 13
34 9 45 40
5 34 3 9
26 7 17 26
48 27 38 24
0 23 34 29
9 27 9 35
9 8 31 20
22 4 3 19
39 11 34 18
4 19 10 14
40 10 19 22
13 41 37 40
20 21 30 29
3 17 19 14
49 19 31 37
19 23 20 37
3 35 32 11
40 15 29 27
13 4 2 12
30 20 33 28
17 28 27 20
13 24 36 30
24 31 41 25
42 28 8 12
18 27 32 26
13 21 8 11
16 27 14 39
18 25 11 17
48 21 48 39
10 21 31 26
24 23 19 10
10 18 38 25
16 22 47 22
46 13 5 16
19 21 30 29
2 4 18 33
10 26 29 28
16 17 6 15
26 9 9 13
22 18 11 29
46 10 5 6
19 6 28 19
29 2 46 16
18 25 48 34
45 31 42 15
30 11 37 25
40 28 12 24
20 2 3 10
13 10 39 22
35 7 42 19
21 32 35 29
16 29 45 19
49 20 5 14
3 35 27 18
41 11 14 18
39 28 26 32
45 27 20 2
21 11 41 18
7 28 23 27
19 22 43 29
13 13 29 20
17 24 29 45
15 28 24 40
7 25 31 25
3 19 2 10
6 29 14 47
24 24 3 32
17 22 14 39
37 23 6 21
40 24 32 26
17 26 5 44
8 23 36 23
17 19 1 27
10 38 38 23
32 25 9 22
13 6 35 21
22 27 34 22
20 26 11 7
15 15 0 13
20 28 40 19
16 16 7 14
44 13 38 36
17 22 3 42
20 31 40 27
23 45 21 20
23 6 13 5
39 6 9 8
38 14 9 11
5 25 36 15
34 23 37 28
1 10 18 39
49 30 8 11
34 31 7 9
4 20 34 1
29 24 38 48
47 30 2 14
17 29 3 17
42 13 34 22
7 36 33 21
17 13 1 22
4 31 46 10
20 22 40 38
20 18 48 29
23 23 5 12
11 2 9 11
8 32 33 19
20 29 43 19
34 8 13 29
14 26 28 27
17 31 46 11
2 12 0 17
1 44 24 18
32 20 32 29
25 8 35 17
21 16 24 30
44 22 5 16
32 17 9 14
42 33 42 21
24 24 28 26
22 26 18 45
37 29 18 47
12 40 18 31
3 12 30 30
14 14 6 44
47 20 31 10
36 17 17 33
45 17 6 14
9 16 5 8
41 26 8 20
45 24 23 18
0 47 48 22
10 22 21 37
22 24 39 15
3 23 45 25
12 7 16 28
10 18 49 12
20 26 34 49
42 16 47 18
43 28 47 19
16 20 5 12
38 25 1 21
17 31 34 22
9 4 45 37
15 12 45 19
26 43 36 30
17 25 0 38
15 31 5 19
7 21 3 16
26 27 8 12
8 11 7 4
40 31 49 32
11 30 7 25
10 12 25 41
28 8 27 30
29 27 4 14
11 34 47 39
8 30 39 23
18 30 35 24
19 30 38 19
4 32 38 27
44 22 7 18
5 20 33 32
34 7 32 25
48 26 39 19
21 20 8 13
21 34 17 38
16 28 19 42
9 40 17 22
18 17 43 24
22 19 1 9
4 3 4 10
19 28 3 41
3 26 13 8
14 40 33 31
15 25 32 23
14 7 3 32
7 30 43 43
23 33 45 23
48 22 9 12
14 33 15 29
41 24 10 36
14 45 44 4
24 29 34 43
44 21 7 11
33 21 28 33
7 35 37 34
22 21 22 30
22 29 46 29
26 10 13 26
17 14 18 25
40 16 33 23
28 24 3 11
5 30 44 21
26 11 35 28
7 36 37 21
37 20 32 34
23 22 0 24
17 23 4 9
20 20 13 12
49 21 39 20
46 33 9 13
8 8 36 27
37 19 13 22
15 10 40 35
20 46 45 26
24 20 7 26
15 28 28 29
14 15 19 48
19 27 2 8
3 36 35 21
9 40 1 39
12 17 4 13
