50 67 15553 800
23 37 25 15
10 26 22 25
25 27 31 0
47 21 24 32
1 32 32 25
33 9 29 33
17 20 31 37
11 13 41 9
25 40 18 25
26 22 26 2
48 4 31 35
46 28 24 27
43 27 35 29
19 41 24 42
2 30 28 38
34 49 33 34
15 25 32 26
19 40 25 25
13 41 46 34
36 11 31 34
41 6 24 0
41 33 23 1
21 27 27 2
32 10 35 34
3 36 27 31
2 14 25 0
5 32 26 32
25 21 22 2
33 28 31 35
9 34 23 28
49 26 23 1
7 28 34 11
40 28 30 35
8 32 29 3
9 29 28 1
49 26 24 34
29 19 27 1
26 35 29 39
39 44 31 30
35 0 24 31
40 36 33 35
49 24 33 27
16 42 48 18
29 38 27 33
48 29 29 14
45 26 30 41
13 33 46 15
33 29 19 16
38 3 29 23
9 41 20 23
10 36 45 38
7 36 24 30
46 24 20 25
32 25 24 2
25 18 24 37
44 28 38 37
5 42 36 35
12 19 19 35
43 24 28 1
39 3 29 38
47 27 22 0
36 31 20 3
12 36 30 32
32 43 29 27
27 39 28 31
40 5 24 34
42 32 25 33
