50 209 18841 800
38 18 7 44
20 44 29 11
21 45 24 33
23 10 17 23
7 11 3 34
19 45 22 41
7 14 24 7
24 44 10 45
16 16 40 27
14 17 28 38
5 11 8 22
12 15 42 7
25 13 44 6
7 6 3 3
5 6 13 24
21 47 0 4
9 4 14 1
37 19 0 47
23 48 18 34
9 13 11 30
4 16 17 25
17 8 23 32
14 12 33 33
27 45 26 17
24 38 25 3
19 46 32 40
9 12 7 24
23 45 10 14
20 44 8 44
21 46 28 30
24 46 7 31
47 34 25 37
21 46 45 40
13 15 41 0
47 13 9 19
15 11 31 41
41 24 2 31
49 41 38 37
33 0 39 21
48 7 30 17
32 22 12 23
7 11 9 39
25 43 38 5
25 48 6 30
31 29 44 13
36 41 45 36
37 27 38 1
3 12 48 25
14 18 18 40
16 5 31 19
24 4 33 19
24 44 42 2
14 8 38 12
13 13 11 31
18 14 2 1
13 10 18 43
25 46 11 46
21 48 7 25
23 44 6 31
44 47 25 26
20 16 22 31
24 44 49 19
39 26 44 22
19 1 16 26
24 47 35 22
8 16 12 24
45 35 2 18
24 43 8 21
47 39 20 12
22 46 21 35
13 16 38 44
24 45 7 22
24 44 31 28
21 44 7 43
21 42 15 29
6 12 6 32
22 46 29 21
23 8 40 1
26 45 0 29
16 16 35 2
15 20 15 34
17 16 2 18
10 13 24 5
4 9 10 1
25 45 0 14
16 14 1 22
5 10 14 29
11 17 4 6
13 16 5 42
12 13 9 49
12 13 29 9
23 44 5 3
39 19 29 5
13 17 6 40
22 46 2 0
18 12 14 37
13 13 13 27
12 13 20 13
38 27 33 19
14 10 10 24
13 16 27 40
13 12 28 14
11 8 45 12
48 7 2 1
23 42 4 2
20 24 22 39
25 45 7 39
48 28 32 3
18 14 19 40
6 7 12 3
14 13 24 28
13 8 44 19
49 49 4 1
22 45 32 9
11 17 5 24
22 48 28 21
15 15 21 29
12 17 26 8
37 3 41 1
43 46 10 48
13 12 42 0
15 17 45 3
27 46 10 33
44 46 19 37
30 29 11 32
30 18 34 20
42 44 31 7
29 25 10 29
15 15 0 0
19 13 9 23
22 45 28 15
17 16 6 40
48 42 1 44
5 13 19 47
49 43 43 25
5 10 48 12
48 23 32 27
16 17 18 44
8 17 5 49
37 8 30 14
48 27 6 32
14 15 7 23
36 13 7 39
9 9 4 44
9 16 21 5
16 11 45 39
24 44 10 28
35 24 5 49
24 48 23 27
5 6 33 38
17 15 38 33
25 45 24 34
21 43 5 27
19 19 47 34
16 11 9 38
14 18 31 11
13 16 40 11
15 11 10 37
33 39 32 10
45 27 7 33
40 32 12 28
3 12 3 2
9 16 6 28
41 27 33 1
25 44 32 15
2 10 21 18
5 12 44 15
22 44 9 47
12 12 43 30
23 46 15 24
8 10 22 18
17 13 1 34
44 20 15 26
44 25 18 40
23 47 6 37
20 47 3 29
11 16 37 19
43 22 40 28
21 45 29 0
13 16 31 11
16 13 28 18
19 39 1 30
22 24 48 24
24 46 6 36
27 44 7 21
48 15 40 7
32 47 25 6
2 11 21 3
42 39 16 19
4 18 40 14
22 31 8 38
3 8 21 33
22 47 4 43
30 25 11 18
11 16 4 3
44 16 26 6
39 39 7 39
11 9 1 4
16 20 20 37
7 8 43 12
10 9 6 35
13 15 28 29
23 44 13 31
46 27 19 38
35 18 31 17
26 44 2 47
27 49 24 19
35 18 13 25
42 42 19 8
