50 1306 16251 800
28 16 45 4
29 46 3 16
20 26 30 44
26 31 12 24
38 33 18 37
0 4 15 25
45 48 47 7
29 22 2 30
49 45 12 24
26 31 21 7
21 25 14 47
27 28 44 15
26 28 2 47
24 11 18 15
39 0 19 24
36 13 42 26
28 41 19 27
19 14 46 18
21 27 19 18
23 26 48 23
32 16 12 20
39 34 4 17
23 30 31 11
19 8 46 4
34 0 11 29
46 42 4 10
21 27 34 9
27 6 39 31
19 25 37 23
36 45 18 35
31 21 13 25
37 3 34 20
13 17 43 34
29 28 19 33
16 7 9 23
28 26 33 28
17 26 37 15
21 28 11 30
29 31 23 35
42 47 32 47
9 1 40 0
18 9 20 19
30 39 17 29
28 21 49 5
24 28 11 22
15 18 42 3
23 25 23 41
35 43 41 11
26 19 33 0
34 20 30 13
26 43 13 29
7 6 21 48
35 41 26 21
29 47 47 39
29 44 13 28
33 6 25 19
23 2 21 19
29 30 23 1
34 44 9 23
28 39 49 29
41 49 29 27
29 21 28 12
31 40 22 12
43 32 12 25
27 42 17 31
30 20 9 22
2 4 46 43
25 31 12 25
32 23 49 4
20 25 39 30
37 28 44 32
22 7 12 26
35 24 17 22
23 24 3 12
44 35 31 18
24 15 23 38
43 36 17 27
40 43 49 6
40 45 33 10
7 9 13 22
45 39 23 12
30 35 44 32
34 46 13 4
30 0 40 15
34 22 7 26
27 37 23 14
36 47 18 22
33 33 33 4
30 41 20 44
33 35 23 48
29 37 24 19
40 49 15 27
29 29 17 28
20 32 14 48
45 19 38 10
29 41 36 39
25 27 28 15
29 34 17 6
7 5 12 3
17 28 11 29
45 40 7 22
42 24 34 18
21 5 27 45
22 30 8 37
13 3 35 41
19 29 28 0
43 48 12 24
37 21 10 33
43 20 13 28
13 16 43 10
36 41 48 38
41 32 32 16
39 24 35 12
44 42 40 6
36 30 32 16
38 32 19 21
24 45 16 29
44 43 26 46
38 47 33 1
25 28 49 4
20 27 22 49
23 27 22 6
38 1 16 46
23 22 42 1
10 20 15 26
33 35 49 20
34 25 22 21
41 42 45 12
28 12 17 27
30 42 21 38
26 44 45 36
28 31 10 27
27 22 46 43
29 30 15 26
23 47 9 25
44 12 21 40
21 10 40 17
27 30 9 23
30 40 45 4
36 29 23 11
45 8 2 8
42 47 49 16
29 48 40 30
28 39 14 10
31 18 43 34
23 3 21 15
23 26 21 6
35 29 31 46
47 48 27 3
30 23 15 31
32 36 19 43
15 9 29 13
34 47 6 29
31 46 3 26
38 21 37 10
30 30 20 29
18 3 27 49
29 7 18 25
28 31 19 44
30 30 6 10
32 20 16 35
47 36 43 7
33 25 39 34
33 41 14 25
31 21 18 25
33 43 30 5
3 10 38 10
36 5 29 7
23 8 11 7
37 25 2 40
36 34 20 28
23 9 47 40
27 37 17 38
32 21 42 16
25 31 16 29
27 30 32 15
12 1 23 42
31 3 20 47
23 23 45 3
46 18 21 23
36 23 9 24
43 7 15 32
34 49 47 43
48 16 40 3
47 13 48 34
48 41 26 40
39 16 7 24
29 39 24 46
15 11 15 28
42 47 10 31
34 33 27 38
37 14 6 9
30 29 22 29
30 39 16 20
18 2 17 19
22 47 27 39
21 29 49 33
22 6 37 16
23 20 6 45
22 26 48 31
22 16 28 7
25 9 31 11
47 48 28 37
20 28 20 22
31 37 11 27
30 4 1 16
31 16 21 3
2 7 49 31
26 21 19 28
21 33 45 6
48 25 17 28
40 17 34 37
24 28 10 23
34 17 14 2
29 39 24 27
45 30 44 10
33 43 2 26
37 28 28 10
13 7 23 15
18 29 14 24
48 30 36 3
32 48 45 38
24 25 14 25
34 36 46 40
23 42 18 43
25 21 11 25
20 25 7 27
35 22 5 12
23 26 12 22
15 6 39 9
22 26 45 38
18 18 40 12
28 4 17 28
24 14 15 17
26 38 46 2
38 25 48 37
27 27 13 31
27 11 32 26
31 23 29 32
22 28 12 28
46 31 31 19
20 27 4 27
34 47 47 36
27 44 36 15
21 26 9 28
33 42 45 27
35 25 15 28
40 26 22 25
33 36 17 20
20 27 41 4
19 13 20 45
25 37 46 36
20 29 27 8
38 27 22 41
43 39 11 41
26 31 46 36
19 28 29 48
18 23 47 14
23 27 28 17
30 30 38 0
44 45 1 2
25 42 33 15
36 40 43 15
25 34 18 45
38 42 36 7
21 11 7 11
30 10 23 24
49 49 39 40
35 43 14 18
28 33 11 25
40 18 10 25
31 22 0 30
31 41 15 29
32 44 14 18
35 23 14 25
40 23 39 7
23 10 13 20
27 43 23 37
22 21 47 19
19 22 16 6
18 23 12 22
20 29 12 28
33 21 23 41
5 24 18 24
19 14 38 10
24 27 0 13
41 32 25 6
22 19 15 45
26 41 28 16
25 45 38 29
29 38 34 21
28 28 11 23
21 25 7 26
23 29 20 46
28 39 19 17
29 32 15 24
43 39 10 31
40 47 16 31
21 28 14 26
29 20 12 21
46 42 23 48
24 25 27 5
19 3 33 9
32 49 20 49
15 19 16 28
26 27 24 24
22 25 48 38
23 24 48 4
17 34 9 23
24 22 47 39
29 39 0 21
33 42 19 3
35 26 23 24
38 27 19 38
20 43 49 16
33 23 27 35
14 1 16 28
37 22 20 30
22 1 14 25
28 42 14 28
35 19 23 14
49 42 16 22
45 11 39 1
36 37 31 28
42 36 39 0
36 41 15 30
41 47 43 1
41 30 27 1
24 28 18 2
20 15 16 24
37 42 14 24
40 20 25 45
26 38 19 32
27 2 3 16
27 12 15 28
28 40 28 24
19 8 36 12
47 35 21 35
30 37 14 28
46 23 19 22
44 30 13 27
20 29 13 40
30 38 30 49
42 38 32 4
13 34 22 43
48 41 27 47
35 5 1 45
44 49 40 15
31 8 34 45
19 25 32 24
44 48 27 25
20 7 15 26
29 38 41 1
26 29 30 19
20 28 21 5
14 15 31 10
28 20 46 15
22 28 12 27
41 44 14 27
30 34 32 20
12 10 16 30
35 8 18 27
31 8 18 28
19 17 47 11
24 30 13 24
22 26 34 11
28 11 44 8
23 28 13 30
21 9 41 39
31 42 14 26
20 29 15 28
44 44 36 31
45 10 46 37
27 32 44 28
34 21 47 36
39 18 38 23
43 49 28 41
33 49 33 0
42 36 42 7
31 41 14 30
9 22 41 4
23 25 34 4
19 27 44 25
29 29 49 26
34 29 20 49
21 25 9 23
9 9 42 4
42 24 48 17
34 19 11 21
33 28 35 13
42 45 19 17
38 34 17 24
29 40 13 22
35 10 19 45
21 28 45 6
33 28 26 13
44 49 13 42
12 21 45 35
23 29 7 19
17 6 14 28
3 21 29 8
30 8 45 17
42 4 14 26
28 39 31 35
33 33 17 27
21 11 8 28
20 3 29 1
48 17 45 39
12 0 13 24
35 37 46 8
32 28 47 5
25 38 35 23
35 22 20 18
20 31 4 9
39 30 16 32
41 26 16 28
44 48 14 17
32 25 28 6
38 27 44 9
20 22 9 29
36 29 43 38
39 40 15 21
30 42 11 24
44 18 32 21
30 17 8 11
31 4 36 29
27 46 27 10
17 7 43 6
27 4 28 38
28 35 47 4
41 48 40 36
49 9 46 35
19 25 35 11
15 9 33 6
34 5 37 13
16 14 47 31
49 6 34 8
19 29 22 24
39 41 9 29
33 7 33 38
35 1 11 32
31 40 45 21
2 19 7 21
30 26 45 11
42 26 27 8
45 38 28 44
29 41 16 28
32 40 2 16
32 40 37 32
36 15 30 11
26 23 6 24
44 35 10 29
41 30 11 21
28 21 39 13
39 49 12 24
9 13 10 27
34 47 22 47
33 21 44 34
33 40 15 20
15 14 10 10
27 33 14 8
39 43 14 29
20 41 17 25
31 43 49 7
31 38 18 42
23 22 47 39
46 18 18 2
27 17 44 27
25 29 31 12
19 25 15 24
21 28 28 23
45 40 49 49
19 28 14 26
39 28 26 26
20 2 12 25
28 39 45 26
41 18 32 28
30 41 25 15
46 42 47 12
30 26 13 27
35 22 23 42
18 29 15 3
12 6 15 20
38 23 11 27
25 29 17 22
12 25 48 28
22 30 48 25
32 26 10 29
49 38 14 25
34 22 17 27
26 42 16 9
24 28 18 26
26 25 16 35
42 16 18 28
16 14 13 28
45 18 17 41
41 35 9 23
23 28 19 33
12 22 2 3
30 25 37 21
26 44 14 28
37 31 40 10
44 43 30 39
19 26 38 8
13 20 12 27
47 24 41 34
26 6 13 1
28 26 27 43
44 47 22 26
20 26 39 0
48 20 19 24
27 10 36 1
22 6 14 27
44 29 7 21
24 27 39 23
9 29 14 27
28 14 35 49
22 26 33 8
20 31 27 0
40 22 18 27
17 23 44 7
23 29 47 39
38 29 25 7
30 43 20 22
29 2 14 24
38 31 40 44
12 17 21 25
23 27 6 10
31 42 13 32
38 38 14 25
25 44 44 32
49 19 28 15
48 41 16 30
36 41 13 26
32 36 43 7
18 30 1 11
38 11 11 36
32 43 26 8
25 38 42 41
46 31 12 46
49 13 16 33
34 15 27 8
49 24 8 12
33 39 39 1
23 46 43 34
24 2 41 35
28 28 14 30
22 28 22 22
42 29 44 7
31 42 2 18
26 44 24 19
29 6 14 25
26 25 46 40
31 34 38 17
28 9 12 27
32 39 17 27
41 37 10 22
42 24 41 11
48 35 35 12
34 28 16 22
23 27 38 35
29 1 27 6
44 37 19 49
37 23 0 21
16 42 9 24
40 45 23 46
24 48 15 28
43 47 19 31
20 15 43 35
31 34 43 28
47 9 45 38
35 34 23 18
35 47 13 17
35 29 49 38
37 40 44 10
25 29 21 5
43 40 13 32
36 37 29 24
24 28 14 23
23 25 13 21
40 39 8 44
32 35 25 6
24 26 40 37
9 16 37 12
14 44 26 44
28 34 46 46
23 29 36 12
37 18 25 15
42 28 17 39
24 26 35 16
47 43 29 44
26 41 17 13
29 25 32 43
34 11 46 45
23 38 45 16
23 30 21 27
45 34 12 6
33 36 35 15
27 45 15 31
44 45 17 21
37 21 34 12
22 14 15 23
17 27 15 21
30 8 37 4
36 22 14 18
19 21 28 25
21 23 5 25
37 43 24 18
24 9 14 24
33 40 34 18
25 27 12 25
30 43 32 4
24 28 16 28
25 35 39 13
30 40 12 8
26 27 28 23
20 29 45 3
25 26 43 0
42 21 46 42
20 6 43 35
47 14 17 27
26 16 23 26
26 12 21 47
38 23 44 29
34 4 37 42
29 12 46 44
25 24 41 25
36 44 20 47
38 46 49 19
3 25 27 49
21 16 39 35
32 22 42 3
33 34 13 29
18 13 31 44
35 32 11 17
23 25 0 23
24 27 19 30
48 30 13 23
14 16 44 41
10 24 27 6
25 13 21 17
36 24 8 28
23 23 12 31
41 38 48 20
17 4 49 10
33 33 17 47
25 22 12 43
21 23 5 25
36 6 17 23
35 39 44 34
23 28 32 30
13 5 22 48
18 21 31 48
40 49 21 7
29 23 28 17
18 13 30 17
37 47 16 21
36 7 14 39
21 39 21 12
19 28 25 48
30 48 44 37
26 14 40 3
35 34 30 20
30 38 49 30
30 41 25 48
34 28 33 41
36 34 8 25
36 19 24 41
19 25 14 26
27 45 16 21
32 37 37 6
29 24 38 10
27 3 37 24
32 18 9 20
29 45 9 28
34 20 38 1
26 35 39 12
16 15 16 24
25 31 13 44
32 39 14 25
30 26 46 0
24 24 39 36
37 22 37 33
20 29 39 17
32 10 15 23
23 18 19 48
23 29 21 10
31 33 39 13
38 43 11 30
42 7 45 30
31 35 24 19
32 35 29 13
23 27 44 13
21 24 36 44
34 12 18 9
43 1 39 39
30 41 46 40
19 2 35 4
26 25 16 29
45 43 0 34
24 27 12 36
47 31 18 14
30 24 46 17
34 43 30 44
43 11 43 5
40 31 13 7
16 0 1 9
19 25 31 14
29 37 23 0
18 22 21 10
34 47 18 43
30 43 22 19
32 48 49 30
32 37 45 32
21 25 11 22
33 23 21 48
31 31 19 18
15 34 41 16
39 19 45 8
40 45 30 48
19 20 28 20
9 5 46 2
21 31 44 4
28 37 33 10
25 26 15 28
30 42 18 44
24 20 42 37
23 29 37 20
40 9 28 35
24 25 38 26
25 10 34 14
18 16 34 38
42 31 12 26
37 36 38 17
33 41 17 23
31 38 9 24
35 36 15 22
33 35 41 34
26 19 35 29
36 6 24 7
32 48 2 31
35 20 43 24
28 43 6 13
27 41 41 46
47 35 21 46
38 32 12 30
23 30 19 21
12 12 22 5
34 18 9 26
22 26 38 43
29 41 41 11
32 42 43 38
23 29 26 22
23 1 35 8
32 43 11 47
22 28 25 22
24 12 23 1
35 46 15 21
32 42 11 30
24 11 38 2
31 13 40 4
35 5 45 0
4 6 35 3
38 49 49 32
21 29 3 20
27 41 6 17
36 23 46 28
32 45 8 15
19 23 14 26
29 39 20 46
27 47 33 44
17 47 32 43
45 35 10 26
30 38 30 43
34 44 46 26
35 42 6 32
33 32 16 28
13 1 20 13
31 32 43 16
9 31 9 14
31 7 13 26
39 39 46 3
34 31 47 42
26 38 39 11
32 31 42 9
26 4 32 21
43 26 2 32
26 15 14 21
46 25 6 22
35 44 22 34
28 38 16 29
45 18 27 15
19 27 39 37
25 41 10 23
30 44 15 44
31 42 15 47
36 49 12 5
27 42 30 29
5 16 35 31
27 12 12 25
35 27 23 12
29 27 45 22
21 24 11 33
27 40 41 36
22 27 28 45
15 22 10 26
46 49 40 12
24 13 28 48
42 13 49 11
47 48 26 47
32 48 37 9
46 49 45 38
13 34 17 32
18 12 21 49
24 2 31 7
23 29 18 27
45 14 15 33
32 42 45 46
11 35 35 8
48 49 21 45
37 18 24 48
20 30 33 15
26 20 41 8
30 40 15 33
28 3 35 15
29 41 42 25
48 32 19 23
24 30 42 40
46 37 12 28
21 23 33 13
29 14 18 40
46 34 25 12
31 8 9 28
34 48 12 24
29 10 20 29
18 30 46 39
40 25 17 40
32 35 48 29
25 28 45 21
38 29 21 24
39 37 39 3
31 23 34 9
35 36 15 21
22 49 46 40
38 30 39 8
32 26 46 5
18 0 43 38
41 14 14 26
34 31 0 19
23 39 28 44
28 40 32 49
26 26 19 21
31 43 39 32
18 27 14 23
36 40 17 27
20 5 30 5
35 29 12 39
32 47 45 38
18 25 30 4
26 8 13 26
33 42 21 25
32 29 29 42
27 20 37 6
36 21 48 34
31 29 15 24
25 27 46 14
46 38 14 24
40 23 43 5
6 28 9 16
43 46 30 11
22 24 9 29
38 43 17 30
31 42 15 10
26 13 40 15
19 30 12 12
28 41 20 43
45 31 12 26
23 46 14 28
29 22 45 18
12 19 24 49
40 40 11 29
20 29 49 35
44 39 49 40
38 39 13 27
22 31 44 16
42 43 9 22
46 41 42 28
39 33 15 21
27 17 11 21
27 25 41 6
10 13 42 20
35 37 29 22
38 36 12 10
37 19 40 9
27 21 34 16
24 37 18 21
31 40 35 12
29 10 14 18
26 25 27 2
29 14 6 7
29 40 18 44
9 11 24 4
29 39 13 27
22 28 14 28
30 5 28 49
33 46 15 29
26 12 25 48
21 29 32 4
22 25 28 40
28 27 11 23
32 27 21 41
35 29 24 5
32 14 0 21
31 23 19 31
24 2 18 25
41 21 16 29
36 22 49 37
25 27 8 28
28 13 14 26
31 35 29 7
37 45 31 8
18 26 44 4
18 27 1 49
28 42 48 38
20 16 27 45
22 14 24 6
25 19 15 26
34 31 14 26
29 11 46 32
39 37 48 3
33 16 13 25
22 25 18 35
11 28 49 2
30 42 10 26
28 40 10 30
20 44 16 24
33 42 11 31
32 41 45 7
20 46 13 26
39 27 14 26
24 27 41 6
19 28 19 43
48 35 20 28
42 20 12 13
26 0 11 21
35 36 49 34
33 31 16 28
38 45 22 2
6 14 4 4
24 31 18 23
33 12 36 35
29 30 24 42
19 34 14 19
42 44 26 15
12 9 24 32
25 39 11 15
30 21 16 49
30 34 43 0
27 46 18 28
40 26 39 12
18 21 35 8
29 24 41 5
21 37 33 21
21 6 42 2
27 43 12 24
39 45 13 18
37 30 17 25
30 18 26 49
27 42 0 8
38 24 43 32
26 41 22 26
48 27 29 22
34 44 25 14
40 44 27 19
15 5 43 42
18 14 33 12
37 45 37 16
28 40 41 26
21 17 11 16
39 48 13 10
35 11 47 41
44 21 21 48
38 37 11 31
23 30 17 24
20 24 10 14
22 24 8 12
26 46 17 27
31 42 46 10
43 45 12 26
29 37 19 28
21 28 18 30
26 39 18 27
18 24 10 28
35 31 4 0
28 38 15 26
6 13 47 1
29 8 8 24
36 43 46 34
21 27 41 2
26 33 49 24
22 15 9 16
32 49 14 22
28 39 38 8
22 26 5 22
46 39 28 47
24 29 35 7
33 5 48 29
34 16 47 4
18 44 33 39
27 35 23 47
28 3 39 3
16 16 42 6
32 4 20 21
39 38 15 32
39 26 1 29
30 40 6 23
27 38 17 22
30 4 14 28
16 8 43 26
26 43 37 28
22 30 41 23
29 35 11 48
33 27 41 25
36 37 25 19
17 28 49 2
38 32 15 26
46 16 41 25
30 41 37 18
33 19 46 38
43 41 17 48
38 37 15 23
21 20 25 24
44 38 21 49
21 39 14 26
24 30 13 23
34 1 23 37
29 5 26 40
27 24 40 7
31 49 34 8
31 42 31 15
6 9 28 19
26 43 19 41
23 24 13 20
39 28 17 26
32 49 31 28
26 0 49 32
25 34 45 32
19 14 41 11
20 24 20 9
22 14 38 20
15 25 37 14
32 32 13 35
49 47 13 30
25 30 48 47
33 40 5 32
38 26 45 5
18 34 35 22
28 48 19 49
42 34 21 30
33 13 9 31
32 12 17 32
10 9 27 26
24 26 40 9
31 4 14 4
39 43 14 28
35 45 14 42
21 24 45 19
32 18 44 12
46 28 46 42
47 43 47 2
30 44 22 21
33 8 41 17
14 47 47 0
45 44 40 12
14 10 47 43
16 17 14 29
28 30 28 0
25 28 23 49
33 47 29 4
34 39 10 25
23 32 10 24
29 41 44 45
43 31 2 12
44 47 20 30
47 11 30 24
49 29 27 17
37 16 29 40
46 28 48 44
29 10 36 14
13 3 12 20
26 39 46 5
37 29 13 22
32 39 25 9
22 28 41 4
18 9 42 32
44 43 42 3
18 26 25 48
34 26 17 21
26 1 31 7
27 29 43 33
29 32 29 7
29 24 6 25
22 17 40 35
25 26 38 6
47 49 45 20
22 27 16 29
42 11 8 12
28 1 45 17
12 1 40 41
26 25 46 37
47 43 11 23
23 43 12 30
42 45 2 21
23 20 2 25
43 24 31 45
48 45 22 47
42 37 42 6
19 6 18 43
37 16 36 39
30 44 10 18
22 28 37 16
42 37 9 11
41 44 15 28
43 31 19 37
22 32 32 9
25 28 46 2
26 27 20 14
20 10 13 31
30 37 44 12
17 31 10 35
19 32 17 25
28 28 41 40
4 16 24 39
34 22 23 30
44 33 17 20
36 22 10 23
27 37 6 18
23 26 29 46
24 30 22 14
28 22 43 44
44 36 22 26
31 37 1 17
9 9 45 44
22 22 28 44
27 6 14 27
44 27 35 4
40 42 30 11
28 41 6 18
28 21 47 1
8 11 28 0
40 46 43 43
35 20 22 42
13 11 31 25
20 20 45 6
19 34 27 10
34 32 30 45
16 28 21 23
39 48 22 46
19 20 41 4
32 44 32 4
30 39 46 5
19 1 28 2
42 28 34 18
45 16 9 38
41 34 14 23
39 15 49 5
27 26 43 7
31 40 27 12
33 20 25 28
34 27 38 37
36 0 14 49
23 22 9 28
35 36 15 45
39 24 48 2
42 27 22 28
35 18 16 28
31 45 27 11
31 41 45 34
18 28 15 32
41 20 2 4
28 29 14 25
21 27 45 24
45 30 20 23
21 6 36 11
22 39 20 28
28 39 16 28
27 40 8 0
37 39 18 26
32 7 12 29
32 41 35 17
25 4 0 16
39 17 34 7
33 40 26 40
38 26 38 17
38 19 18 27
37 30 0 34
48 39 17 25
27 3 16 24
27 45 47 36
22 47 45 35
42 38 14 9
12 20 28 28
44 45 15 23
20 26 47 40
18 7 18 22
22 24 47 33
22 17 35 14
41 32 15 21
28 42 20 23
40 34 35 5
35 31 41 33
41 45 16 27
29 3 17 32
30 33 25 0
27 14 17 47
22 22 30 44
7 3 41 2
45 48 15 30
2 17 46 34
29 8 47 26
23 12 24 29
24 37 18 25
39 37 35 41
18 27 45 40
15 6 37 10
37 35 29 42
21 26 23 14
37 40 18 28
26 26 13 24
32 24 14 27
26 23 3 12
22 26 11 30
33 34 11 24
44 47 32 6
33 46 49 5
22 30 27 45
33 44 27 10
13 5 37 15
0 5 8 35
20 3 22 40
29 35 41 2
49 32 26 11
35 27 49 37
24 30 28 16
20 26 15 21
24 26 39 39
26 5 31 25
25 27 9 46
23 30 36 9
42 20 25 37
13 6 30 6
21 30 21 19
34 36 29 19
31 39 15 32
46 39 3 36
33 42 44 46
19 29 12 30
23 42 34 30
34 41 32 21
23 27 43 7
34 14 27 48
27 46 28 18
21 33 15 21
35 39 16 14
25 26 42 17
31 40 48 9
25 40 14 26
42 12 12 29
29 40 20 45
24 28 42 13
48 33 15 30
39 30 28 43
14 17 19 24
29 39 44 25
0 2 16 47
22 24 34 1
36 8 43 20
35 38 16 34
21 7 40 7
21 23 25 47
17 30 14 42
2 18 47 43
27 39 28 14
43 30 34 19
27 23 6 27
47 41 15 31
36 46 15 45
24 43 31 13
30 40 13 25
42 17 18 41
32 40 13 24
26 27 13 29
47 46 29 15
25 34 10 31
25 10 23 28
27 10 13 25
39 20 11 14
27 26 11 28
34 38 35 6
14 25 9 24
33 40 38 39
2 14 48 25
41 36 13 24
9 0 13 30
37 29 49 23
35 32 37 9
