50 745 15001 800
13 44 41 23
33 37 24 36
18 42 19 12
15 37 16 41
3 23 15 45
46 40 18 24
4 43 11 38
14 15 34 32
38 33 22 25
34 39 8 0
11 43 26 44
16 31 31 11
37 33 12 11
10 15 38 17
29 9 21 14
2 14 18 40
25 42 17 30
5 42 10 47
21 27 37 19
33 7 15 41
16 44 30 15
37 35 16 42
33 48 4 16
25 9 21 34
7 15 18 23
28 30 22 28
33 28 27 26
31 16 24 41
15 32 0 28
0 13 22 30
36 47 16 43
32 32 31 18
39 37 10 12
33 35 21 40
18 14 5 47
8 27 14 45
21 8 42 15
26 31 23 26
25 28 4 39
30 39 26 22
21 15 34 36
42 38 22 49
10 44 28 30
12 15 8 16
6 47 3 39
15 42 17 48
32 39 28 9
12 36 35 13
17 23 3 2
10 44 18 24
35 38 18 5
14 40 12 45
14 25 19 48
10 44 15 36
43 37 23 26
20 27 15 49
33 49 15 20
3 17 17 41
5 43 19 45
12 42 44 30
10 47 23 22
7 21 4 7
15 36 41 19
15 44 30 24
33 42 14 11
9 42 20 24
38 32 15 11
21 39 11 49
17 38 33 18
12 38 12 27
36 38 0 24
12 43 22 38
17 19 9 12
11 32 20 21
13 46 33 24
22 36 2 43
16 14 8 10
35 37 19 21
21 7 0 14
11 39 39 47
25 13 28 18
26 38 32 29
37 41 20 32
7 22 11 25
12 44 4 6
32 40 27 19
41 31 47 3
22 35 21 16
20 4 24 14
12 6 1 49
9 18 33 26
11 33 3 28
20 44 27 24
13 13 15 32
38 41 2 7
41 36 14 40
15 29 25 36
35 36 4 38
22 46 16 18
13 38 23 39
19 19 32 14
15 45 28 11
16 39 38 19
26 2 24 36
33 39 22 40
30 32 19 3
4 16 10 43
39 36 2 15
25 43 0 9
37 40 6 32
23 30 4 25
34 38 45 24
0 19 9 27
32 36 27 31
9 37 26 41
1 12 15 45
16 32 9 30
3 13 24 45
34 34 21 27
36 22 28 0
31 39 33 14
34 35 27 4
3 39 21 30
7 18 16 31
44 35 11 47
43 40 1 29
16 40 31 28
17 37 22 17
31 37 42 1
28 31 27 1
17 35 4 43
43 40 45 30
9 30 38 20
18 32 14 45
16 34 37 16
0 41 21 17
21 35 11 41
7 30 18 44
8 38 15 35
20 44 26 30
39 40 14 48
13 39 30 21
8 30 13 12
1 21 10 15
40 36 19 20
24 7 32 21
36 38 27 24
5 10 37 15
9 36 40 9
27 31 29 11
9 46 36 24
40 38 11 38
6 20 16 15
5 41 22 46
9 15 3 19
33 37 31 17
31 35 25 30
15 12 28 13
32 36 23 16
19 43 35 39
12 48 37 13
7 42 14 43
14 44 10 47
12 34 38 26
28 29 26 18
34 40 21 43
35 35 31 13
14 43 35 30
46 34 34 25
17 49 21 18
24 30 12 21
7 14 28 40
32 32 1 44
17 40 3 47
39 37 22 18
19 19 26 27
4 27 48 16
17 40 19 19
9 38 30 12
39 39 0 10
7 40 28 31
12 31 27 49
2 15 5 46
18 9 24 43
35 47 4 39
37 39 29 13
11 40 36 16
17 29 26 25
14 36 29 26
38 29 16 41
13 42 24 43
34 32 10 7
32 34 20 32
8 5 17 39
16 5 26 22
20 39 28 29
8 18 25 43
8 36 8 1
4 46 15 46
11 41 32 35
9 40 23 39
32 37 3 22
6 32 18 41
28 39 3 31
2 20 20 40
24 6 17 39
1 45 24 10
23 22 28 13
13 17 39 10
28 4 20 30
6 20 49 25
14 42 6 25
32 19 1 48
24 21 11 29
29 35 31 32
33 38 15 20
30 28 14 46
1 16 3 21
8 45 44 28
12 44 11 1
26 37 29 16
29 41 28 23
23 24 38 29
3 16 47 30
37 30 18 45
41 36 20 49
35 25 23 16
7 48 31 39
45 35 14 42
34 34 6 8
11 41 37 24
12 37 27 2
0 8 31 17
31 31 32 35
4 19 18 37
6 40 28 6
17 41 24 14
22 5 14 45
27 38 29 3
11 39 17 6
35 29 16 48
6 41 19 37
26 22 21 33
37 41 25 19
2 22 12 35
39 38 19 11
11 39 35 22
30 4 22 35
3 17 11 31
35 32 25 26
13 43 10 8
31 40 35 28
17 28 30 12
21 36 36 28
28 38 20 31
40 39 25 29
8 42 10 47
13 41 24 8
0 30 21 15
5 46 12 49
7 23 17 44
43 38 31 28
10 12 40 33
11 28 18 42
5 20 25 27
9 38 39 17
14 33 19 23
6 12 23 31
7 33 22 10
19 30 12 38
36 40 6 48
8 39 29 47
30 34 23 4
23 20 23 48
9 38 38 10
26 29 9 28
31 39 16 44
37 43 24 29
34 33 24 19
33 36 17 47
8 26 22 37
41 37 36 16
43 29 49 7
30 11 26 41
15 40 33 8
46 29 30 9
4 12 3 41
14 38 26 17
40 38 16 49
2 23 37 23
19 35 29 19
38 35 11 31
26 26 28 12
16 30 35 19
15 29 29 31
12 38 15 47
17 30 22 28
4 15 23 26
44 28 36 28
20 35 31 44
16 41 11 25
11 44 25 43
2 14 37 36
43 33 21 19
6 44 14 49
6 22 38 12
21 36 17 23
46 32 45 18
4 17 9 39
33 24 30 42
17 47 26 40
16 49 21 19
32 5 21 32
5 20 8 26
36 30 22 16
19 48 25 5
20 43 23 1
32 4 13 13
11 39 21 24
7 44 27 30
0 25 18 43
3 21 7 30
19 42 26 30
9 29 32 44
29 46 19 15
8 26 11 15
33 33 3 2
12 33 8 28
2 17 14 1
1 19 15 19
39 29 24 17
41 38 30 22
17 17 43 17
44 36 12 47
4 18 13 36
13 35 34 14
8 40 30 38
1 17 38 20
14 30 21 32
35 35 22 25
2 35 8 24
13 9 4 7
20 46 36 15
37 33 33 23
8 13 19 44
1 17 13 24
38 29 21 39
10 38 31 42
2 19 10 44
16 5 15 18
44 32 11 16
33 39 6 17
37 39 25 13
14 28 11 25
15 26 47 30
37 30 4 34
15 48 21 14
44 43 25 46
11 17 18 31
12 47 29 41
0 15 36 29
32 18 20 14
6 39 11 27
1 14 15 46
11 43 15 44
19 31 12 43
3 19 13 35
44 33 21 29
32 35 16 26
11 48 2 17
6 36 19 33
38 40 27 36
2 19 30 30
37 41 38 7
41 26 27 12
5 42 34 41
10 33 39 28
3 42 10 34
4 24 49 32
36 9 19 24
12 33 7 47
14 47 30 24
1 44 30 28
7 19 25 48
6 44 31 12
11 42 19 11
4 16 3 31
17 22 24 28
30 14 34 30
3 38 37 30
13 45 18 16
8 21 23 29
17 36 22 36
8 31 41 37
43 34 29 30
14 41 30 33
15 36 10 39
30 34 25 37
37 38 30 15
34 28 38 43
13 40 26 17
18 40 17 24
32 45 9 15
10 36 23 26
34 46 24 28
11 31 22 36
23 42 12 14
3 38 17 11
42 30 29 14
19 40 22 3
4 17 38 47
15 36 5 28
3 20 37 6
42 28 12 31
30 41 13 25
10 38 13 42
18 34 11 22
16 37 36 31
28 37 29 26
30 45 39 22
43 38 13 23
13 33 25 37
41 29 34 30
48 23 23 40
36 39 17 47
45 39 30 39
36 38 34 8
35 36 24 20
42 39 10 40
37 41 40 30
36 35 26 13
18 37 30 17
37 31 17 48
38 15 29 25
19 43 25 26
14 49 22 26
13 41 6 49
15 38 38 34
8 38 2 23
35 45 29 45
37 37 14 28
6 36 8 48
27 38 13 0
13 43 11 11
45 39 0 6
42 42 16 39
46 22 2 42
29 38 34 25
9 49 26 31
45 33 25 41
30 7 10 19
8 23 7 42
9 44 28 12
36 30 11 48
42 30 7 10
7 44 32 14
33 37 31 17
4 31 25 20
10 36 26 32
17 35 22 34
22 40 19 17
31 35 26 27
27 29 27 22
0 17 29 42
3 47 30 12
10 44 3 18
19 42 13 34
7 35 16 37
2 20 21 33
40 43 12 47
41 39 17 8
30 33 21 22
2 21 26 12
40 47 38 32
16 6 17 15
36 30 30 17
15 35 17 45
9 14 32 19
40 31 16 40
18 39 31 25
13 33 4 23
22 42 11 49
20 44 18 28
22 30 7 26
34 39 9 39
8 38 26 12
40 38 23 16
30 45 33 25
31 37 39 17
3 24 26 9
33 36 34 16
41 42 20 40
18 40 28 32
34 45 16 41
7 45 23 44
29 35 1 7
38 33 17 32
15 12 18 28
10 49 19 24
16 46 29 22
25 44 30 38
21 44 2 9
2 22 29 39
3 30 19 14
16 41 26 15
2 14 35 30
4 42 21 20
3 15 35 16
37 38 31 45
3 44 29 22
19 42 33 15
10 35 35 23
3 17 21 20
45 47 30 28
3 20 23 37
46 26 20 22
15 31 16 19
11 42 27 15
19 36 13 40
47 32 14 33
32 11 12 35
6 48 32 16
17 34 28 25
13 42 9 45
39 31 9 39
6 40 18 14
35 39 25 38
13 29 13 41
13 48 17 25
13 48 7 27
27 33 12 45
2 18 28 23
47 35 19 45
13 37 12 45
34 11 30 5
10 44 15 30
37 36 11 47
18 47 29 32
30 35 31 10
40 45 17 32
31 38 8 38
38 20 24 42
44 43 16 24
48 38 32 18
11 35 24 36
34 45 32 1
12 45 1 23
41 37 2 9
9 41 19 28
11 43 20 7
15 37 5 36
10 30 26 6
30 34 21 5
15 15 24 23
22 42 40 20
31 38 28 42
16 45 4 32
19 34 12 44
48 33 13 43
20 40 20 22
17 42 28 38
2 6 22 48
42 16 30 16
3 25 43 0
8 17 45 28
12 33 28 33
34 42 33 24
21 38 11 35
11 44 33 26
5 37 44 26
3 44 13 3
42 35 29 14
5 29 44 12
42 43 16 48
31 38 10 44
35 34 12 23
38 27 2 47
9 39 21 20
2 31 19 25
19 36 15 43
27 46 1 7
20 32 38 32
9 16 23 23
19 37 24 48
15 42 37 48
2 26 18 46
38 31 11 41
17 30 15 21
14 38 48 25
35 38 19 28
16 34 40 32
11 29 17 49
30 40 39 23
13 46 38 34
0 23 8 27
0 26 3 42
30 14 15 38
1 16 29 18
14 32 29 7
8 44 15 14
0 26 25 42
17 7 25 13
12 41 32 21
0 21 25 17
10 44 15 49
5 37 2 48
3 19 6 35
35 33 13 13
38 41 18 15
20 31 25 40
41 43 24 40
6 15 28 18
13 38 28 21
3 16 36 28
0 23 35 24
8 36 12 44
11 31 25 10
38 33 12 27
23 29 30 26
35 14 21 14
12 31 19 29
11 38 4 5
29 38 11 48
3 20 20 22
3 22 32 3
14 35 30 9
3 23 20 34
7 34 23 21
38 41 15 49
35 39 28 7
12 32 42 24
8 24 32 25
10 30 19 43
38 36 31 25
11 8 21 5
11 36 30 26
27 0 6 31
13 1 4 48
13 34 23 37
3 42 16 27
42 35 24 43
6 44 21 21
6 21 32 25
28 31 8 13
42 42 22 25
41 38 23 33
3 39 17 34
23 33 5 34
38 37 19 29
19 40 0 42
40 37 21 49
6 34 10 46
13 15 39 26
13 14 13 39
32 40 38 24
47 38 27 37
4 40 28 24
15 39 14 44
25 3 23 43
39 30 26 41
18 34 22 21
31 34 25 14
0 43 16 20
15 45 24 2
7 17 10 13
32 35 18 12
9 23 37 49
20 41 28 42
15 39 48 17
3 33 13 26
18 35 10 24
30 35 44 23
43 33 20 40
33 38 20 21
0 19 45 21
10 14 4 43
19 36 8 24
4 22 13 45
18 40 15 37
9 39 35 31
5 25 7 38
39 29 41 17
45 41 11 39
17 33 21 1
32 26 21 24
37 31 7 42
10 35 21 40
43 40 26 1
4 34 32 25
25 11 9 41
17 16 25 8
19 13 19 25
24 32 7 10
34 40 26 16
9 13 15 38
39 33 44 19
38 40 37 19
18 39 6 18
30 29 24 27
24 40 24 49
8 11 13 29
11 42 29 18
49 22 11 43
2 40 27 15
4 15 15 7
22 37 35 21
6 37 10 14
31 34 12 21
16 41 14 46
39 41 35 34
9 15 5 20
2 17 29 10
11 38 13 15
17 43 31 36
1 19 13 43
9 39 8 0
39 28 34 8
21 36 30 17
6 42 32 9
35 42 9 17
43 32 24 14
12 29 13 43
4 13 25 48
7 39 8 16
35 31 12 45
0 22 24 22
36 36 17 0
19 39 45 20
37 36 19 37
20 39 23 45
4 38 23 0
7 9 28 24
6 36 16 24
43 37 20 42
1 21 21 34
12 48 17 5
10 33 24 30
37 36 13 42
9 49 33 19
15 35 16 40
4 18 16 19
8 47 17 34
45 32 42 29
1 29 25 46
33 42 14 16
