50 1054 19570 800
19 11 45 18
3 24 32 36
11 10 31 33
14 38 45 2
25 14 23 36
20 14 46 37
12 8 36 36
18 32 16 43
5 32 45 19
22 14 44 29
29 22 38 11
18 4 47 16
0 29 31 39
4 26 30 18
36 29 27 37
6 5 30 39
45 47 36 41
0 31 40 1
3 32 37 10
8 42 16 37
14 22 33 38
24 30 49 32
12 30 42 2
0 40 36 4
1 29 47 8
2 16 45 32
38 23 48 20
43 48 37 14
30 14 47 18
7 35 27 41
47 48 29 38
4 12 45 6
7 8 34 20
3 27 34 38
7 24 34 40
30 10 31 26
5 7 33 39
16 31 37 9
4 6 32 41
32 22 46 4
46 45 34 44
12 23 29 38
8 33 9 19
7 4 35 40
6 27 34 24
27 14 31 46
45 49 10 43
1 22 34 30
2 33 31 36
10 25 39 47
6 30 33 38
7 5 10 34
14 12 15 34
37 10 31 24
7 26 29 41
2 30 45 2
8 24 1 40
34 26 42 7
17 5 31 39
45 46 41 12
6 34 32 37
1 31 45 10
25 18 10 29
7 27 37 1
26 21 40 34
32 46 31 40
2 38 32 25
12 42 30 33
3 13 40 34
21 46 33 49
5 33 40 7
3 38 37 19
33 16 43 28
4 17 31 39
23 9 32 44
5 26 46 21
4 34 44 20
33 21 43 6
7 27 32 37
47 45 44 9
29 29 34 33
2 27 31 43
13 29 37 4
7 1 25 48
44 48 18 31
4 20 34 37
6 36 25 36
22 24 4 30
10 22 34 43
2 14 15 46
7 45 31 32
5 31 34 2
5 34 34 32
46 49 47 19
26 20 2 41
22 18 49 7
3 27 34 38
4 33 49 36
15 16 45 9
46 44 22 41
23 36 17 47
10 29 44 13
14 25 35 29
2 25 38 9
5 34 35 32
5 24 45 17
6 38 42 15
49 48 30 40
42 47 42 29
11 3 36 30
14 47 9 42
46 46 12 20
45 46 45 37
4 30 43 19
30 22 39 37
0 13 35 46
10 35 47 27
1 32 34 39
0 24 39 8
3 32 43 6
5 28 24 40
3 28 44 5
9 15 38 37
8 33 31 41
14 10 44 41
35 24 32 32
28 26 33 21
26 25 24 14
42 48 37 42
38 46 30 34
2 31 8 43
27 24 34 38
7 16 28 35
8 7 47 25
8 3 21 28
0 33 39 42
11 18 26 22
37 9 29 37
2 17 7 34
27 12 48 37
4 7 42 10
9 34 35 37
11 28 45 18
1 37 15 27
13 19 21 19
22 19 35 39
5 19 45 13
0 27 32 41
38 48 45 22
2 33 3 42
48 46 0 44
14 16 42 9
17 8 43 49
15 32 34 40
1 29 44 29
25 31 45 40
3 31 33 36
10 21 43 17
26 23 36 40
38 42 32 42
6 14 32 37
28 24 45 17
34 20 29 26
17 19 48 16
2 26 39 30
30 11 14 26
9 29 43 9
15 17 33 37
31 15 42 8
20 17 27 34
3 2 41 1
14 35 31 33
24 13 33 33
19 27 28 26
24 10 31 40
3 29 45 17
49 44 32 37
26 18 27 23
0 29 33 11
41 42 32 37
9 31 22 39
32 43 47 28
5 29 38 8
15 15 41 0
47 45 29 39
0 22 35 42
2 31 43 4
10 30 49 28
1 16 28 42
0 24 46 6
18 28 48 20
18 26 28 34
4 16 46 8
4 32 28 22
10 27 41 20
14 27 48 19
19 29 40 9
17 23 42 11
46 46 12 36
9 28 41 10
0 33 41 5
5 31 48 19
21 22 30 37
38 49 46 23
5 6 33 39
11 30 34 31
3 29 29 19
18 5 35 40
23 29 43 35
0 33 41 4
10 14 32 4
30 16 11 27
17 30 32 36
4 3 30 39
33 28 31 34
12 26 36 37
19 2 33 37
8 34 44 15
9 26 47 20
43 46 33 20
1 23 44 7
2 22 32 36
2 34 41 6
22 35 43 10
20 33 45 8
20 20 32 38
2 29 33 40
21 42 30 35
49 23 36 40
22 28 31 41
11 29 38 40
2 35 31 36
19 3 30 23
3 35 29 26
11 31 34 47
5 19 38 47
28 10 41 25
5 32 49 19
23 32 3 46
20 44 31 34
1 4 45 7
10 21 19 45
9 16 36 28
40 33 35 10
28 21 29 38
25 36 45 7
45 28 43 6
11 30 49 21
40 45 40 10
10 28 35 41
7 17 46 18
2 22 45 10
17 46 37 8
1 26 37 7
49 45 7 39
8 31 40 11
35 12 42 9
10 12 18 25
40 48 28 34
6 27 14 41
14 33 44 0
6 34 42 6
2 30 23 24
2 21 1 41
3 6 41 34
5 20 45 35
8 32 48 39
13 33 45 42
3 31 48 19
5 29 41 29
41 47 31 39
47 48 33 44
3 34 45 16
9 31 34 33
29 23 32 39
20 19 48 35
15 10 27 26
3 35 34 37
24 22 40 19
8 30 44 10
12 37 24 34
4 26 29 40
2 31 30 35
0 14 31 39
45 39 36 8
19 3 29 41
9 29 45 9
15 25 18 47
39 25 41 6
12 17 36 39
3 26 32 45
5 25 1 47
22 16 49 20
39 24 32 32
2 27 46 21
26 28 46 7
32 10 34 36
1 28 36 41
44 43 48 18
22 37 39 13
16 24 47 4
11 26 46 24
0 35 33 37
27 16 49 19
49 45 46 36
22 47 34 41
16 17 32 38
4 29 48 17
13 35 22 18
6 33 46 2
14 13 49 19
3 33 35 32
9 29 44 5
13 9 27 30
2 32 12 28
10 32 30 41
7 18 31 36
38 30 24 26
26 28 29 22
12 32 40 34
24 8 34 34
5 27 41 2
9 0 34 32
4 37 32 38
9 36 36 41
9 32 31 28
11 7 28 34
46 42 44 37
9 18 42 45
7 28 37 10
11 32 33 38
10 33 49 38
11 27 35 42
15 4 33 18
30 33 34 37
1 36 44 4
24 16 44 37
1 29 37 10
4 30 38 48
12 39 34 37
6 27 15 45
6 17 33 43
3 36 29 37
18 28 23 41
23 14 31 39
44 47 16 32
9 32 35 8
6 30 23 19
19 27 32 41
7 5 33 41
28 9 32 40
13 20 49 18
11 9 49 19
2 21 12 46
2 44 42 16
6 32 32 38
32 18 31 38
9 30 35 41
9 22 46 4
6 32 45 18
12 25 43 2
34 18 37 6
3 26 46 32
27 15 4 47
42 49 41 15
7 33 29 27
15 12 43 39
18 10 33 37
19 29 48 6
9 14 19 49
42 46 42 7
29 25 36 7
4 26 10 32
38 45 46 40
5 22 40 32
1 27 34 30
2 24 49 34
28 29 24 42
49 48 37 32
12 36 47 14
6 27 48 12
1 34 42 19
0 32 47 23
48 46 35 37
9 23 40 33
24 25 34 37
13 27 39 28
20 10 36 44
4 29 32 35
17 18 41 5
7 24 35 34
3 32 38 27
48 47 5 48
0 33 49 21
12 37 49 33
8 25 36 32
22 38 48 2
22 20 46 20
0 36 27 22
11 32 39 35
11 17 46 17
49 46 36 29
49 39 37 40
43 48 27 35
20 3 17 17
10 14 11 24
16 13 33 37
12 21 33 41
6 27 32 38
4 28 42 6
32 36 3 20
5 31 32 39
28 20 28 32
8 28 41 0
0 16 41 13
3 31 32 34
2 35 43 12
18 16 46 7
0 33 23 27
0 26 38 33
1 29 49 20
12 34 48 16
11 18 33 38
8 34 43 6
8 31 48 32
7 24 29 36
3 31 39 42
2 28 14 45
5 33 46 40
3 30 4 23
31 11 15 35
28 28 27 37
11 28 44 8
5 20 41 13
16 31 45 6
4 29 47 34
3 18 37 40
3 15 31 35
12 26 30 35
11 7 29 40
11 26 41 10
5 2 30 36
3 24 35 34
6 11 29 37
24 10 20 32
35 12 46 9
11 49 46 20
11 29 31 33
6 34 32 35
30 15 42 25
6 27 45 16
3 0 45 9
26 44 31 38
5 24 34 41
22 19 28 39
34 47 43 42
35 22 29 36
20 11 38 35
2 27 35 38
25 34 37 28
11 22 25 25
5 14 45 10
34 18 29 37
24 18 43 5
27 32 33 31
7 28 31 36
49 48 42 13
35 19 39 41
1 17 3 10
5 22 32 35
14 11 32 39
13 33 31 41
1 15 30 38
7 30 44 16
18 14 47 17
41 40 35 38
45 42 30 37
18 9 31 35
10 23 38 35
5 30 9 20
4 36 44 6
46 45 30 45
2 43 33 33
3 43 34 34
18 28 20 22
18 22 46 4
8 19 47 18
1 27 35 40
0 18 40 40
22 30 48 21
5 34 45 21
9 43 33 35
37 45 23 48
7 37 45 11
0 31 47 20
20 11 31 36
10 26 40 12
9 35 30 44
19 29 35 39
10 32 48 7
5 33 6 21
9 29 42 10
12 1 37 36
32 17 46 11
41 5 34 37
29 7 28 48
21 8 48 18
26 38 40 8
25 28 29 35
10 5 44 28
29 3 13 37
11 31 40 36
25 11 7 47
13 3 31 37
9 39 44 4
4 33 27 39
20 14 32 39
19 27 11 42
40 38 45 25
11 9 42 32
4 30 31 37
0 27 44 27
4 5 33 37
30 40 45 18
29 17 40 33
21 1 31 34
0 8 46 5
27 24 45 4
13 23 28 39
27 10 49 4
6 22 29 38
17 27 21 41
7 25 17 48
6 29 42 7
17 33 34 39
8 22 43 5
29 1 49 19
7 28 32 40
8 34 30 45
2 26 38 44
7 30 47 17
8 2 37 29
4 44 35 38
6 0 32 37
45 49 44 29
9 28 37 39
27 21 33 36
9 10 29 42
4 34 13 41
4 33 34 40
30 20 36 35
4 36 31 37
18 4 22 30
23 15 41 40
18 25 42 5
15 12 10 34
13 3 42 33
2 30 40 39
8 30 42 37
2 37 37 41
32 7 35 40
2 31 35 41
22 24 31 43
29 22 30 40
15 43 45 42
22 19 10 40
28 20 38 6
13 14 30 38
12 10 42 36
45 45 29 40
22 30 31 38
9 9 32 37
19 37 45 9
21 20 48 17
10 33 44 5
11 39 41 29
1 35 33 39
3 26 30 38
19 19 33 35
40 21 28 36
43 44 34 40
32 15 49 9
0 26 33 36
2 30 47 11
31 28 39 36
13 18 39 4
9 35 31 39
14 18 46 13
38 43 47 18
12 35 43 4
8 24 46 8
17 24 31 42
12 2 46 9
32 21 9 45
2 43 33 33
10 12 12 33
1 25 29 43
1 1 43 9
30 14 26 37
6 34 46 4
25 18 30 31
2 36 0 42
4 31 21 22
18 15 48 20
30 16 33 36
29 23 18 22
4 38 42 35
33 44 36 36
10 19 46 15
47 48 31 39
5 30 32 36
34 25 29 43
16 35 31 40
2 42 48 18
7 22 19 40
1 36 41 8
2 29 19 40
12 36 17 34
20 20 34 25
30 22 13 12
18 13 33 41
26 22 33 21
23 23 47 19
8 10 32 38
4 31 32 35
13 30 40 48
27 22 49 19
17 18 32 37
47 47 34 33
11 12 27 35
4 31 48 19
14 31 46 2
28 23 23 29
0 2 32 38
39 49 32 40
18 17 30 36
7 29 36 5
28 21 45 17
3 44 32 38
18 15 31 37
20 20 44 6
4 30 46 19
34 20 29 34
29 16 45 11
26 17 37 8
3 29 49 19
4 30 38 38
38 15 44 34
33 8 29 35
43 23 29 25
12 39 39 2
4 32 38 39
31 28 48 18
25 23 33 36
2 6 31 40
10 17 34 44
10 8 19 40
37 43 22 28
6 35 31 39
16 6 48 4
7 4 46 45
3 34 35 41
2 28 17 24
2 34 33 37
37 49 40 18
6 28 27 25
4 28 30 38
28 20 46 5
0 36 38 6
45 41 48 21
44 49 23 8
2 0 36 37
4 31 3 44
23 22 41 8
45 48 28 37
8 25 36 9
21 36 33 36
12 11 37 6
24 31 9 49
0 33 30 40
3 21 29 36
12 6 32 34
1 28 19 45
32 28 34 41
8 31 31 33
31 34 26 39
3 33 35 26
0 33 32 36
6 25 35 38
26 13 46 13
1 32 29 35
2 10 37 38
7 29 41 39
3 26 32 17
5 30 41 14
11 22 46 34
40 35 29 40
11 31 31 41
5 37 33 36
10 26 6 20
20 30 32 36
18 19 41 13
21 8 29 41
5 35 31 38
21 24 21 15
21 46 32 39
23 29 29 41
44 28 32 37
10 27 41 10
2 28 42 17
14 22 38 37
33 7 17 43
37 19 49 30
22 25 34 38
32 22 33 16
21 19 12 37
17 27 33 34
3 29 46 18
7 14 34 42
23 21 38 28
22 45 32 40
16 25 6 27
1 30 13 19
6 31 49 17
39 18 36 44
16 2 32 34
10 25 40 16
29 8 35 12
21 32 47 0
10 17 33 4
15 9 33 39
0 31 49 19
6 34 23 40
15 15 28 28
23 40 19 23
7 38 49 22
2 17 18 26
20 23 30 39
4 34 45 17
22 38 28 37
4 33 47 6
10 29 13 22
27 24 32 32
26 30 1 37
26 36 20 39
24 11 36 39
16 11 20 40
2 27 15 34
24 33 47 19
18 12 19 45
14 15 32 41
49 42 6 38
10 6 46 18
10 31 31 37
26 17 31 37
42 47 5 24
24 34 32 32
9 26 35 39
47 47 34 37
16 16 28 40
5 31 27 37
48 45 32 37
18 10 26 44
0 16 21 37
30 13 35 46
42 49 22 23
6 33 45 5
20 23 34 34
2 28 30 20
19 27 32 38
5 31 23 38
15 30 43 6
9 32 31 39
43 48 44 31
48 48 47 23
25 16 44 13
0 30 18 34
13 31 42 7
8 12 22 42
6 31 49 49
49 48 41 41
17 16 42 7
23 16 32 31
24 27 28 36
28 46 22 36
7 32 33 15
4 34 34 34
14 10 41 12
13 30 39 36
26 28 8 44
12 19 30 35
4 19 42 34
41 45 31 44
26 38 31 33
1 37 40 3
20 22 16 31
8 36 32 39
28 24 44 38
45 49 33 37
5 26 18 36
12 9 31 37
2 20 12 49
23 21 45 15
43 49 36 35
20 43 38 42
8 21 5 44
13 34 7 20
7 30 29 38
36 23 11 27
3 35 36 36
23 5 42 2
2 26 14 30
20 10 20 22
42 40 32 35
37 34 41 27
12 22 34 41
4 25 32 35
0 23 43 8
14 23 48 20
25 21 30 40
28 14 31 28
5 31 35 40
20 43 28 33
13 31 36 16
3 36 10 47
2 30 49 37
4 34 36 40
23 13 26 34
0 32 23 44
4 38 38 38
12 7 41 7
37 21 30 23
18 7 37 40
48 49 19 39
1 4 23 28
4 29 47 29
12 29 14 36
6 31 38 25
28 23 47 27
13 12 23 48
4 30 11 27
47 43 30 33
9 27 46 6
29 14 28 37
26 24 28 41
31 14 27 37
1 27 47 13
2 31 48 18
3 31 19 36
40 40 48 6
32 24 30 41
17 22 26 40
1 32 29 42
12 27 47 10
4 9 38 39
25 38 8 37
5 26 35 39
18 11 8 48
7 21 21 43
3 30 42 21
20 20 47 4
7 35 23 32
7 33 31 39
27 26 30 34
6 33 33 39
17 22 49 7
16 13 47 13
0 29 31 36
36 43 32 38
9 6 38 38
5 26 33 34
45 31 40 39
10 0 33 36
19 22 32 38
20 21 35 39
4 34 45 16
2 29 31 32
6 26 38 9
9 31 32 38
23 13 36 8
22 22 47 17
43 42 46 9
17 20 43 11
21 20 42 47
34 19 27 40
26 25 34 36
0 34 39 33
21 11 32 36
3 32 7 48
1 4 29 38
10 5 34 13
2 14 24 36
15 31 34 35
8 29 30 41
24 22 37 41
7 8 12 44
2 22 41 5
26 14 12 18
4 25 18 36
7 19 39 18
22 13 17 36
13 21 15 43
6 35 29 38
2 26 49 8
9 11 35 36
29 0 33 34
2 28 34 41
37 33 11 16
34 18 28 48
14 13 47 35
7 13 33 34
24 28 29 37
13 16 10 42
15 11 33 37
3 18 38 39
4 18 31 18
3 30 9 37
47 37 45 21
6 32 34 39
3 24 30 41
12 29 31 37
3 6 38 4
1 34 25 38
6 30 40 35
36 18 6 25
26 37 37 44
6 30 32 43
33 32 44 4
4 3 29 37
12 18 30 37
7 24 45 21
46 45 38 40
3 30 47 3
3 35 32 36
11 13 34 39
8 38 26 32
11 31 7 24
2 28 35 26
4 27 14 16
8 33 6 28
33 22 20 40
8 38 42 7
34 14 47 19
9 33 29 17
21 44 1 25
18 7 16 14
14 14 42 44
33 20 34 43
18 29 32 41
1 33 30 27
5 21 26 37
26 22 30 34
25 4 36 39
18 47 29 18
4 29 31 38
19 9 27 36
12 15 25 42
18 13 39 39
40 47 49 17
4 35 34 34
5 29 46 19
0 9 18 35
8 24 47 19
19 22 35 34
26 34 32 37
5 15 29 43
14 34 40 10
3 24 45 7
32 21 27 37
1 30 49 16
28 19 46 42
42 39 44 27
11 30 39 0
12 12 40 38
13 1 47 19
4 25 3 18
3 35 46 18
4 31 34 36
1 25 47 21
14 27 30 39
3 13 10 42
22 19 33 42
6 13 38 8
7 30 49 17
35 5 47 25
6 11 19 25
46 47 34 44
10 28 44 1
44 49 45 28
43 44 43 38
15 33 34 35
12 33 35 36
8 33 10 14
26 16 31 34
45 44 33 30
17 29 42 10
21 14 22 38
6 26 11 27
2 22 36 43
21 29 33 37
4 3 46 10
18 13 21 34
24 45 21 19
3 27 41 47
22 15 35 31
28 42 46 8
5 33 38 12
27 32 42 10
5 37 43 27
25 13 39 10
2 30 14 33
40 37 30 37
18 38 34 37
41 46 35 37
5 34 36 38
34 20 47 14
6 33 14 32
2 35 48 23
5 2 28 37
4 14 30 35
25 27 34 35
23 27 31 41
17 35 30 38
19 26 44 13
8 7 5 18
0 7 36 35
21 27 36 35
7 20 29 41
44 38 31 38
20 22 30 40
3 32 34 40
28 24 16 46
2 28 32 39
12 15 29 37
41 13 31 34
23 37 29 37
32 7 42 17
1 31 49 11
9 9 32 34
9 33 32 7
15 23 46 17
8 25 47 35
19 22 32 40
1 28 48 20
26 14 44 37
22 1 32 35
4 31 3 41
3 18 43 21
17 19 32 38
6 36 30 38
3 25 34 34
36 10 9 30
2 34 44 11
28 18 4 31
