50 114 17737 800
8 19 9 5
33 8 14 5
10 14 36 39
9 14 15 21
0 1 13 18
33 21 31 35
4 26 16 14
28 23 42 27
9 13 18 18
19 18 26 18
2 28 38 15
43 24 17 43
10 15 30 14
25 20 12 8
24 15 35 34
13 6 4 4
21 17 37 2
37 27 1 8
4 32 27 5
1 14 11 43
13 33 17 14
39 25 32 5
39 19 11 11
43 22 41 13
1 8 31 15
47 40 37 13
4 18 29 8
39 28 22 42
16 25 29 26
34 24 7 25
40 24 14 9
30 20 26 15
20 6 34 13
39 25 15 12
28 23 19 19
21 23 35 35
45 28 5 24
11 2 36 1
8 34 36 16
43 22 7 39
3 16 17 18
37 19 13 6
33 33 37 36
36 31 35 18
16 19 22 44
43 25 2 23
48 22 31 19
47 18 33 33
11 39 44 19
41 30 46 11
16 22 3 40
41 16 34 26
13 20 20 11
41 28 34 27
23 7 13 1
35 23 40 39
6 12 11 20
8 7 46 4
15 0 44 26
20 25 31 18
40 21 37 3
49 23 25 25
44 28 34 14
46 23 44 20
2 16 34 24
13 29 8 46
43 17 27 2
18 24 22 14
40 33 6 24
3 33 19 49
4 9 23 38
8 13 8 8
13 30 40 24
45 34 41 12
44 24 9 18
10 20 37 12
2 24 22 14
16 26 37 22
41 18 41 12
41 33 41 9
36 24 8 27
13 13 30 18
15 31 33 26
44 9 36 10
34 38 37 13
15 23 20 12
41 24 10 39
0 21 27 15
39 27 12 46
11 10 23 22
39 13 26 5
10 12 10 23
22 32 36 5
41 18 14 44
44 25 22 13
5 13 22 5
22 30 37 11
40 32 38 0
46 18 46 6
48 8 16 13
49 15 40 22
9 13 32 24
37 17 29 14
41 37 27 36
48 22 36 2
6 29 18 40
12 12 5 16
47 17 13 16
45 25 17 9
45 29 18 13
48 22 37 5
0 11 36 38
34 9 36 0
14 13 30 10
