50 177 14568 800
36 21 23 7
43 41 43 2
23 32 19 25
22 43 4 11
38 25 21 28
19 37 43 25
20 6 37 23
27 12 34 9
23 29 43 38
10 25 31 30
35 39 24 1
30 31 20 33
31 18 32 3
19 13 19 26
33 34 39 32
16 30 2 7
30 44 21 30
45 23 1 15
15 15 26 25
19 14 28 8
48 14 38 24
0 46 45 42
41 14 39 25
23 11 35 14
1 36 37 21
26 10 15 5
28 25 21 17
28 45 23 29
28 28 38 26
22 36 46 3
21 43 23 30
16 25 45 16
11 35 17 12
23 8 36 30
30 13 16 28
38 26 49 20
23 4 33 35
18 18 30 1
44 39 9 25
6 4 42 28
14 35 37 25
25 12 34 41
17 8 29 20
33 29 38 38
28 9 18 21
33 8 26 28
25 41 35 22
18 35 16 11
35 44 5 7
0 44 24 25
28 36 13 12
28 14 48 48
29 39 21 26
48 19 31 21
15 13 26 20
21 15 32 26
28 4 41 18
30 5 33 33
28 38 33 3
25 31 44 39
20 9 28 28
23 33 36 22
41 34 22 6
7 46 18 27
13 39 23 31
36 46 35 6
23 34 19 30
29 45 24 25
17 11 25 39
25 19 45 18
9 31 28 27
23 10 25 27
17 13 11 8
33 40 33 9
28 33 29 23
14 9 23 31
18 39 16 4
36 38 20 32
17 34 20 31
33 13 41 24
10 30 36 8
22 30 39 16
25 9 24 25
15 17 38 16
23 13 37 34
18 6 33 13
41 22 38 30
34 18 46 38
24 39 24 8
38 20 33 10
12 21 14 0
3 29 49 34
19 47 31 10
13 35 18 12
27 12 20 29
0 31 26 30
19 19 12 5
39 5 46 19
33 42 29 18
38 35 33 29
29 43 38 30
27 14 45 9
24 35 43 22
28 29 21 29
20 5 49 32
15 14 20 5
34 48 26 23
30 4 18 29
27 16 8 3
29 43 18 29
16 14 22 28
16 44 41 8
36 27 30 24
24 11 20 5
21 5 46 14
25 32 30 1
26 13 37 16
24 3 36 4
36 4 33 15
46 23 19 8
2 5 45 20
33 34 49 30
8 39 18 30
2 13 38 35
14 38 34 2
26 0 43 16
25 44 46 47
49 29 37 19
17 23 34 9
34 45 41 37
17 6 46 37
15 11 21 8
23 9 43 19
44 8 33 0
20 33 21 22
20 8 45 38
22 34 27 30
23 38 26 9
48 22 40 28
46 14 35 23
21 19 36 19
0 49 17 12
10 18 35 27
29 38 21 31
36 17 38 25
23 38 22 13
30 29 48 35
17 42 49 37
34 45 22 26
20 37 4 24
20 31 37 4
37 47 43 29
43 36 33 20
3 12 26 21
27 35 26 26
15 18 33 17
19 1 24 25
22 4 13 4
20 15 44 27
24 25 9 10
37 16 29 21
2 21 24 32
17 44 19 23
19 28 48 41
21 19 49 26
28 40 47 14
19 16 14 32
22 47 41 43
6 47 33 26
43 27 15 27
17 47 45 41
15 5 45 5
12 44 41 15
22 9 18 5
39 28 23 4
47 27 37 22
17 9 38 31
