50 1478 18857 800
12 23 1 21
30 14 7 38
39 34 1 22
10 43 3 20
38 6 24 29
6 7 3 27
37 16 31 23
21 23 17 45
6 11 3 34
0 15 15 20
4 3 21 34
38 13 48 39
36 31 13 33
15 3 3 21
9 43 41 13
18 44 3 25
36 38 1 47
0 46 22 14
18 25 3 19
39 34 1 23
4 28 35 24
39 8 0 17
35 37 22 38
33 37 23 34
3 9 0 19
34 36 18 7
13 12 8 27
2 14 1 24
1 3 2 26
8 4 40 30
33 16 5 18
4 16 39 3
10 8 7 22
34 10 19 30
13 42 5 19
33 35 7 43
16 4 21 9
15 45 27 40
34 43 6 22
25 40 2 24
8 12 22 48
2 10 12 13
18 2 22 16
2 32 3 22
15 8 2 26
22 6 4 24
7 6 28 43
11 6 5 35
3 12 43 3
4 33 3 20
18 12 3 24
24 13 23 5
10 22 0 24
20 32 43 1
32 5 2 18
15 14 4 26
17 33 1 24
12 39 30 36
18 41 12 21
15 8 1 20
11 18 25 39
30 12 12 46
10 33 11 40
8 25 1 28
32 32 19 14
31 38 20 47
13 8 1 21
23 48 26 16
36 14 22 27
6 0 16 13
25 0 39 17
15 49 0 20
11 48 6 22
10 12 2 23
13 41 3 24
25 46 24 21
38 38 48 2
20 3 12 24
13 0 2 21
8 43 44 6
37 3 47 32
7 27 3 25
9 46 9 23
7 43 1 25
29 15 13 30
18 40 7 25
5 37 17 12
10 16 3 25
37 13 27 35
3 31 16 15
13 44 18 33
25 26 4 18
14 26 3 20
8 9 4 22
39 30 35 5
35 14 17 33
34 5 14 43
17 6 6 36
48 16 38 25
35 16 0 16
17 8 13 29
8 46 16 22
25 33 31 44
17 21 13 16
32 2 12 36
13 37 1 23
10 32 23 17
8 6 4 21
22 12 3 39
7 25 2 40
9 4 11 28
36 10 2 35
7 12 25 42
12 41 19 43
0 11 7 31
17 48 42 43
13 41 17 35
36 39 21 40
18 49 14 40
21 23 5 23
18 7 17 14
30 10 5 49
21 49 15 49
17 48 4 26
22 4 16 43
22 1 1 19
7 38 2 24
11 19 38 31
36 36 4 21
33 14 27 38
39 11 26 19
27 3 0 29
12 5 6 22
17 1 20 33
18 0 1 25
16 14 10 47
33 13 19 19
4 20 20 9
15 26 30 49
5 35 26 0
16 20 3 47
5 48 0 46
6 28 14 38
6 21 41 23
30 37 15 38
10 28 27 4
14 6 2 19
34 18 8 25
27 13 1 45
3 14 5 30
17 6 35 19
34 41 16 2
37 40 20 43
30 16 40 0
29 34 3 22
34 36 15 34
18 7 21 5
19 23 14 49
49 22 3 20
35 35 22 24
17 48 18 19
8 9 3 19
11 46 16 11
1 7 6 26
6 16 41 35
38 32 22 36
14 42 22 14
13 44 48 4
7 40 32 20
39 36 5 44
18 5 38 0
12 4 12 32
7 14 1 25
16 37 5 17
7 4 3 35
8 2 7 31
2 9 9 21
4 35 10 46
4 20 6 33
37 18 0 26
4 12 8 42
13 40 34 12
7 7 6 47
25 6 4 24
32 13 4 35
33 38 6 31
31 16 36 37
9 48 2 29
32 28 17 17
25 9 15 15
8 14 5 22
14 2 41 1
0 34 0 21
13 1 15 9
36 15 17 29
22 12 5 22
20 8 7 9
1 31 1 21
27 12 46 8
28 4 45 6
1 14 40 3
31 9 0 44
28 13 7 31
34 35 16 38
20 37 6 19
22 42 20 31
10 21 30 45
3 20 17 30
35 37 1 22
13 4 6 23
41 37 7 25
13 38 5 25
37 36 12 47
22 1 4 25
17 5 7 24
49 30 10 26
21 43 13 32
2 18 3 23
47 25 16 28
12 9 34 40
4 15 4 34
1 13 9 41
13 28 18 41
2 32 21 12
23 42 46 17
18 44 4 25
14 14 31 4
48 9 13 48
15 40 11 32
38 17 14 21
6 12 4 22
10 1 9 31
15 14 18 37
16 4 9 38
17 14 2 23
11 29 3 22
4 26 30 47
9 33 9 23
35 8 32 32
34 8 6 20
36 38 7 38
33 14 0 23
34 36 0 32
30 40 9 20
18 49 6 15
9 42 32 28
2 45 40 10
34 17 7 22
48 14 25 18
27 14 42 3
13 8 12 24
25 37 29 7
16 33 34 3
0 16 0 22
13 48 8 43
19 7 15 16
25 1 14 15
19 4 4 21
9 20 12 47
45 11 8 33
6 26 2 23
31 8 6 32
4 2 45 13
19 6 0 26
23 33 10 16
1 3 16 46
7 34 2 29
25 4 15 21
17 49 20 34
35 35 21 43
37 25 8 22
23 0 12 13
19 6 17 21
2 5 16 49
5 9 2 23
33 15 13 38
3 8 49 10
45 25 9 45
10 29 5 23
19 1 6 27
2 29 8 30
38 10 8 36
12 8 3 23
7 31 5 20
24 12 16 32
32 34 10 33
17 5 12 21
13 6 15 39
9 35 46 9
1 16 5 20
7 5 21 35
15 41 2 12
15 22 2 24
18 15 20 38
43 16 44 47
34 11 0 29
27 18 15 26
10 11 6 24
1 40 2 27
22 41 19 31
48 28 12 36
32 17 5 19
25 18 15 43
48 28 13 42
8 15 27 40
11 31 12 45
5 12 3 48
16 21 17 43
15 44 31 2
11 12 6 29
16 45 23 17
1 26 44 3
10 38 0 20
21 16 12 5
4 9 0 28
4 10 23 32
8 26 17 43
25 41 4 28
21 14 0 45
3 24 32 34
1 26 42 1
40 36 15 32
21 13 9 17
7 48 0 30
14 5 19 47
11 35 10 24
30 8 9 37
34 41 10 47
15 0 6 29
39 39 8 15
9 13 0 48
14 45 6 27
9 18 13 20
21 5 10 38
8 23 4 22
44 26 4 19
19 36 9 44
9 8 18 29
5 5 25 4
1 13 3 26
11 10 19 19
1 11 14 30
2 26 1 19
31 10 2 20
34 14 39 9
41 10 4 43
3 38 2 26
11 4 7 35
2 45 2 22
3 46 17 12
11 13 15 43
26 13 11 45
10 1 4 42
4 10 18 40
35 11 4 20
18 47 45 20
9 10 12 12
13 15 40 39
46 25 18 33
1 12 45 6
36 36 16 48
16 33 14 24
12 15 4 22
29 13 2 2
9 25 15 49
18 48 35 30
10 18 2 29
27 45 2 23
8 10 19 27
9 15 23 15
25 11 4 34
32 37 0 29
30 14 4 38
48 19 5 47
29 17 31 27
46 20 41 7
31 37 6 15
9 20 6 23
38 37 1 21
43 14 49 5
10 46 40 4
31 2 48 6
17 8 46 10
15 46 1 30
0 5 7 41
31 12 1 24
18 45 14 17
35 37 46 11
17 43 23 12
34 11 8 40
32 12 3 25
49 22 48 11
2 42 35 2
25 21 44 23
29 20 9 36
15 42 1 23
14 48 38 31
15 16 5 23
18 18 2 21
1 13 16 33
21 35 15 19
2 43 7 23
28 39 4 32
8 31 34 2
12 41 1 25
33 16 1 26
33 39 9 20
31 46 3 49
13 7 4 24
31 20 9 16
37 34 16 21
6 9 9 17
4 34 14 17
11 26 17 6
10 1 3 28
4 3 8 43
4 35 25 7
17 1 8 49
32 12 3 18
15 33 11 29
11 43 1 20
38 19 8 44
8 1 4 22
27 22 32 18
32 32 23 12
21 4 9 14
28 15 13 14
4 19 17 43
16 32 5 17
5 10 3 21
19 15 26 48
7 17 11 15
22 8 0 23
7 7 24 36
21 13 45 8
14 49 0 20
12 46 30 17
13 4 19 46
38 15 8 27
37 36 3 22
35 10 4 23
48 18 47 3
12 10 3 38
10 27 43 28
39 35 3 19
27 14 13 35
16 20 46 24
0 36 4 22
32 12 22 37
15 29 3 27
28 23 20 46
35 10 5 26
3 44 29 34
35 36 3 26
8 28 9 34
12 49 2 27
31 6 11 14
34 5 42 25
33 32 7 36
3 22 14 20
42 37 3 27
15 11 3 26
37 11 4 19
2 4 18 9
25 0 7 25
38 14 11 11
23 35 16 5
15 39 18 24
18 3 1 22
4 3 3 21
8 43 3 41
38 37 18 31
4 19 3 31
14 13 42 2
2 4 5 26
22 5 5 27
31 17 3 35
31 14 16 41
13 21 5 26
31 12 2 23
35 39 26 35
16 0 32 20
23 7 14 41
9 44 16 9
34 32 4 25
5 0 5 33
16 1 1 16
27 1 14 17
10 14 2 16
38 39 9 9
39 37 1 27
9 38 6 27
29 15 20 23
37 15 9 14
17 40 2 25
8 38 20 36
16 44 19 29
44 21 2 27
9 39 7 19
7 47 13 35
13 10 5 20
27 12 5 20
6 25 14 17
49 19 32 38
25 40 5 27
17 2 35 38
45 19 4 14
12 15 16 42
11 13 2 45
1 16 4 25
38 41 6 25
13 1 5 25
20 2 22 36
38 40 5 37
17 0 2 31
42 11 35 33
32 32 18 16
21 6 16 39
7 17 0 21
14 29 27 37
11 0 7 39
10 1 1 26
16 8 31 30
4 29 33 41
38 34 5 20
23 4 23 14
36 14 24 49
26 17 33 19
19 45 3 48
38 21 4 26
36 37 2 20
21 48 6 20
19 9 24 11
14 48 0 29
29 48 21 41
37 14 11 29
17 9 31 34
4 11 1 20
5 32 4 28
7 13 13 28
11 49 11 27
16 38 6 27
39 12 4 32
37 18 1 22
15 35 17 43
28 12 34 16
22 13 3 18
4 22 1 12
32 33 2 20
25 7 16 15
26 42 1 14
3 12 37 22
34 38 39 2
9 30 28 28
34 17 20 45
41 24 24 44
14 34 10 42
0 15 12 16
7 12 21 5
17 29 44 27
39 40 17 24
18 46 13 17
30 29 45 16
7 6 25 13
2 2 1 22
11 40 0 24
30 35 0 41
36 32 4 39
23 3 10 12
4 3 5 24
5 42 13 16
34 38 17 39
8 38 5 26
4 5 4 16
21 16 6 27
11 8 12 35
36 35 2 33
22 11 4 27
27 9 28 26
38 36 30 34
28 41 5 22
31 33 18 29
2 40 7 40
18 4 20 33
12 4 5 27
43 19 41 5
20 0 45 2
46 14 8 48
31 5 15 19
30 9 4 22
0 7 2 34
47 29 23 49
9 44 17 24
17 47 1 21
26 5 10 8
9 20 0 26
15 7 22 24
18 6 48 3
17 44 20 31
1 46 16 18
19 7 7 48
36 32 11 21
24 9 21 37
16 29 29 15
46 24 12 36
17 3 0 25
13 38 24 35
36 18 7 25
21 8 2 18
25 11 3 22
36 38 5 19
20 1 6 27
41 34 19 34
14 2 44 40
0 35 16 16
34 34 0 26
45 14 23 17
9 39 1 20
36 14 12 42
33 40 19 39
11 1 6 47
10 0 11 10
43 17 21 19
7 44 12 34
9 37 33 30
11 37 6 22
4 18 6 40
35 31 4 25
44 15 4 25
5 32 15 40
27 5 7 20
33 37 0 21
9 9 1 24
3 39 22 40
34 16 13 34
19 39 4 18
25 27 18 27
8 4 21 26
41 25 7 39
9 4 6 40
5 22 2 46
18 41 11 40
36 35 7 46
0 34 2 28
9 14 2 24
23 47 35 49
34 15 5 24
22 3 26 26
33 20 4 17
5 14 3 38
17 10 3 22
11 3 7 25
35 35 22 41
34 37 26 41
49 18 1 22
47 10 8 36
17 43 12 19
34 35 8 46
28 13 7 41
36 37 1 27
18 5 30 41
47 18 19 40
10 42 26 46
31 38 15 41
27 8 3 19
11 4 14 14
39 17 5 42
10 0 21 48
40 31 15 14
19 5 9 36
11 37 2 36
28 17 4 24
4 12 1 22
26 9 14 25
3 15 0 20
38 10 1 40
13 1 15 38
8 3 25 46
7 4 15 32
36 33 29 40
7 46 18 38
37 34 37 23
36 40 4 43
4 24 5 31
36 34 22 37
6 34 10 16
16 5 11 45
16 45 4 26
8 20 6 34
9 46 21 24
19 8 10 24
36 11 25 36
15 4 0 21
16 6 25 37
21 2 3 27
36 3 1 26
33 8 24 40
14 10 40 8
5 42 15 45
24 23 44 1
38 36 14 13
6 31 4 26
32 20 1 17
32 6 33 22
24 1 39 32
9 43 40 24
8 45 31 12
8 19 36 25
46 27 43 35
11 37 14 11
20 7 13 10
16 40 44 19
18 2 39 3
34 13 16 14
14 0 28 29
6 2 34 40
41 41 16 19
6 42 16 21
2 24 10 44
20 49 5 31
16 7 25 10
37 18 13 20
12 41 12 25
3 35 32 46
18 43 0 20
31 12 7 28
35 21 19 12
2 37 2 29
32 12 17 42
15 31 6 21
37 9 5 21
47 21 22 8
15 4 20 27
12 15 14 49
0 5 37 23
14 28 23 27
7 38 9 34
37 33 5 19
16 11 16 21
31 14 1 25
26 32 22 35
13 5 5 23
47 20 8 26
29 35 2 22
29 14 24 38
17 14 2 21
33 37 1 42
36 33 1 20
34 34 12 32
16 15 23 43
7 5 3 20
10 7 11 40
1 44 21 35
26 18 5 18
8 32 2 26
32 35 6 40
12 1 0 25
16 8 4 22
31 9 18 38
22 15 5 23
4 23 1 30
13 47 34 40
34 19 18 44
7 7 5 46
34 12 27 6
19 35 29 10
14 5 6 35
38 33 3 20
15 1 3 23
4 24 4 44
18 3 34 38
46 23 5 21
1 18 3 24
33 13 16 34
6 23 2 35
26 4 1 22
8 26 3 22
5 2 8 15
22 32 13 13
23 9 7 40
27 43 4 26
38 38 5 38
17 0 0 22
24 25 10 31
36 34 16 13
47 17 42 34
28 22 12 42
1 47 0 25
9 10 13 17
31 29 2 38
28 10 44 39
20 15 5 28
11 6 7 36
17 49 20 26
30 12 1 17
35 16 9 47
0 8 20 34
7 17 4 27
13 12 25 41
30 36 21 8
31 40 4 30
7 48 28 47
9 20 15 33
9 46 16 44
35 37 6 49
26 14 40 7
10 6 3 29
13 0 35 14
10 45 17 40
7 39 7 33
18 11 31 32
6 1 5 22
40 10 8 33
15 45 5 31
19 7 4 24
35 37 17 9
12 8 25 22
33 16 2 46
9 28 38 2
0 44 33 11
24 9 1 22
7 1 2 38
30 39 23 20
0 49 9 20
18 40 7 18
18 5 46 23
7 2 1 23
38 12 12 41
10 41 10 31
14 17 47 8
16 22 0 21
10 1 3 49
9 5 39 31
27 6 18 7
17 29 42 23
9 24 7 21
45 22 46 2
39 6 15 16
37 7 22 8
2 15 2 25
29 28 5 22
34 32 40 11
7 3 14 14
10 42 2 17
35 14 11 15
32 20 5 31
5 35 12 19
9 10 12 31
32 39 2 30
16 29 20 28
12 0 7 16
16 10 30 39
17 43 10 37
30 5 10 25
18 3 15 15
34 35 29 22
2 46 12 5
36 40 6 21
3 41 0 19
7 1 8 19
1 25 29 13
15 5 15 16
9 1 1 20
17 9 4 28
34 31 22 0
17 32 21 10
7 28 16 37
12 10 15 36
37 8 37 3
13 1 13 41
34 34 2 19
0 36 1 19
15 21 31 41
9 33 28 23
12 38 2 6
44 25 21 44
28 1 45 12
33 38 25 0
1 44 17 14
3 40 10 44
15 46 21 45
31 18 4 35
37 13 1 26
19 3 26 24
16 0 0 18
3 0 11 0
0 9 1 23
17 30 4 26
34 1 16 22
16 17 12 39
10 5 3 23
6 2 2 41
4 6 9 20
17 9 9 40
6 1 28 19
25 37 15 38
33 11 1 21
13 6 3 35
22 0 29 3
14 7 3 24
36 32 1 21
36 34 1 29
19 37 2 41
15 8 6 27
4 15 31 5
15 24 10 37
6 43 0 28
1 39 0 19
35 36 1 29
11 2 6 41
17 1 5 27
11 42 1 24
1 15 12 15
15 25 26 14
18 10 27 33
11 0 33 18
9 17 31 20
22 6 5 23
11 21 2 27
5 23 12 38
25 47 9 24
26 43 1 35
6 45 40 33
3 12 28 29
22 0 7 22
19 3 26 25
22 1 12 48
11 1 17 16
34 36 13 17
22 4 30 18
15 9 6 37
35 33 3 23
6 0 3 21
6 13 19 48
32 33 0 24
17 39 5 24
37 33 1 40
49 22 28 45
3 13 10 37
5 24 0 20
12 10 8 14
35 10 24 7
31 13 39 10
18 46 9 23
29 34 26 19
13 10 0 23
13 12 1 22
9 17 8 44
15 42 6 26
15 4 1 23
26 3 47 2
30 26 12 14
8 3 10 13
12 0 8 17
20 30 2 24
13 17 40 3
38 35 15 19
0 22 16 30
22 1 13 40
8 27 17 45
29 3 4 27
26 24 6 25
26 11 45 6
14 36 2 22
35 19 39 4
10 5 1 24
13 26 43 26
3 7 7 27
16 31 4 49
14 14 12 28
25 30 3 24
15 9 2 21
46 15 11 37
27 34 24 49
7 10 5 24
4 45 16 29
31 12 20 48
27 10 29 41
24 41 25 49
48 33 10 22
9 44 9 25
16 47 34 19
15 5 28 19
33 11 5 22
26 16 13 14
7 9 16 21
45 16 25 11
7 27 10 48
34 38 3 21
21 5 5 26
11 8 20 8
11 41 21 10
38 32 13 39
38 11 5 32
28 14 9 30
9 17 26 18
16 1 3 20
43 20 3 22
15 3 1 17
16 0 12 21
18 10 11 39
48 17 4 25
21 23 9 39
37 14 1 18
32 8 9 27
27 6 13 45
11 4 15 11
11 1 6 38
14 3 8 46
26 13 2 21
6 25 0 25
32 15 2 28
4 38 25 21
37 37 14 18
31 42 47 0
13 23 15 0
3 12 16 41
33 14 5 23
47 18 13 19
19 10 9 11
35 14 36 18
22 18 36 32
17 44 3 23
48 17 20 36
48 27 43 27
33 34 4 42
42 39 9 29
22 1 0 32
9 44 0 26
14 30 1 46
23 16 12 21
13 19 19 26
35 31 9 17
32 35 14 10
37 34 0 27
38 35 2 46
36 37 6 8
3 14 26 22
21 5 30 9
26 46 5 24
28 9 2 44
29 18 19 6
5 34 10 46
20 15 3 22
12 2 9 11
15 40 15 27
6 25 2 42
15 49 22 35
27 45 3 42
38 35 20 24
17 6 23 16
10 43 14 28
34 33 8 46
48 20 0 25
28 15 5 26
10 45 1 23
18 42 11 36
15 12 12 16
35 38 42 26
38 23 25 26
45 22 23 15
19 28 18 34
5 48 3 19
19 18 4 27
11 37 34 31
40 37 25 10
36 35 13 15
42 15 40 9
36 17 2 45
14 14 39 14
12 13 48 10
21 39 3 23
16 39 9 25
45 26 27 39
13 19 4 21
10 43 14 23
6 43 8 15
36 34 15 10
6 29 5 20
20 2 17 38
6 10 39 12
13 33 15 39
48 17 38 7
21 49 30 42
13 9 2 35
8 43 10 9
14 20 16 31
29 13 47 2
38 14 1 25
12 19 2 22
35 15 5 24
15 1 6 22
29 17 16 16
33 14 37 37
38 34 7 23
3 9 4 36
48 21 25 26
25 20 12 42
18 49 21 13
6 4 48 8
45 13 7 48
20 38 13 30
49 13 18 48
15 10 21 36
0 34 0 22
16 8 43 2
12 48 17 16
29 3 7 24
37 28 44 12
19 46 17 33
11 11 9 39
2 16 2 31
22 12 23 27
34 34 33 26
5 22 27 24
20 3 1 48
24 2 35 10
21 49 15 11
2 15 16 41
16 3 4 25
45 24 17 37
13 8 17 41
11 6 8 39
20 8 4 20
3 28 26 37
22 6 13 48
37 10 2 24
4 11 1 21
23 8 31 24
33 37 7 40
30 6 27 0
18 11 14 40
25 35 0 21
10 41 16 12
1 35 5 27
6 1 9 26
9 10 7 28
48 20 1 30
33 11 27 32
36 36 5 21
18 37 26 27
12 41 12 12
34 36 21 40
5 5 19 11
14 7 23 44
14 37 10 30
24 27 4 16
29 4 2 24
39 37 15 34
18 13 37 22
27 43 5 24
21 38 2 25
18 9 1 22
12 33 13 41
8 22 32 42
36 19 2 25
38 39 11 45
20 27 3 21
18 4 26 24
17 15 3 34
2 26 5 16
47 11 6 32
11 7 8 27
21 5 4 33
32 10 16 23
19 15 6 22
21 8 19 32
12 31 1 41
14 10 25 47
33 9 35 2
20 4 7 25
32 37 18 16
15 11 35 11
37 33 23 6
14 11 24 14
35 35 14 21
37 33 20 9
31 6 3 25
10 39 0 49
13 0 3 25
34 16 11 42
28 11 2 38
35 8 25 36
18 12 17 36
35 39 9 17
9 9 10 29
29 14 29 25
32 8 8 36
7 36 17 10
1 20 14 45
37 32 16 44
36 32 9 39
3 26 26 47
8 44 17 39
48 19 5 18
24 28 2 25
15 6 8 31
44 22 4 17
34 32 23 41
37 13 5 34
11 35 28 14
37 38 18 35
35 11 0 25
7 0 5 48
31 17 22 12
28 8 2 22
4 27 30 6
30 23 19 11
10 15 36 15
33 12 4 25
8 49 6 19
39 23 6 18
35 14 29 9
13 9 15 38
8 36 6 19
33 35 21 14
5 25 1 23
20 5 3 28
32 38 9 13
41 12 18 32
23 46 5 47
39 34 38 30
23 13 27 33
2 26 6 22
35 35 8 42
27 35 14 49
18 18 20 32
18 30 0 25
30 31 1 25
7 40 1 22
12 48 0 24
1 45 5 14
30 16 11 45
22 1 2 18
12 11 7 21
10 3 29 39
12 7 10 15
45 20 10 14
25 8 10 15
14 0 1 22
11 32 31 26
20 4 10 24
17 42 18 29
35 32 14 12
9 8 24 28
8 14 1 26
12 8 0 22
13 0 0 23
3 9 12 12
11 29 16 30
15 7 5 22
38 11 17 49
12 28 5 28
39 16 1 23
23 4 16 12
4 19 2 23
32 9 4 39
21 15 12 38
44 24 18 20
33 10 6 26
1 39 25 44
34 11 8 39
19 33 38 9
6 28 25 16
1 1 41 3
4 12 44 18
40 14 33 37
29 16 20 44
14 30 2 24
2 38 9 42
14 13 0 27
36 37 2 22
23 8 12 35
28 15 12 12
15 1 0 24
5 40 4 24
6 6 17 38
14 46 0 47
23 0 15 23
3 32 10 38
25 32 15 23
35 36 4 22
12 2 3 34
38 31 6 19
8 12 3 39
38 18 32 37
20 34 0 26
15 37 23 4
35 12 16 21
16 45 15 40
0 36 17 10
22 10 40 42
3 19 33 8
5 23 47 4
37 13 27 2
15 15 38 30
20 8 2 23
12 11 3 25
39 29 21 8
4 13 11 28
30 37 4 23
44 46 19 3
18 3 43 26
16 49 13 17
37 14 15 45
18 2 5 21
5 37 11 25
36 36 3 25
3 11 7 44
36 12 39 9
20 5 7 47
14 6 22 40
1 10 19 17
25 35 14 20
35 14 1 19
18 9 12 29
11 1 3 23
36 11 36 44
29 17 0 22
47 21 22 47
34 38 0 25
26 29 20 14
32 18 3 22
10 27 3 29
48 26 39 10
9 7 14 15
21 47 1 29
37 37 15 49
11 6 16 45
18 41 1 26
4 14 26 32
1 17 3 42
36 37 26 44
20 8 4 30
14 1 5 26
31 32 7 21
20 5 9 30
11 11 5 38
26 2 2 19
9 10 5 18
0 3 16 19
36 30 3 26
9 31 7 47
14 0 13 6
1 9 2 26
38 39 3 29
11 5 40 17
23 15 5 23
23 12 4 20
6 45 45 4
23 5 8 23
34 34 4 22
37 36 41 17
13 10 1 23
38 33 21 39
24 39 3 38
28 29 16 33
4 18 14 40
30 16 2 26
17 20 35 36
0 9 29 29
5 26 18 42
18 45 32 21
21 3 41 27
44 21 14 48
33 12 14 43
34 19 20 20
18 9 7 26
3 0 47 16
12 6 12 13
38 34 3 22
8 35 7 22
19 8 4 18
3 29 3 21
36 39 1 28
16 30 5 24
38 19 41 14
2 18 0 32
22 8 7 24
39 9 18 32
3 28 37 34
31 1 4 20
12 3 7 31
15 34 0 29
18 45 17 18
26 34 17 16
17 5 42 27
40 12 15 15
34 19 3 36
8 41 1 38
9 47 10 42
38 37 3 22
2 8 22 26
13 8 6 42
13 13 20 40
37 32 8 47
6 26 3 17
9 19 11 36
13 25 28 12
38 36 2 19
14 43 25 3
8 31 4 26
32 36 5 17
38 34 37 23
42 32 13 19
1 12 35 35
2 13 15 43
24 13 5 26
46 26 5 44
23 22 13 12
39 38 1 25
25 5 2 48
14 39 34 12
8 45 13 27
2 11 4 27
18 40 10 15
28 17 11 40
22 4 45 47
10 15 8 22
37 14 35 18
21 4 2 23
43 11 5 24
2 23 32 43
14 11 3 18
21 44 4 23
26 6 17 25
27 25 9 6
13 4 24 43
10 13 1 43
34 14 12 34
12 16 10 21
31 35 14 37
1 47 9 19
12 12 3 30
13 30 21 30
47 20 3 25
29 46 11 35
10 6 47 20
10 20 6 48
35 32 35 12
12 28 35 3
22 6 2 34
16 8 11 19
13 21 1 26
1 40 48 11
19 12 15 44
26 27 15 44
33 34 19 11
40 12 4 32
6 10 27 44
46 24 1 21
6 47 24 45
25 37 35 39
16 1 11 46
2 23 44 8
19 9 1 25
27 34 1 24
1 40 7 19
13 11 2 23
20 6 11 17
29 11 23 41
29 19 5 21
32 10 1 24
36 32 29 14
33 37 8 12
22 47 6 22
38 34 1 19
19 49 6 25
32 17 16 7
20 8 1 26
0 15 9 20
18 1 3 23
15 21 9 11
30 40 27 49
18 12 35 0
38 9 6 26
3 18 12 13
31 9 18 9
