50 186 15458 800
1 26 5 20
38 21 32 18
35 24 28 7
3 8 47 25
8 4 46 49
37 19 20 46
5 6 16 36
19 18 2 37
6 23 10 3
25 13 2 11
39 47 27 22
7 15 12 22
5 2 18 46
11 27 36 20
34 13 40 44
40 14 45 19
24 3 39 36
28 33 28 20
34 21 43 42
41 36 31 23
3 9 10 21
36 25 38 22
30 42 15 20
46 44 14 29
38 0 11 18
34 32 34 24
25 22 9 25
42 24 8 23
29 29 17 39
30 27 22 37
6 5 7 17
7 3 14 23
25 8 15 24
6 9 45 45
35 28 9 16
36 3 43 45
33 21 42 41
38 27 18 30
3 14 41 45
27 46 14 21
28 25 12 16
19 2 15 44
7 10 4 49
23 8 26 20
41 31 46 18
48 47 37 35
41 34 29 28
30 27 7 44
9 3 17 38
7 5 20 25
48 36 11 28
37 34 37 39
25 30 49 44
3 9 4 19
6 6 29 23
4 4 35 48
44 45 9 49
7 8 4 11
7 11 44 9
28 13 2 39
4 4 40 18
4 19 43 41
6 4 14 25
4 5 7 45
39 20 5 1
5 6 40 47
0 20 7 42
37 28 14 24
38 37 32 48
29 13 35 21
32 41 40 42
34 30 7 32
35 34 28 27
14 20 7 31
12 9 31 36
40 45 23 22
8 14 36 16
9 7 37 32
3 6 28 18
48 16 19 44
33 32 33 38
22 2 22 48
28 6 42 48
33 31 7 45
4 15 18 48
33 10 14 37
32 47 13 43
24 13 3 47
28 39 33 25
2 6 8 42
32 8 4 18
10 15 45 48
36 15 42 36
3 0 39 33
41 28 39 15
34 27 8 28
36 34 31 36
5 4 45 49
21 3 2 48
30 33 8 40
7 7 42 38
21 13 41 29
41 13 25 39
34 27 26 38
47 39 13 31
24 32 14 43
36 27 36 41
45 37 15 34
34 2 48 40
28 27 30 12
38 31 10 47
7 15 14 17
9 10 45 10
30 28 4 20
7 6 49 43
38 18 29 21
30 7 29 16
41 3 33 36
41 1 31 36
27 9 0 1
4 6 0 41
7 13 4 10
7 5 45 24
42 36 5 43
49 41 26 10
13 24 39 33
38 24 48 24
34 15 21 23
8 8 48 43
3 20 45 22
8 3 1 42
15 18 44 43
25 31 18 5
39 32 5 30
8 10 7 16
9 4 6 20
3 6 46 43
42 32 15 32
30 30 15 42
33 26 43 36
0 13 37 40
33 24 29 33
30 37 26 21
41 39 14 45
35 12 18 38
33 25 29 37
19 2 45 47
12 1 8 12
3 5 5 40
7 13 12 28
38 42 1 8
14 12 44 35
33 14 16 33
5 2 30 40
24 25 30 35
4 5 36 24
37 13 36 4
9 5 15 18
49 7 0 3
0 17 17 0
37 37 12 19
12 7 0 32
35 36 7 35
18 25 49 43
44 39 49 42
6 0 35 36
14 16 5 41
3 2 10 30
38 45 37 18
8 8 12 24
28 26 39 42
32 35 6 7
27 8 36 30
22 37 10 47
27 25 5 45
31 38 31 19
12 41 16 48
3 4 25 20
14 6 26 11
39 6 1 39
7 4 29 47
24 34 25 30
29 29 11 10
1 21 4 45
32 1 12 20
5 23 22 43
