50 175 13710 800
9 29 28 48
17 22 24 24
29 34 18 10
13 40 15 29
16 27 23 2
22 13 39 28
17 32 11 11
16 24 22 17
11 15 31 15
23 25 10 45
25 18 47 23
17 38 35 9
16 27 13 30
33 11 36 1
13 16 2 45
27 21 37 7
8 12 47 17
8 46 12 48
13 19 19 42
8 4 46 20
13 40 0 37
22 33 37 29
15 32 3 6
12 22 8 14
8 39 4 34
15 16 37 14
25 7 3 21
38 33 18 6
22 43 47 21
16 38 13 49
23 24 21 16
40 1 30 16
10 20 36 10
33 1 36 15
19 15 3 38
14 22 43 22
28 19 39 11
12 24 0 39
26 45 44 14
32 13 4 14
24 13 13 37
12 24 1 34
15 17 12 44
24 20 42 1
13 4 33 5
26 16 4 12
7 35 44 1
16 43 18 11
14 26 33 49
11 28 2 34
15 18 13 13
25 15 15 43
10 42 6 48
22 18 33 10
17 9 12 22
13 26 25 1
19 30 28 30
4 22 14 20
29 11 5 10
36 21 10 43
42 11 10 30
41 39 18 5
24 6 34 0
12 24 33 18
19 32 44 31
7 19 7 39
8 44 7 13
30 18 10 32
16 19 14 9
11 18 49 13
25 11 6 38
17 26 32 23
17 32 5 26
12 26 25 0
22 19 23 13
3 36 19 21
38 14 47 18
9 43 6 19
17 8 44 19
19 33 18 43
25 18 32 2
15 23 32 18
32 19 17 12
20 35 48 18
46 27 16 14
15 23 2 39
18 30 36 6
19 34 1 7
23 31 6 45
42 16 3 39
30 23 0 39
19 28 37 4
2 17 26 11
23 33 22 25
13 23 21 35
34 36 1 37
3 8 20 10
29 26 36 1
17 20 4 0
17 18 1 46
22 36 4 37
13 21 38 21
15 26 39 2
32 7 11 38
28 17 14 27
35 43 36 2
2 40 22 29
15 39 31 11
10 18 46 15
12 18 32 2
33 16 10 48
20 16 26 14
14 35 19 9
20 32 46 18
3 26 35 3
35 19 18 16
21 7 32 3
23 15 14 14
18 21 45 27
4 26 12 11
31 8 40 12
22 31 38 2
11 25 28 21
38 38 42 21
28 21 33 6
19 24 34 23
22 17 31 13
19 20 12 48
15 45 20 36
25 14 7 41
13 21 6 35
3 13 21 14
31 47 6 2
15 7 5 43
25 2 32 11
17 25 20 7
3 40 33 11
22 28 37 16
11 23 2 40
23 10 25 29
16 19 35 37
24 23 0 37
10 19 48 25
21 29 5 35
12 23 33 25
14 13 29 18
36 11 44 20
10 22 34 17
9 32 31 28
9 22 1 39
41 41 24 10
46 31 39 10
18 35 5 44
30 25 34 5
10 43 7 28
35 3 7 48
6 47 45 30
26 16 25 25
0 16 48 16
9 36 29 26
18 17 29 14
23 13 13 27
28 10 38 3
30 9 43 17
17 6 45 17
21 10 4 41
29 15 29 5
8 7 9 17
9 19 30 24
16 28 0 38
33 25 34 3
13 24 3 34
10 20 43 29
22 7 16 2
18 30 21 12
