50 179 18635 800
25 42 12 27
26 27 38 26
17 27 47 25
42 31 12 7
10 1 44 9
4 29 45 36
34 27 8 19
27 30 9 20
27 37 37 2
39 20 7 39
19 31 44 8
11 12 40 4
25 40 32 17
37 43 12 14
11 2 27 24
23 35 43 17
1 18 33 16
18 34 0 15
41 34 1 26
8 31 46 32
7 2 40 23
10 3 37 40
18 25 25 34
35 44 34 30
47 41 3 5
8 42 17 15
43 0 20 16
25 38 24 12
8 1 26 31
47 41 44 28
11 23 48 24
44 18 42 14
18 15 37 15
22 42 43 2
3 0 46 35
25 16 15 9
32 40 43 1
20 42 44 8
26 37 41 26
35 17 42 4
4 6 32 17
8 23 22 22
38 5 46 5
8 16 30 25
25 40 38 13
34 11 1 15
39 22 40 33
11 44 26 5
35 11 31 33
1 25 46 6
35 37 48 42
7 10 25 3
7 15 40 29
40 25 14 23
4 12 19 25
46 37 37 36
27 16 3 1
43 1 37 7
47 19 33 32
42 42 21 31
45 29 29 33
46 23 44 42
22 26 37 36
13 2 14 16
8 42 2 9
8 1 25 6
17 21 36 12
45 11 41 8
3 13 33 31
41 23 28 42
48 33 25 23
6 13 10 19
0 36 37 19
32 46 49 5
33 40 30 30
34 36 40 11
2 29 36 9
47 17 48 45
10 0 37 28
16 48 9 11
40 20 8 45
5 5 20 31
2 19 32 32
5 13 43 38
42 11 35 26
20 40 12 14
49 23 0 12
9 41 42 27
24 25 39 22
2 5 11 3
42 26 0 16
24 44 34 22
24 38 4 26
17 42 2 3
31 39 23 15
48 36 8 4
21 19 28 35
1 3 44 26
4 7 41 7
21 14 39 47
1 8 49 14
12 4 30 28
34 46 9 18
24 9 42 4
35 24 20 27
0 3 39 43
44 6 26 3
35 22 46 25
3 4 28 44
12 9 25 30
16 8 14 30
20 16 37 10
8 0 30 31
47 22 18 9
20 37 13 18
15 27 19 16
27 48 40 7
33 17 4 41
14 45 40 31
33 37 11 14
10 4 27 46
11 28 6 23
48 26 34 46
14 23 42 7
43 24 40 44
10 37 10 24
8 6 21 4
5 22 43 46
32 31 47 29
46 13 34 30
36 28 47 7
31 48 10 22
38 33 21 17
25 44 17 37
26 26 34 7
21 13 40 6
4 4 37 31
8 7 1 18
8 40 37 15
18 22 39 33
11 17 25 8
41 19 41 42
23 29 34 39
3 14 25 46
10 1 38 28
38 42 36 38
17 40 39 10
32 48 19 38
14 20 22 9
42 18 38 30
13 33 1 23
32 28 38 24
8 1 6 33
17 29 33 13
5 40 24 8
11 13 42 42
33 9 27 29
0 17 46 2
39 23 41 7
41 22 10 7
14 9 28 44
34 23 29 33
6 0 49 27
20 46 41 15
22 25 15 16
28 20 41 23
19 22 42 2
29 23 15 9
16 34 38 31
47 11 11 33
32 42 28 9
13 5 39 37
16 4 41 12
7 2 15 2
19 9 48 27
18 34 39 38
48 17 3 7
35 14 42 20
33 9 37 21
