50 68 12296 800
0 45 34 26
18 21 5 15
5 27 18 29
28 26 2 13
29 34 8 15
1 45 21 17
17 19 13 5
48 36 23 33
22 25 11 39
11 12 11 20
18 20 15 18
47 31 4 30
38 16 37 27
16 13 19 15
16 29 37 22
43 26 27 36
10 14 25 43
48 40 34 4
18 16 7 29
18 12 10 24
11 9 6 25
44 33 5 36
1 17 13 19
6 26 26 23
46 18 12 9
46 40 9 18
4 15 32 29
6 18 18 30
43 38 22 3
7 22 20 3
11 13 7 36
33 6 9 22
26 13 18 23
22 37 10 21
25 7 13 21
28 20 34 41
33 29 9 27
10 22 8 42
7 33 7 19
43 9 31 24
15 24 18 27
13 8 15 29
12 3 2 35
15 18 7 36
16 6 34 28
13 13 10 20
5 6 20 23
25 32 14 45
28 18 23 12
20 16 8 21
17 21 7 9
17 8 31 27
49 15 15 31
30 15 25 19
40 42 30 31
23 23 13 22
8 4 44 44
44 38 1 18
21 13 12 14
24 29 16 31
25 28 36 24
20 48 35 22
16 3 7 10
41 19 6 37
40 41 19 17
28 33 14 11
12 5 11 22
48 36 18 1
