50 813 11000 800
14 33 48 27
35 35 35 28
10 47 49 33
43 45 49 23
36 8 29 46
9 46 41 23
25 47 15 28
8 9 47 44
40 21 47 36
41 11 43 20
41 26 47 26
39 14 47 33
14 44 41 27
43 27 46 5
28 40 21 46
20 3 44 32
37 6 11 13
43 37 36 26
32 16 32 32
12 44 33 32
19 5 35 29
10 44 44 32
6 41 35 26
21 21 45 43
46 25 34 16
18 24 37 22
43 34 48 32
8 32 44 31
13 45 33 26
3 47 38 48
25 43 38 23
33 25 49 32
15 39 13 45
34 7 46 25
28 26 42 30
3 40 31 22
33 5 11 33
4 27 47 45
22 21 38 30
22 43 45 23
14 45 4 39
39 11 6 26
2 47 23 37
1 44 48 42
46 31 34 20
42 16 33 25
43 40 39 27
17 44 37 30
9 43 48 43
20 2 8 11
4 31 26 31
27 39 48 28
7 14 46 25
6 21 39 23
20 47 22 29
24 10 39 42
41 35 30 26
44 24 44 44
45 30 38 29
23 25 42 30
38 29 45 37
27 40 34 26
47 41 31 17
40 13 48 47
38 16 37 27
24 20 35 27
12 14 47 46
22 43 49 43
36 35 33 23
6 20 49 22
46 20 22 32
21 29 17 46
24 34 34 23
39 13 49 48
0 41 45 15
42 11 39 31
29 21 34 28
0 45 36 25
41 10 39 32
45 17 5 31
39 11 33 26
3 48 48 41
9 12 22 10
25 33 42 47
24 40 39 12
34 21 48 40
40 34 37 27
47 23 42 27
39 12 37 26
43 12 41 19
45 10 31 26
25 28 41 18
8 17 28 34
8 17 42 29
14 31 37 31
7 48 25 14
41 16 49 45
19 42 25 9
44 18 36 27
19 26 37 25
2 7 34 27
13 47 9 44
37 28 46 44
42 31 48 45
13 4 49 26
38 12 47 29
10 22 37 21
7 35 6 48
32 3 41 33
33 21 42 33
39 13 43 24
25 22 49 31
40 20 30 27
11 26 48 43
32 4 45 47
10 38 48 27
49 32 40 39
46 25 36 1
19 33 30 20
1 13 43 33
25 42 17 42
22 34 45 1
12 17 47 27
44 15 28 9
41 20 48 28
39 24 22 15
42 42 43 22
19 39 26 28
34 11 41 25
17 33 35 26
15 21 34 21
5 37 15 40
43 31 16 46
44 14 40 48
16 43 47 31
24 29 39 27
40 14 13 10
8 23 47 23
2 24 48 32
42 13 0 47
13 45 26 31
24 43 29 19
16 2 33 26
4 28 39 35
7 48 24 37
23 45 46 45
33 28 38 22
42 30 47 41
30 48 41 47
26 40 26 3
27 43 33 26
36 25 45 45
0 0 34 26
42 15 47 45
11 27 46 3
36 25 39 28
14 32 47 21
17 42 45 44
39 11 25 31
12 34 48 27
13 11 34 42
37 17 33 28
39 29 48 24
20 32 41 30
27 24 40 13
9 11 13 37
44 16 39 25
9 32 11 47
38 17 49 47
17 35 36 26
9 43 36 30
42 11 10 43
46 16 31 27
11 43 38 29
16 36 37 32
42 31 49 45
11 13 37 26
4 41 39 30
46 16 19 27
38 13 37 46
44 4 26 22
6 18 27 21
15 49 34 31
15 47 36 25
11 23 27 5
27 28 45 30
4 8 49 33
45 24 12 31
22 34 42 38
26 28 43 28
38 11 45 43
3 15 48 32
11 31 47 44
31 30 24 36
10 27 40 25
16 35 36 25
37 33 35 27
46 29 44 45
41 19 35 2
13 33 43 28
9 14 13 27
33 4 41 27
23 41 45 44
46 20 44 41
14 16 43 38
45 14 2 33
0 29 47 49
45 25 31 19
25 6 5 47
26 35 7 38
35 18 48 44
40 15 40 27
42 23 39 7
15 5 46 28
40 24 49 45
44 31 39 21
5 8 49 31
17 15 20 47
24 25 16 10
35 39 47 46
14 14 44 36
37 38 20 47
5 23 42 27
7 40 49 18
5 46 36 24
14 16 45 48
13 40 20 41
17 27 49 27
36 12 42 32
21 35 43 33
46 49 43 20
3 12 34 24
39 16 45 46
41 15 37 46
38 25 36 30
17 34 49 28
40 5 22 39
39 13 48 43
34 34 34 3
19 46 39 27
32 31 29 46
27 41 9 37
35 43 32 26
16 28 43 45
5 35 43 25
7 32 46 43
10 29 5 28
29 31 4 16
14 13 36 12
46 33 13 42
27 12 45 36
26 40 48 28
10 48 36 27
8 33 46 30
36 15 44 25
17 38 2 40
0 27 26 16
39 25 41 43
10 36 36 48
10 36 10 13
14 16 46 24
4 32 35 8
24 8 47 10
44 27 42 34
9 48 10 27
42 24 45 44
43 10 45 27
42 10 49 36
13 46 3 37
38 15 44 28
43 45 46 29
30 23 13 48
27 24 48 27
0 15 12 38
16 49 18 40
24 18 10 29
42 14 25 46
34 33 1 37
30 25 40 42
37 19 35 46
36 33 48 48
34 47 13 25
22 45 8 44
17 27 38 25
15 37 34 25
6 46 35 21
37 37 47 42
22 46 48 27
8 27 29 11
36 17 39 49
5 24 35 46
22 49 2 18
8 38 41 34
36 20 15 29
39 46 49 26
18 15 47 48
13 19 24 47
21 43 41 29
45 30 49 46
39 22 48 47
6 34 44 19
12 6 35 26
14 44 46 27
33 3 47 26
11 46 40 27
2 23 46 31
11 23 38 31
43 13 7 39
8 12 36 28
41 14 44 34
6 24 48 42
6 37 48 44
31 47 38 45
42 32 21 45
30 0 1 40
24 46 37 17
7 37 48 45
43 12 35 26
42 11 49 38
41 12 37 25
4 38 18 41
36 25 31 24
29 45 21 1
30 43 13 45
25 29 45 10
9 20 42 22
5 26 29 12
43 13 43 20
43 22 47 46
42 12 13 40
20 37 11 28
11 22 44 43
27 22 48 19
19 8 10 25
14 30 47 31
11 37 47 43
44 7 32 18
38 35 42 28
39 18 13 42
37 34 46 44
23 39 29 44
40 27 22 41
42 14 49 43
12 33 43 31
37 11 35 25
4 32 23 38
0 15 31 49
42 0 49 27
30 22 11 47
17 45 27 1
7 47 49 46
28 48 45 26
26 48 3 23
26 26 49 44
41 12 48 31
14 12 47 44
17 12 49 19
30 32 28 22
15 27 49 34
18 46 35 47
2 48 43 47
43 25 48 31
8 35 32 25
15 31 32 48
29 27 30 23
5 25 36 23
6 38 1 23
41 15 46 32
17 11 33 26
42 13 38 30
0 44 46 42
26 39 3 20
9 26 46 43
45 12 46 46
22 32 35 22
22 40 46 44
47 22 40 27
37 33 36 23
43 9 6 26
12 32 40 25
26 49 15 33
42 23 3 24
9 15 34 24
5 35 26 41
21 47 43 24
39 29 31 23
1 42 48 44
42 9 46 46
29 7 26 4
42 13 24 22
40 43 35 25
39 9 33 24
5 49 47 44
15 24 30 1
32 10 47 44
7 2 45 26
30 40 35 19
35 30 40 31
12 19 47 46
45 11 33 25
13 48 17 0
20 22 44 30
42 10 27 44
15 14 47 45
45 12 32 35
33 46 41 24
22 24 47 27
32 35 34 30
42 14 40 30
37 20 1 47
28 27 35 25
1 16 42 39
12 36 33 20
40 13 1 45
42 8 15 29
41 9 29 20
42 47 33 18
11 30 45 18
13 13 44 29
38 31 20 37
28 49 27 4
41 18 49 28
24 40 5 42
44 33 23 21
41 9 46 39
4 18 38 28
35 13 48 46
42 19 47 47
28 46 49 49
20 16 44 46
5 15 37 27
43 9 32 23
8 5 46 38
36 24 37 9
0 42 36 19
18 17 47 22
6 13 46 28
42 21 36 22
16 12 32 26
5 24 44 28
3 30 46 33
38 14 33 43
8 45 36 23
23 12 44 26
5 40 8 3
41 11 44 27
5 39 43 28
2 49 45 41
44 7 43 23
12 29 30 30
3 32 25 49
46 2 4 24
40 15 36 28
37 38 34 29
39 24 35 19
32 36 42 28
42 12 37 9
34 36 43 37
33 9 34 26
46 9 36 4
14 33 28 46
9 42 11 25
36 18 38 11
12 27 41 30
35 20 28 27
20 42 49 25
26 10 38 29
12 8 38 32
10 47 38 29
35 37 36 26
40 11 46 25
41 13 33 23
40 9 25 49
10 3 42 27
18 44 4 37
27 37 39 25
29 42 5 42
10 26 45 27
16 42 46 21
12 39 49 22
41 15 24 37
33 26 46 49
23 41 40 17
2 22 40 38
13 38 17 44
44 14 40 27
16 44 38 23
3 23 13 48
28 24 40 47
21 21 38 26
44 29 34 42
24 36 37 48
13 1 36 23
44 14 33 23
36 39 12 30
22 44 31 22
29 26 19 38
1 43 7 30
30 19 40 30
29 20 36 28
23 25 31 22
8 8 9 42
27 43 48 44
39 11 45 3
42 16 49 31
40 17 41 21
14 27 43 34
29 29 38 44
48 16 44 44
5 34 44 41
38 17 7 28
39 24 41 30
31 49 46 29
38 31 45 27
46 12 47 29
37 11 10 27
39 25 47 24
42 12 32 25
41 34 40 24
24 37 27 41
11 38 48 45
16 36 42 31
43 32 45 42
42 16 12 30
40 9 10 19
35 25 18 34
15 34 35 25
43 9 48 26
11 21 34 24
15 48 6 40
0 11 38 27
45 13 45 32
43 11 44 23
10 16 43 26
6 38 0 44
41 9 46 42
3 34 34 31
31 14 48 45
20 44 26 17
24 4 37 27
22 18 37 29
22 43 27 38
9 19 46 26
39 28 49 28
8 47 4 41
26 36 38 27
41 10 1 45
39 38 40 44
18 14 46 30
8 44 38 27
12 39 40 38
40 24 30 23
47 34 49 29
1 9 44 26
25 48 35 22
36 15 44 31
27 41 23 43
47 39 45 33
19 46 33 25
11 47 41 25
36 16 18 49
36 46 9 41
18 28 38 31
3 45 49 43
4 15 45 42
35 25 40 27
42 14 44 45
6 47 32 27
13 47 39 18
28 14 45 47
6 42 45 42
15 45 10 22
18 48 26 49
42 37 39 43
30 3 39 28
11 28 31 1
23 37 31 26
3 32 49 44
14 28 24 31
0 45 34 21
4 31 34 43
37 28 37 34
3 17 36 28
14 30 44 32
23 30 6 44
24 27 17 48
47 16 42 8
31 43 36 45
18 42 46 43
38 31 37 42
32 39 6 45
41 20 31 0
41 17 48 34
14 47 33 20
36 3 34 27
1 48 35 30
6 30 42 30
16 15 27 45
31 48 2 34
39 22 37 43
20 9 48 44
35 11 36 27
10 42 36 41
34 12 48 34
7 13 34 22
26 25 46 27
24 34 21 32
13 32 4 44
8 26 48 40
40 25 9 48
14 42 16 22
20 2 37 26
34 3 45 26
35 3 33 29
46 28 46 43
36 33 49 40
17 12 13 38
12 14 46 27
18 5 35 29
19 41 44 27
17 47 39 40
2 29 43 27
18 42 39 27
11 25 44 3
38 27 46 44
42 16 34 23
17 36 41 36
18 26 8 31
16 48 30 30
10 16 41 30
1 38 30 42
33 6 45 25
45 26 35 47
0 8 31 22
13 24 49 47
19 45 40 27
48 31 37 49
20 18 37 28
42 14 43 27
36 8 49 26
5 33 35 25
1 26 19 48
1 15 33 24
30 47 45 46
0 30 31 45
20 9 45 25
6 6 47 25
16 27 2 18
7 45 40 25
8 2 36 23
41 31 33 39
27 42 33 42
42 13 47 39
40 11 45 22
38 14 25 37
7 23 42 28
40 20 33 23
16 39 35 19
41 14 47 24
20 5 48 30
1 14 45 21
25 33 31 26
21 35 41 8
23 48 39 24
42 23 41 41
18 25 34 33
19 46 45 25
25 41 49 45
45 16 14 25
21 37 8 43
10 20 49 44
13 7 39 26
5 16 20 25
2 22 44 34
24 47 39 21
2 47 13 49
36 14 11 44
45 10 31 22
24 34 37 27
38 21 43 40
7 21 7 43
28 25 19 45
1 29 47 45
43 24 30 29
4 44 45 45
4 22 46 41
35 24 44 30
44 8 42 21
3 6 49 29
46 8 39 32
44 14 34 25
22 35 44 30
49 19 2 34
2 38 45 29
19 41 38 24
32 46 48 44
19 28 46 27
34 23 44 27
19 3 49 30
24 49 37 29
14 38 12 35
8 48 49 43
41 13 39 29
43 29 42 47
47 14 38 19
2 6 6 35
3 44 43 32
32 13 32 27
18 18 36 32
22 38 15 49
37 10 31 24
20 15 26 44
33 10 42 27
12 0 46 42
30 41 35 22
25 46 28 44
7 47 48 41
14 27 36 22
45 13 45 34
35 29 42 22
44 12 44 45
0 34 44 12
22 15 43 24
40 14 43 32
43 25 36 40
26 19 14 43
17 18 36 34
22 49 44 28
23 24 39 44
34 6 44 29
43 30 36 31
42 23 40 33
36 14 48 45
18 40 40 36
38 23 4 42
34 49 43 45
41 10 28 46
23 14 7 31
13 14 45 27
33 9 12 18
16 46 38 24
46 23 40 40
46 13 45 44
3 15 47 31
6 14 38 30
33 43 32 30
36 12 40 42
25 44 37 29
18 19 42 27
2 42 34 19
43 11 7 49
42 33 48 25
32 46 44 48
45 19 31 27
10 24 44 42
36 22 32 19
39 22 35 6
10 43 47 48
17 6 47 26
16 42 49 31
17 30 49 49
24 43 16 29
7 14 38 24
30 26 37 23
14 44 10 26
11 37 40 34
23 6 28 21
32 13 34 26
12 14 47 31
23 45 49 31
37 37 42 22
42 37 47 25
13 46 42 29
41 29 8 42
27 42 43 21
25 39 39 32
39 25 46 26
18 48 21 25
42 22 0 34
5 22 47 14
11 43 41 31
13 16 20 31
36 14 10 33
21 17 39 27
45 30 0 41
10 19 37 23
5 40 49 31
43 6 14 33
19 10 47 28
10 17 44 47
6 4 44 26
23 41 42 27
12 21 32 24
48 34 34 27
40 30 47 46
17 26 46 29
3 6 35 21
17 16 22 19
5 41 46 32
5 12 41 33
34 48 48 32
45 13 17 46
3 49 42 20
45 31 39 31
23 19 47 30
49 42 32 27
19 26 35 25
42 28 43 36
7 23 36 22
17 18 47 35
43 7 31 23
40 32 44 27
27 13 47 28
