50 156 16291 800
18 33 11 28
2 12 45 16
19 4 30 36
19 4 33 24
26 42 46 17
0 2 27 30
7 46 20 17
19 36 37 14
2 4 42 15
13 21 47 20
19 17 8 10
13 18 25 32
6 2 38 21
38 47 46 11
9 16 14 25
13 0 8 5
16 10 23 31
27 40 43 17
41 27 36 29
14 31 17 25
2 6 24 33
9 3 27 36
20 6 45 16
41 42 25 33
3 31 24 2
20 17 21 40
4 15 31 19
1 7 6 10
2 5 25 2
22 45 8 9
2 18 5 14
13 14 34 37
19 11 44 4
21 34 46 9
11 20 48 17
13 10 30 38
23 28 8 19
13 0 7 12
8 20 19 30
9 39 10 44
5 36 41 15
20 15 13 17
9 44 21 34
21 29 47 19
19 22 27 26
40 26 27 35
15 40 29 38
3 17 14 22
22 5 19 10
14 24 23 48
3 37 15 41
10 13 22 31
15 24 23 4
24 24 43 13
13 12 20 29
12 31 1 27
20 23 25 44
14 30 11 48
24 40 25 29
3 26 23 31
1 8 18 1
27 4 0 29
22 10 5 21
16 3 2 4
10 13 5 34
11 19 41 14
19 32 42 9
18 30 22 23
10 28 22 40
17 5 4 6
8 0 45 16
3 27 21 26
4 17 46 1
0 14 29 30
22 42 15 32
17 12 26 7
4 17 28 33
17 0 10 45
15 11 48 12
26 20 43 18
22 28 31 6
43 24 16 48
15 0 5 45
9 34 28 31
12 4 2 38
23 17 30 8
13 12 46 13
19 12 25 33
1 12 11 1
35 33 0 19
20 21 26 5
24 10 38 17
2 16 25 34
10 9 21 33
44 29 14 17
29 39 24 42
6 35 22 36
15 29 3 44
19 44 46 15
2 12 19 25
19 7 10 33
39 33 15 25
6 25 35 40
9 4 9 42
11 15 26 30
14 8 4 47
37 26 22 8
9 9 22 39
2 29 42 18
32 13 31 37
11 10 14 31
8 15 44 13
20 8 24 35
15 47 6 39
7 23 32 12
12 11 9 3
15 15 4 43
0 26 25 24
47 23 10 49
5 1 42 22
9 43 1 7
27 3 47 12
8 8 26 27
13 42 30 37
27 38 46 15
15 1 14 31
27 18 17 5
18 13 13 47
16 0 47 16
14 11 41 13
5 16 46 19
9 49 6 4
15 10 37 29
26 11 6 11
8 23 14 12
48 31 3 13
30 47 20 16
11 7 26 42
11 46 1 4
15 22 17 26
10 4 6 8
22 16 46 10
19 6 22 17
27 8 19 16
28 30 24 32
20 20 11 15
0 18 43 10
6 37 8 16
21 24 12 34
27 23 39 13
29 39 6 9
21 5 21 38
2 30 38 26
8 5 21 31
14 5 7 9
0 15 9 36
