50 1568 14026 800
31 42 3 6
10 5 37 36
45 27 20 10
37 14 27 7
11 19 10 12
41 22 34 17
39 36 1 7
31 19 5 8
46 21 33 12
38 0 29 25
38 15 2 20
33 30 42 37
43 27 40 37
23 17 45 26
43 32 41 15
46 27 24 26
22 19 27 39
11 17 13 5
35 23 11 9
43 28 42 36
40 42 25 8
37 22 14 29
27 38 4 11
42 20 39 17
27 46 42 11
32 24 5 18
28 23 34 14
34 32 12 14
12 13 39 35
27 1 7 11
42 23 41 16
41 33 42 38
42 44 44 38
41 34 35 23
46 16 43 27
25 10 31 18
35 44 18 9
18 7 38 5
33 21 43 29
6 5 40 26
12 17 39 29
30 33 1 9
1 21 43 17
5 2 42 40
14 21 17 3
17 19 3 5
36 25 28 9
38 35 32 23
5 6 30 0
11 23 19 48
24 34 30 25
43 19 3 6
15 11 42 40
12 22 2 13
39 10 11 5
26 16 40 41
13 27 21 17
5 12 31 24
40 24 4 34
33 3 6 9
43 36 45 3
23 3 5 11
41 30 49 12
31 26 24 24
45 30 19 36
39 24 41 39
31 13 41 39
17 18 41 32
9 10 11 27
12 21 17 28
49 41 39 40
37 26 41 19
32 23 40 38
42 37 35 18
39 25 25 12
4 24 20 8
30 44 43 36
38 27 39 39
42 24 36 3
34 38 29 30
23 27 19 12
15 31 19 24
43 30 12 23
28 21 38 24
9 24 31 24
43 29 39 35
44 30 1 7
17 20 42 36
31 39 29 24
3 20 30 28
43 26 40 38
7 34 36 35
45 24 44 2
13 16 3 9
20 31 46 16
22 25 4 33
11 16 37 40
13 19 48 5
8 18 5 23
43 24 0 32
10 11 42 28
46 40 35 7
41 28 41 8
30 34 3 11
16 37 43 39
30 1 41 34
21 14 43 36
21 8 40 39
30 11 9 19
17 12 10 27
33 32 41 21
11 10 31 22
42 16 0 13
1 19 35 39
27 23 38 37
45 26 36 23
3 24 21 5
33 24 42 35
15 16 27 31
14 18 12 21
19 12 47 9
16 27 26 22
34 41 38 17
14 7 41 37
39 8 26 10
8 25 19 19
9 9 39 42
47 24 22 11
38 24 33 19
28 8 41 15
43 24 43 13
41 18 19 22
47 26 3 19
38 39 15 32
30 26 21 19
24 13 47 41
45 24 4 10
28 30 8 23
20 27 20 11
39 21 28 25
41 30 41 38
23 23 40 38
14 20 40 40
34 37 40 43
9 18 40 36
17 45 3 22
34 4 42 41
37 31 39 37
11 25 38 39
35 26 48 31
48 41 46 20
23 14 49 0
22 23 19 11
47 17 24 26
14 11 11 30
41 23 18 18
32 23 39 17
23 19 25 14
48 23 3 33
46 27 43 34
15 14 6 30
15 20 39 36
38 20 39 39
35 9 28 24
29 21 26 15
42 28 7 41
32 41 20 31
33 21 36 19
2 17 27 17
4 22 18 24
28 24 2 9
40 21 35 38
48 44 37 4
43 10 32 25
40 27 43 38
15 17 48 29
11 25 43 41
12 15 34 30
42 28 25 42
43 26 34 17
38 22 4 8
38 19 35 5
22 11 46 15
10 19 2 8
42 28 5 5
21 18 27 10
6 7 15 29
19 32 38 18
27 21 9 18
40 29 38 38
6 28 41 39
38 27 45 24
22 26 0 3
37 43 27 33
11 8 28 5
9 14 42 43
16 25 41 37
30 29 42 38
26 15 33 23
30 23 41 35
24 28 32 30
41 32 39 38
12 8 2 8
49 47 11 13
44 20 24 21
37 23 41 4
11 2 38 13
11 22 39 35
7 13 37 19
34 24 47 14
29 25 40 13
44 16 6 24
7 32 30 19
28 17 7 21
14 6 20 16
5 23 0 12
15 1 39 25
7 7 39 9
38 29 35 27
47 25 42 37
14 24 43 38
45 36 3 10
8 37 17 31
40 27 7 13
36 16 30 17
22 5 0 7
18 10 35 18
10 21 36 37
10 15 39 41
41 28 15 16
33 25 6 8
35 10 38 36
41 33 40 27
20 14 38 26
18 2 9 8
22 10 32 12
40 27 4 9
27 15 21 24
42 24 7 11
25 11 6 5
16 9 20 1
36 34 4 9
11 11 38 38
44 46 43 2
42 30 22 14
14 9 31 28
36 29 14 16
26 19 2 12
31 41 18 13
5 34 42 41
37 22 44 24
10 32 27 19
35 27 4 4
29 40 6 7
39 29 47 27
23 13 23 4
17 22 17 14
37 24 30 17
40 16 4 7
31 26 25 12
8 23 18 39
31 37 19 12
39 19 8 9
22 4 25 12
43 18 19 18
14 16 26 16
8 2 21 13
10 32 24 16
24 30 39 41
37 41 3 17
33 44 34 12
45 20 32 11
45 33 38 40
43 25 34 6
12 24 9 15
23 19 32 14
30 25 37 5
17 3 34 25
46 22 16 22
39 27 35 11
5 2 30 13
13 10 32 17
21 3 0 24
10 15 35 1
48 42 1 3
30 39 18 20
11 12 40 35
12 0 22 20
33 14 3 33
41 24 6 10
8 20 38 10
1 21 23 5
34 38 38 18
47 30 3 6
25 11 34 16
19 12 3 1
25 27 0 10
5 37 40 0
5 19 28 28
22 17 4 8
35 48 19 45
24 32 18 29
49 48 39 37
11 14 41 36
43 28 41 39
26 18 7 1
34 24 18 9
22 29 20 19
35 34 27 14
25 18 40 40
23 9 39 38
38 24 41 41
43 41 6 11
19 9 45 15
4 7 11 6
45 28 30 19
5 0 9 23
17 30 39 38
36 23 3 5
31 12 32 1
19 8 39 14
32 29 36 37
46 23 38 40
37 27 26 18
41 18 6 10
19 23 40 40
19 17 13 27
25 11 41 35
44 43 43 39
25 32 31 49
20 2 31 12
39 35 6 18
49 37 29 22
31 41 43 32
35 45 40 3
16 3 5 12
5 16 44 39
34 28 2 10
17 5 35 31
43 8 41 32
22 4 35 24
28 46 12 18
22 26 40 7
39 27 10 18
42 27 8 24
26 22 12 40
23 7 4 9
14 6 33 21
18 14 41 33
17 14 4 14
12 11 40 35
40 33 34 15
41 25 24 40
36 25 38 37
5 15 37 16
17 35 32 14
43 25 38 41
26 28 24 19
39 27 42 38
25 15 41 38
29 11 39 23
9 11 41 40
16 16 11 26
41 25 34 10
20 30 33 24
27 22 34 18
39 35 27 19
19 8 13 31
48 32 5 11
8 6 37 23
13 13 33 1
42 19 5 33
39 30 25 11
24 18 6 15
29 8 39 39
31 18 42 40
42 25 35 4
12 17 41 41
39 42 41 35
24 17 16 23
44 25 5 37
35 27 40 40
44 28 41 39
45 37 43 40
6 21 45 27
11 8 45 37
38 32 14 19
46 43 26 17
47 33 32 20
27 8 42 38
16 12 38 42
36 11 45 4
35 30 39 37
30 21 16 5
20 31 10 1
30 21 36 18
21 0 37 3
17 6 45 18
29 32 4 6
20 12 44 3
3 10 41 12
15 20 40 34
27 12 38 41
42 23 38 38
30 28 1 9
42 26 41 38
35 27 40 40
17 19 26 29
15 17 43 2
19 17 21 27
10 17 40 2
12 23 31 22
35 28 3 12
41 28 5 17
13 34 1 10
47 44 36 37
15 2 13 15
29 32 2 11
43 42 33 9
8 9 41 35
33 41 1 8
12 19 2 14
36 38 41 40
42 30 4 20
36 21 3 4
9 23 25 29
17 15 24 8
4 18 2 5
33 28 26 23
34 28 33 16
41 9 43 12
38 31 42 39
29 32 30 25
41 28 38 41
6 6 36 32
25 30 38 41
33 24 27 20
28 36 5 14
34 44 27 22
37 38 30 25
5 18 10 11
37 16 35 37
39 28 30 32
39 23 1 6
31 28 0 9
6 22 34 27
13 18 20 6
40 36 27 21
46 34 18 16
8 21 36 36
35 24 6 10
6 29 11 17
27 12 25 20
24 44 26 21
32 44 3 16
41 23 4 8
22 5 38 11
11 11 24 14
31 25 40 38
35 25 42 38
37 24 28 27
41 24 44 38
36 26 31 8
28 20 38 40
32 16 41 39
20 1 39 16
22 18 43 41
44 35 31 36
41 39 2 6
32 16 39 38
43 27 4 10
40 29 9 20
35 27 18 25
25 19 41 40
11 12 43 41
30 30 44 32
21 28 39 42
12 13 5 3
49 16 1 45
33 34 42 23
43 17 16 25
5 20 17 13
38 29 18 17
18 19 24 4
37 33 27 19
17 16 41 37
24 16 38 39
7 20 0 36
48 9 37 20
6 14 19 13
18 14 4 12
42 25 39 38
39 24 45 12
22 7 1 17
43 22 28 0
49 23 43 14
7 11 11 15
18 14 20 19
14 22 42 9
43 28 39 36
34 45 3 9
36 36 43 4
17 1 41 38
11 41 6 8
17 27 5 20
46 15 40 39
35 18 25 13
37 23 29 21
47 15 18 22
5 15 48 49
5 20 29 26
31 26 27 20
8 18 26 17
32 18 34 41
24 27 3 12
34 40 40 39
39 1 42 39
7 28 32 24
8 12 32 20
20 26 1 13
41 22 32 10
43 28 2 14
16 20 34 25
39 27 0 8
5 23 37 36
10 24 40 39
22 12 31 12
10 22 26 1
0 19 27 27
9 12 38 35
42 10 0 9
39 40 20 32
35 20 38 11
10 13 45 15
37 10 44 18
17 9 9 45
39 30 39 6
11 26 26 21
35 33 2 6
17 26 44 38
45 27 2 9
17 16 39 10
16 12 12 35
31 46 18 19
48 31 40 38
11 16 6 9
46 24 11 36
47 45 26 18
37 29 42 12
37 15 39 38
34 42 41 37
19 7 42 41
33 27 49 24
15 30 10 13
31 14 42 41
11 3 25 14
41 31 4 10
34 44 25 6
44 30 44 38
28 18 38 41
30 3 24 23
17 17 40 38
29 7 6 6
20 2 4 10
2 19 36 38
41 26 39 42
32 16 2 6
22 39 37 18
8 15 38 39
41 27 12 12
42 32 25 20
44 19 19 23
34 24 4 25
47 19 47 36
37 23 6 17
10 11 4 8
41 21 31 20
41 36 7 48
7 30 41 35
48 19 44 7
16 17 32 3
13 4 5 7
3 25 22 19
41 21 35 26
41 31 17 17
28 30 34 27
21 27 37 38
32 17 21 23
38 49 45 38
44 48 4 8
20 13 32 34
35 33 47 34
40 27 18 3
36 24 25 17
9 32 44 22
44 25 38 39
16 22 29 17
11 5 41 38
38 27 37 40
17 30 35 9
40 25 5 36
2 8 38 38
20 33 38 41
45 28 5 6
28 4 18 26
17 9 42 40
22 7 38 42
37 27 26 15
15 7 20 21
38 33 38 12
30 33 38 21
41 33 37 36
15 13 28 27
11 19 10 28
34 24 3 7
2 17 27 8
24 11 1 15
41 33 41 38
46 26 43 23
23 30 16 2
4 16 46 11
10 7 30 11
17 44 45 14
15 12 27 41
40 21 38 39
27 23 41 30
36 25 6 11
13 25 2 7
14 12 24 21
37 47 7 20
4 9 40 38
19 27 39 41
45 22 39 8
39 29 37 20
16 3 25 13
40 23 41 38
7 20 40 38
45 26 15 42
38 30 1 15
41 26 30 18
32 13 21 26
21 8 24 1
24 18 7 14
40 26 25 28
12 7 31 15
40 33 40 39
29 17 43 41
22 4 29 23
42 18 5 12
38 20 29 12
44 25 43 43
11 35 22 6
20 1 42 42
40 25 5 9
40 29 33 26
15 21 25 14
28 31 21 31
14 19 4 7
26 23 19 17
16 22 39 40
8 2 40 40
41 27 44 15
21 25 20 9
33 32 38 37
5 26 0 13
42 26 29 37
35 41 25 19
12 8 42 1
36 29 41 37
27 22 29 13
22 13 40 37
37 31 31 33
22 18 38 40
18 34 43 5
30 43 27 16
10 20 29 21
45 20 26 22
38 43 42 39
13 25 29 19
29 42 41 19
7 4 41 39
6 11 43 26
23 18 43 39
5 28 6 14
47 22 28 34
16 12 38 38
4 16 28 21
36 26 19 3
16 18 26 14
41 24 42 35
27 39 28 8
39 28 4 7
25 2 29 18
39 18 34 10
40 37 5 15
15 13 40 21
34 10 36 35
28 29 33 13
46 27 29 25
30 16 42 38
27 15 28 22
42 19 33 12
36 43 44 16
18 9 48 20
46 43 13 23
12 24 33 19
4 40 38 21
26 5 3 8
37 24 44 41
25 11 36 5
20 6 38 1
44 24 5 27
30 41 30 23
39 26 28 33
46 26 3 14
36 15 37 4
8 38 32 36
49 22 24 19
5 22 5 9
4 1 1 14
21 14 31 8
35 12 39 6
41 23 39 12
49 16 33 27
39 23 28 14
34 5 21 12
16 6 28 25
16 5 20 13
15 23 21 16
7 7 15 30
30 43 34 23
20 18 16 12
45 26 40 37
20 10 41 36
42 30 37 41
16 21 30 19
31 25 8 13
39 24 38 38
15 12 12 26
33 5 23 23
9 14 13 24
39 25 31 30
10 16 21 10
48 33 36 38
38 42 41 37
42 19 25 22
48 25 28 8
37 24 0 27
42 19 0 28
11 14 32 15
14 14 39 40
42 20 1 8
37 24 15 15
18 17 37 38
29 33 41 39
40 28 40 41
44 29 7 27
38 24 38 38
41 16 44 36
23 34 41 41
45 28 34 7
40 25 6 8
41 34 26 17
37 30 42 36
15 18 6 16
38 28 40 38
40 22 23 10
30 26 40 42
39 24 17 18
45 25 16 21
37 27 33 8
13 10 41 21
20 8 28 24
49 20 21 14
44 28 5 10
40 31 0 5
26 27 23 14
12 11 40 36
32 26 40 27
16 1 39 37
39 25 17 19
39 30 5 13
38 28 16 29
8 21 0 5
8 16 1 20
42 22 35 9
14 0 33 16
32 29 31 20
39 37 5 11
34 40 38 3
34 20 45 11
9 43 5 10
47 10 38 36
8 15 11 31
4 24 40 34
38 18 0 25
6 7 43 43
39 35 42 39
3 16 29 21
43 42 0 8
8 17 21 22
33 43 36 12
3 21 39 39
1 16 43 18
38 28 23 20
37 30 10 34
28 3 3 11
47 27 16 31
2 10 45 29
13 11 14 25
33 11 24 14
47 26 34 12
44 27 21 18
41 24 31 16
2 36 20 14
36 24 26 19
31 22 38 38
45 23 24 16
46 32 4 15
36 26 5 12
25 26 17 28
24 6 4 21
48 22 34 30
9 9 23 15
42 27 9 16
38 26 40 36
42 27 40 0
39 24 1 9
4 16 36 14
44 20 44 7
26 22 39 35
4 8 2 20
46 30 33 22
1 15 15 21
42 27 36 35
43 23 38 24
42 24 42 6
48 35 13 26
42 28 2 7
9 25 45 17
41 28 38 39
37 29 37 20
38 21 43 36
13 30 40 7
41 27 42 42
33 14 42 35
20 12 13 29
27 40 3 10
24 20 40 40
12 23 37 41
16 9 43 0
30 25 34 17
41 22 22 19
42 25 35 22
36 26 39 44
42 34 38 25
37 24 13 11
17 7 38 35
10 4 42 40
23 8 7 21
33 27 4 9
40 37 3 23
42 27 40 39
14 15 10 48
15 25 41 39
29 13 35 26
48 21 40 37
32 27 9 29
24 20 44 38
37 21 5 7
19 26 44 43
21 12 40 38
39 24 33 22
37 31 36 23
30 14 47 21
12 28 42 23
40 27 30 21
42 28 38 42
15 11 25 20
12 7 43 39
22 17 14 24
41 26 32 32
45 27 4 41
35 28 42 3
18 21 2 11
30 14 22 15
44 40 6 9
28 17 5 18
11 6 27 23
32 29 3 17
14 22 12 12
28 26 22 28
38 25 28 6
20 23 23 20
13 15 34 12
42 24 42 36
33 38 15 12
45 23 42 36
39 24 39 39
37 43 43 38
46 35 12 27
43 25 19 18
39 25 32 3
15 43 33 17
39 24 21 27
16 13 1 4
48 27 11 21
9 33 38 29
45 31 3 6
22 49 19 18
44 29 41 35
24 19 19 14
17 12 0 1
39 27 0 30
14 16 40 41
38 29 44 40
9 22 23 29
36 31 44 38
33 36 1 8
28 41 38 38
43 26 41 40
31 43 19 6
43 19 38 37
36 43 41 39
10 24 13 18
38 22 39 36
45 37 38 40
11 5 31 25
46 24 8 3
43 26 2 26
36 16 10 10
36 27 40 40
41 27 38 20
11 19 14 10
39 27 14 35
28 12 40 39
40 28 2 9
10 9 3 12
30 28 3 27
37 26 16 44
31 26 42 39
23 4 26 37
9 0 40 38
40 14 35 19
45 27 30 21
16 21 8 6
47 7 16 1
36 32 4 18
14 21 2 12
45 33 15 5
41 45 36 15
18 20 44 5
41 9 19 17
24 18 19 14
39 19 43 49
20 4 45 20
35 37 33 16
47 9 1 20
45 41 40 37
12 13 3 19
41 19 28 24
41 25 37 16
44 17 26 5
34 5 26 25
36 28 45 4
30 37 4 10
42 30 5 10
47 28 39 37
38 24 33 7
45 24 19 18
38 44 33 11
23 41 0 15
40 29 39 4
15 23 34 10
34 22 37 12
40 22 36 20
1 11 41 39
10 24 40 39
39 27 12 13
31 32 9 35
42 22 11 29
42 28 6 12
43 28 40 35
43 22 9 5
31 27 8 40
40 24 31 36
8 14 39 39
40 29 0 8
45 44 37 39
11 15 47 0
39 29 10 6
23 38 8 34
23 21 21 17
22 2 43 18
41 26 41 36
26 7 40 37
35 27 46 7
44 25 4 34
3 17 45 8
6 18 4 28
22 21 7 9
12 2 39 38
36 39 41 39
7 2 40 40
25 6 44 38
18 27 32 12
32 48 1 16
4 41 15 15
5 14 40 36
12 11 38 38
28 22 39 38
19 8 39 35
39 23 37 39
40 16 41 41
41 25 13 30
17 20 4 38
16 7 38 40
21 7 6 12
44 25 16 14
9 40 30 8
21 24 39 40
31 37 31 44
37 39 11 24
13 21 20 30
4 14 42 41
13 12 49 23
19 29 40 42
8 10 45 17
22 18 24 8
9 8 11 32
9 10 46 23
39 28 43 37
47 16 28 20
35 12 26 6
38 29 3 6
17 2 23 22
12 16 5 10
31 48 30 10
11 14 19 2
20 13 43 1
21 15 36 15
25 35 6 3
5 20 39 40
44 15 11 34
10 20 4 5
20 21 27 4
15 26 0 9
35 37 6 36
30 21 42 40
35 25 29 12
13 13 40 36
42 39 46 13
44 37 5 8
45 27 36 42
12 25 42 41
43 27 30 22
22 27 26 14
39 24 31 23
38 38 3 8
39 30 43 43
14 30 38 21
3 19 47 10
26 31 40 37
48 30 1 13
30 36 34 27
25 25 6 7
42 24 5 6
42 28 20 2
19 20 20 16
37 25 49 20
33 38 18 5
7 3 42 28
39 28 11 17
17 29 42 38
22 23 9 14
21 22 45 27
18 15 37 38
33 34 2 10
44 38 1 37
43 42 23 22
42 23 40 40
19 17 44 19
15 16 29 13
41 27 0 17
37 22 40 38
9 0 1 3
41 28 0 10
44 22 16 37
20 21 6 12
19 21 6 26
45 28 1 26
45 26 34 16
20 11 1 7
43 21 3 13
11 24 35 19
42 26 4 11
39 28 19 30
19 20 6 11
30 23 41 38
44 15 15 11
47 21 39 44
39 22 5 9
30 28 4 40
34 20 3 8
17 16 41 19
15 17 28 44
25 14 25 34
3 17 2 1
15 15 16 34
18 7 29 12
41 31 27 36
31 24 8 19
30 24 40 35
31 35 26 18
34 36 4 42
22 11 43 39
11 6 42 10
38 25 49 18
20 13 38 8
38 26 34 29
6 30 41 41
4 12 2 26
28 22 37 38
18 16 39 38
22 18 38 42
38 18 38 43
44 26 21 17
32 9 4 14
7 23 28 17
25 9 38 39
27 26 6 14
4 32 3 26
21 32 19 24
36 31 36 21
37 24 1 10
45 21 40 39
16 22 42 36
36 27 7 16
41 30 19 15
39 11 41 37
30 18 8 8
13 6 38 32
39 25 45 3
40 42 28 23
6 3 41 39
0 18 48 1
9 29 3 12
44 21 3 8
40 35 45 3
37 30 21 20
47 30 28 25
44 31 38 37
17 30 1 20
17 26 5 6
37 34 3 7
20 25 41 23
41 41 7 25
15 8 19 36
39 22 49 36
37 40 25 16
48 48 4 5
38 25 41 38
46 24 6 9
30 37 20 13
8 5 42 14
32 40 4 11
30 17 0 12
10 15 31 7
8 14 42 35
5 12 36 13
32 28 37 16
40 23 44 10
6 22 32 10
7 15 10 21
40 20 1 7
22 1 42 39
9 20 41 35
37 29 40 39
37 37 28 21
44 29 0 17
27 31 7 4
28 8 4 11
8 14 14 18
14 18 41 41
41 19 7 8
20 1 21 31
39 24 5 12
19 15 26 24
25 40 30 17
27 43 26 9
40 23 5 11
22 11 41 38
38 27 39 43
34 22 38 36
22 16 38 16
33 32 22 25
21 23 27 16
38 23 37 39
10 24 40 36
47 29 24 24
33 41 38 41
36 28 35 16
33 36 24 23
14 2 47 36
16 4 3 48
41 27 38 39
44 28 43 39
32 13 40 41
0 4 37 35
10 26 18 37
37 44 42 39
48 1 39 39
12 18 30 26
19 34 33 24
2 14 39 24
30 7 20 17
7 11 40 40
6 9 37 38
31 13 40 38
16 21 40 42
13 5 13 13
13 9 27 31
2 12 18 40
40 5 36 37
16 18 45 6
40 23 30 18
9 17 42 39
44 20 19 13
6 25 41 37
36 42 35 15
33 11 32 30
43 29 2 36
41 29 41 41
13 24 37 45
6 9 27 36
5 11 40 39
24 7 43 35
36 33 1 9
39 1 40 38
12 14 28 11
20 19 43 37
13 26 2 8
35 9 38 41
14 28 37 31
48 21 23 21
5 22 28 20
43 45 39 34
42 30 2 9
43 37 8 12
7 15 37 36
39 24 32 24
13 12 7 18
22 30 1 10
19 27 40 31
37 15 39 38
23 13 27 18
47 28 25 18
37 34 40 38
31 11 16 11
16 12 42 39
42 23 12 43
43 30 16 11
42 26 29 24
43 29 8 26
3 8 2 13
11 14 49 0
39 24 41 38
36 13 7 6
48 25 42 39
28 17 42 9
29 20 42 36
30 18 34 6
40 24 39 38
41 14 25 17
34 39 22 13
10 20 5 8
39 27 38 20
43 25 25 13
38 24 39 39
45 28 32 19
8 31 15 16
12 24 33 4
17 25 2 4
29 6 18 35
29 42 16 14
35 18 40 38
39 24 14 12
30 44 26 16
45 24 14 12
19 35 19 12
33 12 30 28
43 25 42 41
8 17 45 6
17 31 27 26
2 8 6 31
44 12 28 15
40 21 43 38
13 25 30 11
33 23 30 19
32 27 39 38
41 29 42 40
4 7 39 39
32 43 8 17
41 21 33 28
3 14 40 40
16 27 16 9
26 13 46 10
39 31 30 12
32 38 32 6
49 23 12 4
39 25 43 34
14 15 41 42
21 21 24 10
0 6 42 40
21 29 14 32
36 16 26 24
44 15 30 3
13 8 42 40
19 6 5 12
5 32 33 23
37 29 41 41
20 25 38 38
41 25 20 16
30 30 41 37
22 13 31 13
32 35 35 11
38 21 14 38
18 37 26 16
1 15 47 1
10 21 22 20
47 43 25 24
16 18 33 29
30 39 3 14
32 26 12 7
8 14 36 23
49 31 17 23
40 20 37 37
10 6 31 23
39 19 31 17
12 14 42 37
41 31 38 41
33 7 38 38
26 22 22 13
47 22 49 15
21 25 41 13
3 15 35 16
13 17 29 10
32 20 23 15
38 26 32 29
44 27 30 7
21 20 35 32
44 21 3 10
40 22 28 21
40 26 1 14
43 18 45 39
13 19 4 31
40 24 44 3
31 27 44 43
8 1 40 41
18 8 36 36
42 24 40 35
18 40 33 9
33 29 34 11
11 1 20 10
47 26 22 18
35 30 35 14
35 32 38 27
23 41 21 28
21 8 41 40
38 25 23 13
41 24 0 41
11 23 21 3
26 30 28 13
21 22 49 26
25 18 41 36
31 28 14 17
36 33 41 42
19 16 2 13
29 12 1 8
39 49 9 6
31 23 36 40
24 19 40 41
8 30 4 12
40 36 41 41
7 19 39 41
16 10 33 24
24 25 31 18
39 43 20 2
44 23 25 26
38 9 43 7
39 25 24 24
37 30 39 40
40 9 14 10
13 20 9 6
26 40 45 4
38 23 10 32
43 17 39 39
31 26 39 15
6 8 16 15
27 26 39 41
4 5 20 28
43 25 20 34
35 33 42 38
24 20 29 41
5 16 48 22
6 19 42 42
16 21 42 39
42 6 1 12
33 39 8 39
39 25 2 18
41 27 41 37
5 20 37 31
7 10 16 12
11 18 31 19
12 29 1 38
20 24 43 8
31 26 42 28
31 32 1 6
28 17 40 37
34 35 8 29
29 42 8 17
38 23 38 37
24 15 23 24
35 35 40 40
22 18 27 25
23 16 0 9
44 22 46 36
35 13 40 31
29 27 5 12
45 23 21 12
41 24 0 9
46 32 40 7
48 15 9 32
40 38 24 20
20 1 5 9
47 25 44 4
46 25 43 39
38 30 35 12
38 23 49 22
43 32 36 40
13 32 5 21
5 30 36 17
41 28 8 27
36 21 23 5
18 19 1 10
34 15 28 21
40 26 40 35
48 20 2 13
33 17 44 40
39 20 6 17
17 2 39 39
42 25 40 41
18 22 6 22
6 6 11 28
17 15 36 19
24 39 27 20
30 27 26 25
31 13 20 12
16 17 3 29
11 21 11 10
1 22 1 9
46 43 3 11
40 11 29 19
42 22 38 36
43 27 11 34
18 8 20 23
19 7 2 9
10 15 24 23
26 30 30 17
11 20 26 29
33 31 40 19
1 11 4 13
4 11 45 27
38 26 36 23
28 31 27 19
42 30 40 18
37 26 38 2
36 12 16 9
17 11 48 31
11 24 5 11
37 33 7 13
8 32 22 11
15 0 30 18
36 29 43 40
27 28 40 37
43 30 5 15
25 3 9 34
45 19 28 28
2 32 37 1
10 9 41 10
6 18 37 4
10 1 44 24
11 14 40 41
13 14 32 14
8 19 31 24
42 28 41 38
7 11 21 19
21 16 31 32
2 33 44 40
2 8 27 12
48 12 40 39
0 24 44 36
46 30 42 41
48 19 40 37
26 1 42 39
29 9 42 13
21 13 29 27
30 10 3 25
31 30 39 4
9 8 41 36
32 26 28 6
18 23 37 2
13 20 9 33
32 18 42 40
37 22 29 9
41 26 41 11
41 28 47 23
4 22 0 7
45 40 2 17
38 22 13 3
38 22 31 14
14 17 40 36
16 21 3 8
43 42 38 41
43 25 25 16
12 5 46 27
48 20 3 12
8 12 39 40
10 17 49 15
21 18 40 39
49 36 34 27
5 13 10 31
26 39 49 29
10 30 10 11
13 27 31 21
4 38 41 38
47 30 47 13
31 14 2 32
23 33 38 16
32 24 36 37
41 43 7 28
44 31 40 11
38 29 32 22
29 12 5 20
37 31 10 25
22 3 36 39
34 40 5 12
6 24 44 10
37 10 4 12
42 21 5 4
14 17 9 21
30 25 24 41
47 20 38 35
9 22 15 40
33 24 3 9
39 29 38 36
39 21 16 25
24 18 41 39
42 14 40 39
39 23 46 11
30 22 2 8
30 22 41 36
28 6 19 16
47 29 41 35
43 24 47 28
39 17 43 39
44 24 26 20
32 4 37 3
