50 886 13749 800
31 42 2 31
29 34 8 35
30 4 30 19
10 11 32 23
35 42 29 15
25 24 22 47
16 20 30 29
40 46 29 29
18 7 42 25
24 21 24 47
9 20 30 20
16 38 38 24
17 29 33 23
1 49 32 19
45 40 38 26
12 16 3 42
21 26 40 25
7 8 3 37
36 18 29 20
17 30 22 25
5 28 28 48
16 2 36 41
0 38 27 18
17 0 26 25
31 17 9 42
23 38 18 44
25 16 44 20
25 4 42 19
22 5 4 46
11 27 44 46
39 45 28 43
1 19 28 22
34 27 7 42
17 12 47 23
11 17 41 26
33 38 27 27
23 15 16 29
30 8 30 17
30 48 29 23
33 39 38 23
20 18 28 45
18 45 37 24
25 47 45 24
10 2 38 27
34 47 43 23
30 13 13 46
26 3 46 30
30 43 38 19
36 48 26 24
24 39 27 45
47 23 34 48
9 29 42 31
11 22 32 28
34 15 13 38
10 27 35 48
37 28 40 18
39 35 41 27
11 12 44 28
48 14 32 49
40 44 26 23
39 44 29 22
34 44 47 28
14 29 30 20
40 11 46 21
32 27 46 28
22 23 12 48
11 17 26 23
30 42 20 49
45 16 29 23
39 42 24 18
36 45 24 20
15 14 47 28
34 49 49 15
27 36 27 23
41 19 36 29
10 12 20 32
39 25 30 48
31 49 32 16
11 20 42 43
20 6 29 31
11 17 29 37
41 28 30 42
28 32 29 22
28 32 28 44
8 19 40 28
31 45 26 14
30 41 14 36
31 1 37 24
32 47 25 20
32 14 43 27
24 13 41 25
42 48 26 25
8 4 27 22
3 14 35 20
2 46 36 37
10 17 6 46
37 33 48 26
10 18 41 24
23 29 41 28
34 47 42 19
18 19 28 34
10 22 37 27
29 34 39 24
25 37 21 41
13 20 49 21
15 16 27 16
45 46 46 24
3 21 24 19
31 43 37 35
43 49 41 20
48 31 14 31
32 45 39 25
35 36 12 41
21 31 14 44
44 12 33 45
12 18 11 31
1 6 19 45
10 15 32 21
22 9 46 21
7 46 30 16
26 24 23 20
10 22 31 45
30 8 26 21
9 17 42 22
46 17 36 49
17 39 30 21
17 17 44 28
12 39 39 25
34 37 26 46
22 47 31 21
0 11 48 22
30 10 43 39
44 16 14 42
33 36 41 33
36 42 26 23
6 42 24 27
14 19 32 21
24 48 27 25
28 31 32 43
32 9 21 45
21 29 42 24
30 48 1 39
39 16 28 23
25 42 44 28
20 10 44 29
34 4 27 18
47 6 30 38
20 37 42 22
20 31 43 22
33 34 5 38
26 48 33 28
8 22 27 25
8 20 15 48
15 15 24 24
26 16 41 22
41 23 32 20
33 33 44 21
30 28 16 47
24 41 46 24
38 36 7 45
23 40 40 25
43 48 30 48
14 37 41 25
7 16 42 27
14 3 1 38
9 17 34 25
32 7 5 43
9 24 40 22
27 43 17 48
18 39 12 39
28 29 34 18
18 2 26 23
33 38 45 24
49 37 42 23
6 12 45 25
45 33 33 38
37 14 21 43
24 32 5 37
27 45 45 24
25 40 29 16
25 30 8 39
8 29 43 21
32 7 46 31
13 9 28 18
40 24 24 22
31 34 43 22
37 48 36 36
25 39 37 43
9 41 25 22
38 9 46 24
6 13 25 22
25 45 26 20
32 41 40 30
10 22 11 41
11 32 37 26
15 12 44 29
36 16 30 40
17 39 41 17
22 24 7 34
27 11 24 22
45 44 38 36
22 7 42 22
25 37 41 22
25 35 32 22
32 16 15 40
29 39 27 43
14 11 41 24
18 1 29 20
39 35 40 30
32 28 29 45
8 23 26 21
27 41 25 26
18 9 31 39
33 14 23 21
14 25 31 19
28 43 26 19
36 40 46 26
25 5 32 46
25 4 30 16
10 49 34 21
24 49 43 21
13 3 43 27
43 25 18 36
22 41 27 23
5 49 24 24
11 16 33 45
32 25 15 38
34 42 31 19
34 8 40 42
17 48 43 24
11 20 43 25
8 19 43 26
39 42 43 24
13 25 28 49
23 19 34 29
19 27 23 48
28 26 44 21
12 16 22 49
30 22 39 40
27 42 28 23
43 20 44 24
29 7 9 42
20 19 10 39
17 36 31 16
8 20 38 25
39 14 4 33
49 24 12 30
22 19 28 20
42 35 26 21
24 32 28 22
18 12 28 19
29 37 40 29
16 17 33 49
11 19 41 25
16 11 40 39
10 5 26 47
29 31 33 48
10 45 15 38
14 39 41 21
37 44 43 24
10 20 38 23
21 2 31 47
9 21 8 34
23 43 41 25
29 22 17 41
32 44 44 20
31 13 8 49
13 10 26 22
7 21 24 23
10 19 39 26
27 38 17 46
13 20 26 20
0 19 28 21
22 10 30 25
13 13 28 44
13 16 39 49
17 38 25 17
46 47 29 47
12 22 25 19
12 4 11 38
23 19 42 21
6 28 13 33
11 32 28 15
30 32 25 20
13 22 19 24
44 49 39 25
2 15 30 43
40 41 41 32
15 15 34 47
8 15 26 23
18 42 42 32
23 29 13 43
28 4 41 32
25 48 12 36
20 2 32 16
17 23 32 43
47 39 40 27
41 10 39 24
24 41 32 47
10 5 22 43
19 31 31 47
24 34 29 44
47 21 30 47
24 35 9 37
27 24 40 23
23 49 43 25
36 33 26 19
18 47 34 49
20 10 48 30
27 37 43 19
12 19 36 46
28 30 27 46
49 23 31 49
17 9 42 28
8 23 27 49
23 2 39 44
10 23 23 48
36 38 29 22
35 42 39 21
1 2 24 19
13 17 14 39
20 36 34 44
15 14 47 26
12 18 37 19
12 40 23 21
33 41 4 48
47 39 43 25
30 39 13 43
6 6 30 21
9 25 28 46
40 10 29 44
0 45 43 20
41 43 42 26
9 24 32 49
34 37 35 32
13 37 42 31
13 21 31 49
45 22 7 36
1 45 48 24
11 21 29 35
31 44 25 47
16 31 25 19
29 47 26 24
15 5 22 24
19 12 32 49
36 24 42 27
34 27 31 20
36 20 34 38
6 44 47 27
24 40 41 26
1 19 44 24
4 9 31 49
45 19 40 32
32 31 10 49
9 20 40 19
3 20 33 47
23 10 36 24
19 21 14 47
33 43 23 21
37 34 21 49
42 38 25 21
19 33 16 46
25 44 43 29
35 30 27 46
15 7 33 23
38 20 39 28
35 41 38 24
13 16 39 24
29 27 24 19
21 10 27 20
5 35 30 49
28 31 41 33
27 34 42 25
21 36 45 22
37 8 10 45
16 35 32 49
11 13 47 22
18 20 36 28
9 17 38 21
13 7 26 18
35 37 24 17
9 37 17 39
40 48 35 27
34 44 43 31
38 27 30 39
43 45 28 25
11 15 25 23
9 20 37 22
23 19 23 47
27 21 44 30
29 29 38 27
36 11 38 20
15 20 42 41
38 39 26 45
19 34 44 31
32 38 41 23
10 22 26 22
18 18 33 48
46 43 27 23
7 23 15 39
15 20 26 44
31 29 46 29
4 13 45 22
32 18 32 45
23 31 45 26
43 16 42 25
2 28 38 27
19 8 27 20
22 6 35 48
11 19 37 19
44 17 26 22
29 27 37 32
11 19 41 40
40 34 22 18
1 46 40 27
41 43 30 19
11 18 28 49
37 40 27 37
46 35 0 43
29 32 25 20
4 21 40 28
23 1 43 21
12 18 22 35
14 16 9 41
30 42 43 25
6 13 39 37
11 17 24 23
16 30 26 23
19 8 28 49
26 6 38 24
10 15 42 24
35 39 34 32
36 31 36 41
49 22 32 44
34 24 27 20
38 39 45 21
44 42 41 32
40 38 25 24
13 18 26 25
12 22 36 42
23 43 9 43
22 24 40 24
33 40 41 20
25 33 38 22
11 21 32 43
31 44 10 48
38 13 43 19
10 21 27 21
12 18 35 48
44 10 29 39
21 10 28 18
15 16 34 18
14 29 41 32
38 48 14 45
38 34 46 27
18 5 41 29
19 0 32 28
46 26 40 24
0 31 35 44
30 8 27 48
11 9 26 20
25 41 13 49
45 16 30 28
19 14 44 31
33 19 38 29
47 42 18 35
10 49 17 37
25 49 27 23
23 3 45 27
34 46 27 19
17 28 27 17
11 18 25 20
15 20 27 23
28 8 32 27
33 13 23 18
47 42 30 42
32 43 25 27
3 12 21 21
28 42 19 46
26 13 24 19
7 28 10 37
46 45 47 28
38 42 29 45
36 43 25 24
15 36 48 24
0 30 43 24
31 7 26 40
34 23 23 21
32 19 36 28
6 8 42 19
34 26 27 30
14 22 28 19
27 42 23 23
41 40 25 18
22 9 42 26
36 26 22 32
28 46 2 41
8 22 42 20
31 18 42 30
35 19 4 40
25 3 41 18
25 49 29 45
16 34 26 47
18 6 48 23
23 25 31 46
10 20 24 24
24 26 40 25
19 22 40 26
14 5 31 35
29 29 47 22
10 23 27 23
12 21 41 23
35 0 14 48
11 17 38 17
24 43 10 39
29 25 39 17
22 28 24 49
17 40 43 27
3 5 44 28
13 18 36 41
9 19 40 27
27 1 28 45
11 7 25 48
4 15 35 46
38 7 42 18
39 49 40 24
9 18 15 49
44 20 42 28
19 17 29 24
30 32 12 42
12 17 37 48
9 16 36 32
33 49 5 40
29 24 28 20
34 27 36 22
36 41 30 19
23 24 41 25
26 34 43 24
45 36 40 19
10 36 31 19
8 17 16 42
29 48 38 31
36 47 45 33
35 45 37 25
27 20 34 19
29 48 41 23
41 36 34 40
20 24 28 22
32 13 20 45
3 8 29 48
10 18 38 38
22 34 38 30
33 45 43 40
35 15 27 35
13 21 33 27
7 22 23 38
7 43 29 16
9 19 37 29
32 31 31 46
10 43 41 31
34 32 41 27
19 22 41 23
10 17 45 23
7 15 29 45
44 30 38 23
39 42 28 46
16 4 25 24
14 4 25 20
15 21 16 47
40 38 24 22
35 27 33 31
30 41 19 43
24 30 49 23
35 10 33 47
20 21 42 28
12 21 44 22
6 5 27 49
26 48 33 47
10 43 43 21
22 42 12 45
16 29 34 35
47 46 24 25
23 9 33 28
10 16 28 21
26 26 37 43
44 18 21 41
36 20 27 20
16 20 32 43
18 18 43 28
32 18 41 20
15 37 34 43
23 42 46 23
26 48 31 22
36 32 25 27
20 22 41 46
15 18 27 21
25 36 22 20
11 17 44 13
27 40 12 40
10 24 26 25
9 18 26 19
32 25 39 24
21 31 22 38
19 29 26 21
38 35 29 18
22 16 40 27
19 11 29 49
19 19 26 25
22 26 2 37
29 18 23 18
30 47 28 22
13 19 37 21
9 19 40 21
33 36 11 46
38 26 8 37
10 20 4 42
20 40 40 23
21 20 43 19
13 33 21 44
21 11 40 49
24 17 46 24
3 11 4 49
28 31 43 23
35 37 11 47
28 14 40 25
38 27 24 24
20 31 2 42
19 3 17 38
15 16 42 22
36 39 40 27
35 42 45 24
12 16 38 22
41 43 45 26
14 13 14 49
6 16 45 28
12 19 29 20
29 7 39 25
4 30 9 44
17 14 39 33
42 30 10 38
25 21 39 27
29 36 44 27
23 5 32 17
23 1 30 36
5 17 29 48
37 37 22 19
26 10 44 23
25 31 27 15
13 2 6 44
23 24 44 49
24 3 37 24
11 38 43 25
48 25 24 23
48 20 36 20
14 18 37 45
8 15 41 19
9 20 44 24
18 8 44 25
15 49 42 21
32 48 26 47
3 19 37 23
15 7 39 25
11 21 23 17
11 18 27 23
8 22 30 48
12 15 30 44
10 12 33 49
37 46 41 25
23 15 26 17
24 0 44 33
29 16 38 34
7 23 4 40
34 42 35 38
35 42 29 43
37 9 35 43
2 39 23 43
23 34 39 47
49 21 23 46
12 19 28 25
36 18 31 41
45 39 27 40
41 20 43 25
7 0 29 46
15 43 36 21
34 43 27 42
10 20 31 17
8 18 26 25
26 47 28 24
33 37 11 49
21 31 36 27
17 38 45 17
11 18 32 17
30 46 43 31
15 33 7 43
13 19 13 31
15 38 12 42
11 16 47 41
9 32 6 42
26 10 26 23
27 6 31 36
35 49 19 43
36 35 40 30
24 23 42 26
20 12 45 41
11 10 40 24
26 39 42 24
25 26 14 36
2 22 42 29
27 42 44 26
37 46 29 20
12 26 31 46
34 11 19 26
28 30 44 36
34 42 4 45
36 43 30 36
45 22 42 24
19 48 43 20
32 38 8 41
40 18 23 48
6 10 45 25
25 46 40 25
17 27 13 45
9 18 29 22
29 6 39 24
17 34 25 25
42 47 31 46
20 16 43 26
35 36 36 28
40 41 23 17
9 17 42 24
31 39 42 42
28 45 24 41
11 20 30 46
39 22 42 20
18 41 42 21
26 12 27 24
32 42 30 20
46 36 27 47
4 45 33 45
33 9 31 20
21 2 47 25
5 39 44 24
35 43 47 26
18 20 29 20
11 23 41 30
26 8 29 21
15 12 41 27
0 9 21 45
12 19 35 43
30 39 30 46
47 25 22 27
24 35 27 20
10 19 41 28
39 42 38 17
29 48 26 23
9 5 40 21
36 43 27 20
10 21 43 23
21 38 26 48
37 38 32 43
27 41 11 41
33 46 13 46
47 23 4 42
37 49 41 31
6 23 40 25
30 30 32 22
8 18 27 21
27 32 26 19
23 17 23 47
13 26 45 24
15 9 46 26
13 17 25 19
28 37 41 24
32 37 25 49
34 11 35 39
22 30 20 35
35 46 40 33
30 45 25 25
31 40 32 46
36 44 12 42
37 25 41 33
13 17 16 44
19 6 39 22
33 25 28 49
34 23 39 35
38 46 29 18
11 23 36 28
32 42 30 47
33 31 27 49
45 18 39 24
13 22 29 24
20 19 28 21
26 2 44 25
40 31 20 46
35 49 26 49
19 38 39 31
13 14 30 19
19 47 42 22
38 27 29 48
11 18 28 19
39 18 21 21
30 42 48 43
17 20 9 43
36 33 44 29
9 23 33 48
29 24 46 23
31 35 43 27
18 21 47 25
4 19 18 42
31 27 40 26
34 12 42 21
11 19 23 35
1 9 44 36
41 21 30 33
11 20 36 27
30 43 45 23
13 45 41 38
29 19 38 33
41 26 38 28
44 20 32 48
27 43 41 44
12 9 28 23
22 22 45 30
11 11 37 26
30 5 43 42
14 10 46 26
23 22 43 26
47 20 38 27
32 49 32 19
35 37 26 20
20 47 22 20
10 23 32 41
31 41 29 21
26 45 13 40
11 20 40 25
9 17 36 20
20 49 25 24
23 23 21 35
17 16 25 21
43 34 30 28
6 43 23 19
33 49 15 37
17 42 5 39
12 17 34 25
12 7 33 49
20 7 21 36
8 31 39 34
10 17 37 49
30 36 45 26
29 49 39 25
11 16 34 45
12 18 41 24
12 18 30 46
32 31 42 28
11 18 33 44
30 35 31 49
21 21 25 19
25 44 43 18
42 43 39 26
32 9 39 19
8 20 4 45
35 42 27 44
29 35 44 42
22 3 24 46
11 20 28 20
27 37 7 49
20 20 32 19
41 28 28 42
31 44 42 25
38 33 42 29
48 49 27 25
15 9 38 22
7 22 41 28
8 21 10 39
19 30 32 48
22 14 25 22
9 22 35 21
24 27 23 19
25 5 30 47
10 17 13 28
22 23 1 46
8 38 38 23
19 13 40 30
33 24 33 48
24 45 45 25
24 9 28 22
