50 105 12056 800
10 10 17 8
9 25 33 32
38 15 17 38
14 13 21 1
42 17 14 7
36 14 24 3
23 9 16 39
36 31 34 44
42 7 21 15
37 29 17 15
11 21 15 10
37 19 23 7
12 32 36 29
17 23 16 2
42 31 23 2
35 29 30 43
33 5 14 38
17 32 9 14
34 10 23 36
46 1 24 17
1 13 26 12
34 34 18 19
13 23 42 40
1 4 47 23
21 21 30 39
0 22 49 37
38 32 23 9
41 38 39 16
38 33 1 30
33 13 30 18
6 21 12 39
24 13 16 1
5 10 18 14
16 14 29 16
3 19 46 10
38 33 19 8
37 13 24 26
34 10 18 16
34 3 6 14
42 33 17 8
25 17 36 47
38 29 12 12
35 29 5 9
39 6 44 5
15 9 43 40
2 19 12 7
27 11 16 14
1 29 49 40
10 17 16 8
7 21 34 34
34 38 27 41
32 12 25 29
14 20 24 42
7 0 44 11
30 13 34 26
3 17 18 7
39 26 13 13
14 6 18 15
38 25 25 7
34 17 7 6
5 17 21 16
35 9 21 33
36 33 47 11
32 15 16 14
39 33 26 6
34 14 32 33
32 9 37 10
35 6 29 36
34 11 18 7
21 29 13 22
38 8 0 4
38 33 2 5
8 24 21 23
36 18 21 0
38 13 33 19
35 12 11 36
12 13 34 42
43 32 30 10
1 14 27 41
43 28 16 15
24 8 15 9
12 22 27 9
3 28 38 47
38 6 5 17
24 9 31 29
9 12 22 15
5 4 33 12
8 17 7 25
25 12 9 11
12 18 18 13
2 24 20 10
33 11 32 24
42 18 11 11
36 35 22 42
32 5 16 9
39 30 22 40
39 30 31 14
41 32 46 34
10 17 28 1
42 34 27 19
11 16 39 34
30 16 11 36
11 24 45 43
18 17 24 19
39 27 28 47
