50 893 11119 800
16 10 23 38
30 27 40 45
14 25 47 33
27 23 37 31
30 42 38 41
27 45 40 39
49 24 40 10
10 46 49 9
34 44 48 31
46 12 47 23
19 47 42 30
2 10 19 9
33 19 48 23
13 38 9 27
22 26 29 24
36 35 5 44
27 46 36 35
39 42 3 14
43 12 35 26
27 43 43 7
19 44 6 34
37 33 46 2
36 42 30 29
28 27 29 33
27 24 46 31
5 43 33 37
38 40 18 47
30 41 39 40
29 23 39 12
44 19 38 49
22 31 15 25
21 14 26 31
47 48 27 32
7 38 37 35
27 23 48 21
12 42 4 41
49 25 27 26
30 33 30 22
1 36 0 0
36 35 29 18
25 21 34 32
28 20 40 29
9 41 1 6
11 29 43 10
31 35 41 36
23 17 33 35
14 49 44 37
24 19 10 11
25 18 39 33
26 23 37 30
19 19 49 38
25 13 20 28
20 42 4 15
16 12 42 30
22 30 25 36
20 39 49 45
32 17 7 4
33 18 39 41
10 49 34 44
8 36 32 37
30 32 22 29
28 23 19 41
31 30 5 10
21 27 14 28
19 21 42 40
28 26 40 48
28 23 2 18
26 30 41 48
0 37 36 40
26 26 42 21
33 31 7 23
33 43 33 31
19 20 13 16
35 38 25 27
13 44 3 40
22 37 45 26
29 38 38 30
5 36 9 29
17 24 14 21
47 31 39 36
27 23 11 27
24 41 1 48
12 40 25 16
27 28 2 36
17 38 45 7
21 42 33 15
42 34 2 15
22 21 40 13
24 25 47 44
34 45 38 30
6 39 18 19
19 26 9 21
30 34 38 4
34 28 36 45
28 30 39 5
36 8 21 36
25 39 49 33
25 11 31 34
27 24 37 36
21 18 30 36
23 16 10 40
10 49 12 45
15 20 30 35
28 21 28 5
22 15 42 33
21 28 18 24
20 34 46 48
35 39 49 31
48 17 33 39
20 35 3 43
23 44 37 7
36 35 31 36
27 25 5 38
17 20 40 35
36 43 45 29
27 26 47 29
0 31 20 26
26 21 37 2
7 38 11 46
31 42 45 20
41 37 40 13
27 24 42 20
18 44 28 37
1 38 34 15
8 32 37 23
28 17 49 31
27 46 4 19
37 46 46 38
0 30 49 31
34 38 34 43
26 26 49 15
30 48 39 19
34 39 25 45
47 18 38 35
26 48 16 17
11 37 2 10
25 18 34 33
24 17 13 12
11 18 46 47
11 6 40 44
3 35 12 20
29 15 9 22
11 26 23 34
29 46 45 32
24 24 20 48
34 41 0 45
28 16 45 10
27 21 32 38
29 41 2 14
36 32 9 41
32 23 49 20
23 39 33 37
30 40 23 35
42 35 9 44
36 45 31 34
35 44 32 39
37 46 44 33
36 20 4 12
4 21 9 10
14 11 36 26
24 25 43 10
27 20 23 30
20 49 39 26
29 15 34 37
36 19 36 30
27 30 39 21
23 15 30 16
21 25 49 30
6 39 41 42
7 46 34 6
42 44 17 30
32 38 42 43
40 23 44 29
35 42 21 32
33 19 5 16
16 43 32 21
22 25 34 30
34 21 7 7
24 29 9 15
11 39 34 43
23 21 23 14
11 23 33 43
7 1 30 48
17 39 45 43
33 37 45 43
8 39 4 24
5 35 41 34
18 18 10 35
28 23 17 45
23 23 41 10
11 46 8 20
2 37 27 39
9 46 17 43
19 21 39 8
28 18 28 27
39 36 22 20
23 23 36 34
45 25 48 38
21 34 6 43
28 19 41 39
9 26 22 19
32 31 34 34
30 27 35 40
37 38 35 35
28 21 46 20
26 29 44 44
22 12 25 39
35 19 23 26
44 30 38 18
1 40 43 37
26 17 47 1
27 28 39 25
29 28 41 9
36 28 30 49
20 39 3 42
33 21 26 23
27 23 49 14
25 40 12 43
11 37 39 32
8 25 35 43
27 19 46 3
29 25 20 10
26 20 30 31
23 21 33 40
30 26 42 3
21 17 28 35
27 26 42 26
26 21 11 26
34 1 4 27
24 16 39 39
13 13 39 32
46 38 26 39
22 19 30 37
0 48 9 49
22 28 40 28
0 44 37 28
30 40 27 12
22 13 21 26
17 41 5 49
41 49 48 10
15 10 33 34
9 12 0 20
30 34 45 33
23 10 46 34
27 18 5 10
1 39 21 27
21 24 7 41
21 22 44 9
23 48 37 38
27 16 41 31
30 26 29 36
20 8 34 37
34 24 35 37
34 27 40 35
18 24 22 26
0 22 6 23
29 24 31 40
24 21 21 49
14 41 4 45
29 21 35 26
7 5 9 39
12 8 36 33
14 15 32 38
39 33 24 26
25 11 12 11
3 21 24 27
30 18 36 37
27 29 37 12
28 46 42 35
33 39 23 29
19 20 44 32
27 23 28 27
26 34 4 38
28 16 1 20
20 13 38 34
39 34 11 13
31 21 14 14
11 34 47 36
32 43 0 15
1 13 42 48
9 31 6 47
21 21 39 25
21 22 45 30
21 20 47 33
27 32 46 4
30 45 28 33
25 28 35 38
25 11 4 12
11 20 9 3
16 48 46 34
34 39 22 25
15 25 48 26
24 48 32 40
19 17 16 48
17 41 30 34
17 41 41 5
25 23 19 32
25 28 25 42
32 13 43 16
40 22 28 29
38 30 39 35
31 40 11 31
32 14 7 40
3 32 43 33
35 30 42 38
8 41 33 43
16 16 38 4
36 48 31 12
14 43 24 36
3 35 49 32
28 28 48 1
23 21 22 29
35 29 43 38
29 21 36 35
29 27 44 14
14 40 16 28
35 42 40 33
39 18 40 34
19 19 1 16
11 28 21 46
27 46 27 41
30 37 13 43
22 18 36 41
25 45 14 36
8 40 44 27
38 35 0 2
32 34 40 43
19 23 43 36
19 25 21 49
26 44 31 37
24 17 42 42
40 38 17 46
29 21 47 35
18 33 35 47
34 36 3 18
4 37 38 4
33 27 21 27
4 15 33 37
27 14 1 47
35 20 13 34
21 16 36 25
5 48 31 42
28 33 38 31
7 42 34 3
16 24 46 44
21 15 27 34
30 37 31 32
26 28 3 7
12 43 47 34
34 33 9 20
13 39 41 29
31 47 32 36
21 16 23 32
47 47 29 49
13 41 29 30
22 24 37 14
27 24 49 28
28 16 2 6
22 21 37 36
35 45 18 21
21 46 5 24
18 23 31 13
23 14 32 24
41 48 9 38
21 23 35 7
18 40 33 34
18 36 0 10
34 44 21 9
25 16 45 36
13 45 29 37
25 20 8 40
3 34 34 41
19 37 38 17
46 42 33 24
30 15 43 23
37 35 31 34
25 23 43 13
31 43 35 39
36 36 46 21
16 49 9 32
26 12 4 45
12 6 42 48
8 28 43 4
25 25 27 38
24 24 44 35
32 42 12 33
5 43 14 29
13 19 34 36
21 38 31 37
41 30 20 43
30 49 31 44
47 47 47 27
22 41 22 25
2 38 13 2
44 37 21 38
3 36 3 45
30 29 45 26
24 28 36 47
40 25 0 15
25 25 43 39
29 40 39 10
25 25 18 30
20 24 33 35
19 43 28 23
11 43 49 26
41 43 16 24
29 49 30 36
24 32 34 40
8 47 31 21
31 45 30 35
24 12 38 32
26 36 32 42
40 30 29 28
29 22 41 29
41 26 35 40
41 11 8 22
32 25 44 13
23 18 33 43
43 34 35 42
27 19 24 30
23 30 39 40
18 18 5 43
32 32 43 17
29 24 5 42
8 45 16 30
14 31 47 37
30 37 12 1
8 28 19 29
26 23 24 41
16 13 43 39
34 24 21 39
18 24 1 25
40 39 31 31
22 31 44 48
24 22 9 16
21 18 49 25
32 32 24 33
29 14 30 33
26 15 20 20
25 23 47 36
13 49 45 35
32 15 1 21
39 2 32 41
7 13 45 49
30 22 25 23
24 48 38 26
44 42 34 35
29 34 17 15
27 25 36 38
23 13 8 12
20 18 11 11
29 23 33 35
47 37 42 37
32 40 33 27
19 48 1 42
19 16 39 37
11 46 4 42
29 22 10 24
23 22 18 48
15 36 34 40
21 21 30 42
9 26 39 24
20 21 35 40
39 37 16 4
36 35 14 23
39 36 37 44
33 33 32 39
21 46 3 17
20 42 6 47
37 39 26 35
8 37 5 17
23 29 47 37
10 31 27 36
9 10 16 4
7 40 44 34
28 9 47 37
27 21 11 25
12 44 6 18
21 23 39 7
29 12 44 11
24 14 20 24
25 16 21 22
20 42 19 30
28 21 35 39
20 35 42 37
19 38 3 0
33 45 47 31
47 44 38 47
27 26 3 18
31 40 36 40
9 38 17 39
46 33 28 1
34 42 10 26
47 35 8 42
20 9 36 34
40 31 28 28
28 25 39 26
6 13 31 36
35 35 48 29
27 19 7 23
46 47 44 38
23 14 22 35
13 32 14 25
25 21 37 28
24 24 35 14
28 43 17 32
9 30 48 39
23 41 2 18
25 26 29 42
26 43 6 44
22 15 32 11
24 17 25 31
29 33 17 23
29 30 10 11
19 27 43 12
32 18 5 20
36 37 27 20
24 35 39 7
18 24 16 11
25 26 28 8
10 18 33 8
27 24 38 31
16 13 40 11
33 39 17 26
23 18 6 15
38 43 4 40
30 23 12 34
28 45 49 8
20 41 49 28
18 19 5 25
41 36 8 19
24 21 46 10
4 38 47 32
15 42 24 19
15 21 41 5
6 39 39 8
37 38 41 47
7 47 40 23
37 3 36 32
19 18 46 35
13 11 40 14
8 22 8 11
17 9 33 36
4 14 42 32
20 22 38 35
6 27 33 34
13 29 34 38
31 34 36 33
9 33 48 1
29 25 36 36
45 43 43 9
24 21 22 29
41 15 31 32
27 23 14 14
28 45 32 35
24 25 30 20
29 17 20 37
5 44 32 31
5 46 27 23
24 26 38 36
6 32 14 49
5 42 35 41
43 24 18 8
28 48 6 14
32 32 13 17
35 22 45 47
5 40 25 32
27 9 5 45
38 38 44 22
29 14 49 38
17 27 47 48
39 32 26 7
28 28 31 37
24 29 41 35
40 44 15 40
16 7 36 34
40 46 7 41
42 8 36 18
1 41 16 31
21 22 29 2
35 35 37 5
20 20 4 49
0 19 29 41
32 30 31 37
27 38 38 34
26 21 13 21
31 42 36 12
22 42 4 46
29 19 44 40
8 35 34 35
34 38 49 35
9 39 46 25
7 23 45 3
30 16 19 41
27 25 18 26
35 35 2 18
7 18 21 39
33 31 42 3
9 11 1 42
39 40 11 33
18 23 35 36
41 21 30 47
16 39 28 21
20 18 26 4
33 36 41 31
21 8 32 34
14 18 23 26
32 22 47 17
21 23 45 32
23 25 34 33
15 48 14 23
44 24 47 39
42 35 10 9
23 22 36 22
34 22 8 26
17 33 48 26
28 21 9 32
31 21 33 38
29 25 33 35
29 8 35 36
14 40 24 37
36 37 36 13
22 24 7 1
28 25 1 10
22 21 21 33
20 21 33 43
6 44 32 30
20 15 7 43
29 36 4 38
1 22 47 41
30 34 42 44
34 39 33 33
25 16 35 33
22 13 3 17
43 47 32 30
36 46 19 11
24 19 3 48
31 25 8 35
18 35 34 45
19 23 11 1
17 44 29 29
13 44 37 34
17 20 45 34
21 12 35 19
20 27 8 44
7 45 20 18
23 18 36 49
36 32 10 21
22 48 27 0
4 31 36 27
13 19 21 27
12 43 23 27
36 39 29 27
32 20 37 29
18 33 0 15
19 19 36 36
8 8 38 3
29 20 48 33
34 14 42 10
10 1 4 11
23 28 16 24
22 23 40 44
33 35 39 24
39 36 43 20
24 20 44 6
25 24 38 24
28 20 33 31
32 39 40 29
31 39 2 19
3 39 42 30
37 38 37 44
22 35 39 5
18 26 48 37
24 13 37 7
24 23 4 20
22 33 14 11
22 22 3 18
22 30 15 31
35 0 29 33
25 19 44 48
26 24 5 47
26 9 2 46
44 2 1 36
26 18 37 32
20 19 6 24
15 41 21 41
40 29 12 27
8 30 9 7
21 33 28 34
41 2 3 48
38 30 40 34
28 21 34 34
5 45 5 25
18 37 32 35
23 25 1 40
38 40 0 38
32 21 42 38
33 37 22 17
36 20 43 31
22 24 30 35
24 48 36 29
46 40 6 2
4 42 25 27
11 25 26 31
27 16 34 45
43 48 43 36
23 18 40 40
34 34 22 20
49 40 13 43
31 20 17 26
34 28 39 30
22 22 5 22
33 26 46 37
31 41 44 29
41 28 1 43
15 16 2 21
22 31 30 7
12 39 42 34
34 25 29 19
30 23 28 43
24 30 49 19
49 18 21 30
36 37 47 37
27 44 38 27
10 41 15 26
10 6 15 26
37 43 23 30
20 11 0 38
28 21 23 22
15 35 29 37
24 34 44 37
47 38 20 39
26 13 38 22
28 24 22 10
31 23 46 13
25 22 45 23
28 30 39 47
29 19 40 27
26 23 30 18
25 25 0 17
17 12 45 24
19 37 19 42
38 32 10 42
28 20 45 32
23 27 38 25
33 33 49 18
34 48 32 36
26 28 33 40
29 44 16 29
34 43 21 38
11 9 2 22
4 36 32 38
13 22 17 41
45 29 43 45
27 22 43 30
26 36 38 32
10 40 6 41
26 49 45 13
3 28 35 36
26 21 35 40
22 19 39 38
26 38 34 15
21 21 46 25
38 42 2 46
39 30 44 7
23 36 10 20
21 39 29 36
42 44 36 34
11 28 33 25
22 22 39 33
27 25 30 21
4 41 21 17
25 17 36 7
29 23 4 47
16 28 29 33
14 44 21 42
37 43 39 29
28 13 37 38
26 26 38 33
21 6 39 43
13 12 20 24
26 24 33 34
15 19 29 12
29 26 35 45
21 45 39 35
4 48 46 35
2 33 17 40
23 16 42 29
26 22 0 26
14 49 32 22
49 18 26 45
37 40 41 44
29 25 37 38
23 16 43 36
39 34 45 30
23 14 5 37
27 25 28 37
21 43 11 9
29 39 41 48
19 23 34 31
22 22 23 32
20 25 39 18
26 48 24 26
26 46 38 37
13 23 36 35
35 34 30 37
39 37 31 34
48 35 34 32
24 33 4 42
25 20 29 47
22 20 38 39
18 17 45 19
26 27 48 42
48 40 46 36
23 42 11 14
30 30 26 0
37 13 2 17
39 47 5 11
17 30 44 30
11 47 20 24
16 43 46 38
15 35 14 26
12 46 4 13
11 24 32 46
26 15 11 44
19 19 0 15
22 32 34 37
46 45 22 26
32 26 35 37
18 20 24 13
9 28 13 37
20 23 43 33
14 2 3 20
34 48 5 47
16 18 39 34
21 18 40 40
25 23 13 11
31 40 31 30
35 42 44 33
16 16 36 30
44 15 3 17
25 33 9 41
29 25 41 47
20 22 18 37
29 20 42 11
19 17 44 5
18 15 29 27
2 36 49 33
43 28 34 15
37 36 8 24
40 19 4 39
34 36 11 41
43 39 5 36
28 19 10 37
26 26 18 23
24 23 4 49
28 31 19 48
19 25 11 27
35 39 39 8
9 38 31 43
43 45 37 33
20 35 39 35
32 38 37 39
31 27 26 22
33 25 44 49
28 19 15 25
24 23 25 4
11 44 35 46
37 24 30 37
48 39 0 26
35 37 18 48
29 49 41 39
27 26 1 16
25 18 30 24
16 15 6 19
27 21 46 1
29 19 14 38
28 22 32 34
39 30 26 31
23 21 33 5
13 22 23 14
15 5 21 28
8 23 43 41
37 41 43 31
28 34 24 24
12 24 26 26
29 24 27 11
14 45 43 44
20 25 4 43
26 21 30 42
27 49 46 35
6 37 38 31
23 16 28 34
