50 163 13030 800
41 14 14 46
32 22 11 31
31 5 17 26
18 42 30 46
20 38 23 11
26 20 29 36
33 10 19 15
33 6 12 38
34 16 30 17
31 19 11 39
32 20 48 40
17 44 37 28
35 11 34 41
36 17 24 16
8 19 42 14
27 34 26 4
2 30 29 34
5 7 9 1
29 8 17 49
41 13 23 35
49 5 26 46
41 15 3 45
27 22 28 48
26 16 12 49
34 6 45 17
42 8 39 16
3 29 37 45
39 11 10 12
30 18 37 33
27 22 11 39
40 8 20 23
34 4 25 16
8 35 34 16
3 26 12 1
42 22 39 18
25 49 10 3
20 41 47 30
28 34 3 11
46 15 35 19
30 18 26 19
30 19 33 47
42 4 20 24
36 20 42 39
17 40 11 25
41 10 25 37
39 7 32 28
31 17 2 31
44 10 12 11
35 16 40 44
39 8 39 40
39 7 39 44
43 8 22 23
32 23 44 43
9 40 27 28
31 17 32 34
24 17 35 20
10 29 19 32
22 7 24 36
32 19 35 37
12 15 35 37
44 17 46 22
23 13 19 23
12 20 20 41
25 40 36 49
39 12 26 20
47 14 48 24
24 11 31 7
20 39 37 13
20 41 49 14
25 19 48 22
21 10 6 18
30 27 12 34
35 11 12 1
38 6 10 10
17 42 30 32
23 14 41 35
45 4 28 4
9 9 20 4
22 21 36 27
23 4 40 40
34 15 34 45
41 11 18 29
40 9 19 23
33 10 2 11
22 42 34 12
41 9 37 48
39 2 41 29
32 13 39 34
30 1 22 36
27 18 13 17
19 41 17 46
37 5 34 29
22 7 24 4
4 27 42 26
35 11 28 39
19 25 38 5
16 42 39 29
31 4 6 2
11 18 13 49
30 18 28 49
26 19 33 49
20 36 48 33
41 1 31 28
26 16 34 3
24 20 6 30
28 17 37 45
27 11 21 14
36 5 23 42
13 40 24 3
27 13 35 11
33 14 30 48
37 25 15 22
15 13 9 25
32 22 14 34
7 31 25 40
24 11 26 28
25 33 22 48
41 12 5 18
27 17 1 44
31 2 29 25
37 12 18 35
15 41 48 26
48 10 39 42
23 32 6 13
19 43 36 31
8 19 31 11
4 32 36 46
18 35 44 48
4 16 31 38
30 12 42 18
29 16 40 15
34 8 16 24
13 9 23 34
19 45 43 8
32 11 42 37
37 17 27 28
23 20 20 26
26 10 29 48
33 21 28 30
10 27 11 34
38 8 44 41
32 23 7 32
31 23 12 21
44 12 47 35
41 7 37 24
29 19 23 29
30 8 35 34
18 43 29 8
22 9 36 26
31 19 27 32
49 26 10 16
39 17 0 49
31 21 36 33
20 41 32 12
40 8 13 28
11 4 26 37
44 10 45 32
18 40 43 13
21 9 32 28
23 39 41 14
44 16 22 12
42 5 37 26
27 27 38 6
