50 1088 13184 800
17 35 25 10
3 2 32 16
7 8 10 22
26 37 37 6
13 47 28 16
7 6 39 23
1 0 27 12
9 5 20 1
7 4 37 7
11 7 1 14
8 16 5 6
1 4 26 12
0 4 37 20
2 3 26 12
17 37 29 24
6 0 27 49
1 12 41 19
2 2 32 21
14 31 22 13
6 2 30 47
13 39 25 24
13 33 12 13
19 21 12 11
9 4 36 38
4 7 27 16
12 6 36 13
18 21 14 9
2 4 26 48
2 3 40 30
21 27 8 15
8 1 31 18
8 7 27 15
20 5 8 28
9 49 25 21
3 3 21 24
48 30 47 1
19 3 20 18
5 1 39 18
7 37 23 35
1 32 35 40
10 8 23 12
22 47 7 17
29 39 46 21
6 12 37 41
10 3 21 30
4 9 17 29
22 36 16 33
5 0 34 42
9 5 15 26
12 41 24 39
6 3 43 3
17 34 33 25
6 7 21 10
9 48 32 39
4 4 30 0
8 7 30 4
10 10 21 4
12 10 27 41
20 3 24 19
6 4 26 16
11 16 29 45
12 0 2 0
10 6 31 24
20 34 30 17
19 6 16 13
19 20 12 29
17 2 13 3
9 8 31 41
7 8 44 5
8 12 8 39
18 2 40 27
3 33 49 16
4 2 32 42
24 24 18 6
20 14 30 40
3 34 12 2
7 8 37 41
7 7 26 48
4 4 47 10
8 10 5 29
13 43 35 47
8 5 14 22
9 5 26 22
18 2 24 20
26 45 22 19
5 3 25 43
0 42 26 20
6 38 39 19
10 2 31 19
12 46 29 42
25 29 11 1
24 44 20 29
5 5 13 31
21 12 35 14
7 6 26 13
5 9 41 35
9 11 17 7
28 41 30 14
13 6 44 40
6 2 29 30
18 0 31 36
18 7 47 16
8 7 41 4
40 35 30 45
1 42 30 9
22 3 26 20
2 38 27 15
7 48 46 26
13 9 12 38
23 11 28 16
4 6 20 10
28 15 14 3
12 1 18 33
1 7 30 39
5 0 19 40
4 3 6 0
15 2 5 45
10 2 12 43
16 34 5 9
0 41 30 17
15 45 33 45
5 2 42 22
7 9 35 39
8 9 25 40
8 5 30 44
24 4 41 19
3 9 0 36
10 9 5 33
29 36 23 17
5 5 20 12
7 0 17 11
5 5 31 44
9 8 30 40
6 0 15 12
25 28 37 14
8 2 28 5
7 47 23 9
36 21 33 17
13 45 26 18
10 6 27 36
26 5 46 38
22 7 17 8
8 46 13 13
19 4 28 40
8 12 7 7
9 11 41 10
17 3 35 42
20 44 45 44
7 3 1 9
7 31 26 39
7 42 49 11
9 0 36 12
10 6 46 34
15 45 23 44
6 9 13 0
3 3 19 14
14 23 9 39
0 12 29 41
0 13 25 17
47 40 33 36
19 3 29 45
14 18 35 18
11 10 6 4
22 41 21 36
2 6 22 31
17 25 27 44
3 10 15 11
7 7 33 42
9 6 42 29
16 46 27 21
9 5 29 21
8 11 28 43
20 30 10 37
9 10 16 36
19 47 24 17
6 42 12 26
11 25 38 27
7 7 37 29
11 6 25 36
7 4 28 42
7 1 31 4
3 20 29 37
5 12 39 16
36 34 7 13
8 10 14 7
2 44 37 38
10 4 31 19
1 9 28 22
16 19 20 32
13 49 30 46
13 43 34 10
10 27 34 45
5 8 40 17
17 36 21 21
17 3 12 19
17 3 20 19
2 32 16 47
15 21 48 29
4 40 11 38
14 35 22 18
12 46 28 17
22 47 8 23
2 6 7 6
10 5 39 31
3 16 35 21
15 0 36 27
21 7 23 28
3 2 46 5
9 36 30 26
8 7 8 15
16 2 7 30
14 8 38 25
9 5 30 45
24 36 24 15
17 2 8 29
5 29 40 19
26 12 33 40
12 4 25 39
1 8 6 28
3 6 25 46
2 1 14 34
23 26 6 33
5 0 11 35
17 9 30 37
8 9 5 11
9 30 27 12
14 27 49 17
19 5 40 8
25 40 22 33
20 34 25 5
16 32 44 25
22 1 16 6
11 38 13 28
20 6 40 30
30 11 17 21
31 47 23 32
11 6 36 41
18 1 23 12
1 3 29 8
22 1 46 18
7 9 26 17
7 3 39 39
10 6 46 35
6 8 37 19
8 30 4 29
10 7 11 36
14 8 45 32
15 35 39 21
19 40 28 18
9 9 19 30
3 4 39 38
26 22 4 20
8 14 9 7
22 40 47 42
1 6 17 30
4 10 5 14
13 10 34 11
6 32 29 43
9 9 20 14
11 8 15 16
6 47 45 20
4 9 26 13
7 34 11 24
17 4 39 13
6 2 46 41
16 26 25 21
8 8 4 12
9 11 28 43
4 7 42 21
3 12 20 9
17 25 23 17
21 16 38 10
0 20 3 9
11 6 17 32
5 42 7 25
0 41 47 26
6 3 34 17
16 9 38 5
12 10 15 24
8 8 21 20
5 10 39 26
11 15 8 22
7 8 37 21
10 9 27 8
45 48 24 11
6 11 29 16
4 5 31 13
7 39 26 37
27 12 29 44
19 32 34 2
10 2 23 39
17 31 33 40
8 6 29 27
8 7 11 31
8 10 39 21
13 36 42 5
7 8 28 19
27 38 43 14
10 48 31 40
0 3 26 33
14 30 27 47
14 7 24 21
15 42 28 46
12 8 38 15
2 10 33 39
12 30 23 25
11 9 12 0
9 1 42 38
5 7 23 13
10 7 39 19
11 24 13 7
8 7 9 39
9 6 38 23
3 6 33 20
26 37 2 1
11 32 47 46
10 4 31 44
10 12 30 43
13 6 19 8
35 39 24 11
8 9 20 16
0 2 16 19
44 40 19 8
8 10 31 45
18 6 6 6
6 13 37 17
9 7 35 16
28 43 9 0
19 8 14 25
7 6 34 12
1 6 37 22
21 47 29 42
13 46 24 1
3 0 12 8
8 7 31 11
10 8 28 17
4 33 25 37
3 23 40 35
10 6 31 33
3 3 28 44
8 4 4 11
7 14 19 43
6 40 10 8
10 6 13 21
3 38 31 34
9 5 21 6
18 5 35 21
11 43 39 26
2 35 41 15
18 1 23 2
17 26 20 4
6 11 35 21
20 4 21 25
17 46 30 18
3 7 36 5
13 14 47 37
5 9 28 18
3 16 17 13
0 3 20 17
7 7 25 16
12 7 15 5
8 4 31 36
23 39 40 17
8 8 29 36
4 6 7 35
9 3 2 6
19 1 15 8
3 5 14 4
6 9 11 2
9 37 38 20
6 13 29 26
0 4 18 19
2 3 9 14
9 29 25 34
3 39 27 45
10 5 25 36
17 33 12 30
7 1 7 17
10 10 22 21
35 37 33 47
32 43 28 28
6 35 29 37
18 4 30 12
5 5 13 5
24 7 43 26
18 6 26 44
6 3 41 10
39 24 33 26
21 9 2 40
14 31 31 12
0 9 8 7
13 3 32 33
3 0 21 26
6 11 48 24
4 6 29 29
15 48 9 12
33 49 37 31
3 35 38 18
14 18 11 0
23 44 17 17
5 9 32 22
7 39 10 21
28 46 24 10
14 4 40 32
3 6 25 23
11 38 31 19
4 11 13 35
22 6 17 23
5 6 22 12
20 43 32 42
10 1 16 25
0 22 24 14
18 34 7 0
11 6 21 8
6 42 34 16
4 8 32 31
9 9 37 26
31 42 18 11
17 19 3 41
6 8 33 37
40 31 10 7
12 45 21 33
14 8 32 46
10 42 8 37
9 7 41 26
3 36 45 37
21 4 36 12
6 9 17 3
25 30 36 47
7 2 31 21
5 15 30 14
7 44 34 45
4 7 10 10
8 8 18 33
32 23 19 8
5 40 10 32
18 28 23 19
29 35 8 14
1 5 25 43
29 43 36 26
2 47 30 46
26 20 28 14
11 7 38 29
26 45 31 44
6 4 46 33
1 13 5 34
26 37 27 28
15 8 41 17
9 4 43 21
5 8 28 41
13 9 42 35
19 4 23 15
24 36 14 42
8 13 26 13
4 45 44 14
8 7 37 11
29 31 29 15
9 10 36 40
18 6 10 31
11 7 29 41
13 7 21 14
21 43 37 28
9 10 17 45
10 8 31 7
1 38 39 23
34 30 22 21
7 7 21 29
4 7 13 13
1 42 22 15
18 2 30 6
2 4 37 31
3 9 31 45
0 1 42 18
10 6 11 24
9 36 38 44
16 2 48 16
22 47 35 22
8 49 49 47
13 40 27 16
7 1 25 15
3 0 36 27
1 2 26 12
5 0 24 31
19 49 38 23
6 13 22 25
31 22 19 47
9 7 5 1
9 11 12 21
9 7 9 13
17 43 35 18
7 10 9 22
9 8 32 43
8 7 48 20
21 4 29 18
8 7 44 0
4 8 41 16
17 2 37 39
36 27 30 19
13 27 47 32
5 8 5 41
11 27 33 20
19 23 25 25
9 9 26 17
8 10 3 2
22 39 37 21
8 30 11 12
12 1 36 7
9 10 3 11
0 5 37 29
10 7 41 18
12 24 33 37
12 3 34 42
25 46 23 9
19 4 35 27
11 46 22 12
26 41 21 19
11 43 30 38
17 5 5 30
9 9 25 7
10 11 40 27
8 45 33 18
4 3 24 45
5 4 35 43
7 7 1 18
7 41 27 41
8 44 40 21
13 41 16 35
23 39 48 21
6 4 27 19
0 1 29 43
8 8 40 23
36 39 14 15
12 49 15 28
18 6 14 23
0 3 21 13
34 47 20 46
3 4 6 12
11 18 28 7
8 8 23 46
23 37 33 40
5 49 24 14
7 9 22 36
27 41 14 32
8 26 21 31
10 8 25 26
2 1 28 24
10 6 31 42
8 7 19 24
4 3 8 13
7 17 17 26
16 38 24 41
7 10 26 15
2 5 28 42
6 6 21 20
4 36 24 3
18 36 30 15
7 10 25 40
10 8 5 38
3 8 25 23
33 37 39 15
43 38 8 9
46 38 25 22
8 9 45 18
16 19 20 20
19 34 29 26
9 6 31 6
5 10 40 42
38 48 29 41
27 28 26 16
2 47 22 15
26 35 29 13
9 8 40 16
11 8 26 11
14 7 30 42
26 20 35 46
8 7 15 13
26 22 41 47
7 38 30 10
5 8 33 3
22 42 42 19
8 4 45 38
12 10 22 35
8 27 29 14
4 13 15 34
14 3 18 36
6 0 17 15
12 4 23 18
20 45 44 48
8 8 27 18
6 10 35 46
8 4 23 10
2 1 41 18
12 37 44 28
4 1 30 20
15 34 34 45
4 1 40 38
10 36 45 29
14 28 33 6
7 8 9 4
34 31 33 22
5 5 43 17
32 42 35 30
9 6 32 39
5 3 26 19
12 39 37 33
3 1 39 14
0 9 23 19
7 5 16 17
10 6 20 11
10 33 31 8
7 16 28 43
10 36 11 27
18 4 23 29
2 44 24 19
9 11 26 8
8 3 32 45
5 4 6 35
28 37 38 29
2 31 24 19
11 7 14 16
6 9 27 18
22 13 26 43
3 45 27 44
3 13 35 33
18 30 12 34
17 47 12 4
30 39 47 42
8 5 27 19
10 5 29 20
8 10 12 45
11 8 42 37
12 20 32 37
7 10 43 29
10 8 16 28
5 6 43 27
15 11 14 49
22 40 29 44
17 49 33 18
35 12 44 1
4 8 23 30
13 2 7 3
12 33 22 34
7 42 37 25
9 8 12 32
46 37 34 48
1 6 32 7
6 4 31 14
2 10 31 2
3 10 17 10
8 10 27 22
6 3 24 43
13 9 14 5
11 4 32 41
9 10 45 12
22 35 36 36
15 45 28 46
8 10 10 23
6 8 23 22
10 9 22 16
10 7 3 34
24 39 23 30
10 10 5 14
20 16 26 15
33 47 38 31
4 42 46 18
9 13 17 11
14 38 41 21
7 41 19 28
10 6 47 39
12 48 39 17
18 4 20 31
9 7 10 14
8 47 16 22
10 9 30 43
36 22 22 25
6 11 19 26
5 8 48 18
35 27 32 42
7 2 34 19
10 11 40 21
37 41 24 42
23 23 8 12
13 7 23 25
22 49 23 11
16 31 30 40
25 25 34 34
23 31 17 16
10 29 17 6
8 7 15 22
5 10 30 15
7 43 32 23
15 28 46 11
2 34 27 38
46 44 14 12
20 16 32 12
16 4 32 45
19 36 32 20
8 8 18 28
12 8 10 16
18 23 35 17
27 35 46 22
10 12 31 43
5 7 14 15
9 10 34 44
6 5 12 21
4 35 37 11
1 6 31 4
5 6 24 20
11 6 20 6
5 46 43 14
7 9 26 21
35 37 41 19
0 8 26 45
7 37 23 14
36 38 42 38
3 28 12 30
6 5 4 30
8 12 37 30
20 21 41 18
9 2 33 41
9 10 5 16
4 6 20 27
22 4 14 15
8 28 33 48
15 21 32 25
29 17 28 13
0 28 39 21
33 19 14 33
4 43 33 13
9 2 19 21
8 7 28 46
0 44 22 16
23 2 20 36
9 3 12 36
6 7 24 22
23 37 6 3
19 44 2 37
1 42 37 38
9 41 44 19
19 1 31 44
14 0 34 46
21 46 37 12
3 13 37 20
6 34 15 0
20 2 27 40
5 2 11 31
7 10 31 45
7 4 28 42
4 10 44 38
32 34 30 48
9 3 35 31
7 3 29 34
11 7 44 10
3 6 25 16
14 40 33 40
16 47 32 2
5 26 23 12
17 42 34 3
7 11 4 3
6 10 5 4
3 0 41 11
0 14 9 2
7 6 13 16
2 5 31 37
25 40 16 10
10 9 26 14
5 6 5 22
17 3 29 30
6 5 4 14
16 28 5 24
18 41 31 40
11 10 42 33
5 0 40 44
17 4 32 19
18 1 6 19
7 5 22 15
0 6 10 9
11 25 28 23
16 6 25 22
6 34 40 25
9 34 41 41
17 30 32 21
2 1 40 25
3 4 18 10
12 11 32 19
36 22 20 36
41 26 20 22
8 11 27 38
10 2 5 5
3 39 37 23
23 12 32 22
17 31 21 7
10 33 33 4
14 47 28 19
9 26 24 2
9 6 28 25
5 6 11 30
10 29 23 36
0 49 14 12
19 32 32 47
5 6 23 37
7 9 17 29
4 3 14 19
20 2 26 22
2 42 21 28
9 5 25 17
8 9 33 13
33 6 23 42
29 30 22 38
25 31 6 0
4 0 13 6
6 48 38 36
5 49 36 28
6 39 12 17
8 12 37 48
8 9 25 12
19 31 44 4
10 8 32 19
8 8 31 38
17 31 34 30
9 5 12 26
11 42 36 39
12 3 19 34
21 3 45 24
22 35 8 11
22 36 14 2
16 2 25 21
16 4 30 23
7 48 40 15
1 1 12 34
35 31 17 19
8 5 29 43
4 49 26 41
4 44 11 43
30 43 30 16
21 37 5 7
4 46 20 6
4 38 16 20
6 9 44 22
13 18 5 22
28 42 2 29
8 10 26 36
9 29 24 14
4 39 41 19
6 0 9 17
20 36 32 38
42 43 8 10
20 7 28 18
23 7 34 23
16 39 1 29
20 1 29 46
5 12 37 45
4 40 14 7
14 13 30 42
13 32 29 40
2 41 9 30
19 5 15 9
23 40 12 27
25 26 33 24
8 3 18 37
6 5 29 43
9 42 22 42
11 44 29 41
9 7 15 8
11 8 9 34
33 45 31 48
23 14 37 16
14 4 11 16
12 5 28 24
6 9 28 38
38 49 15 28
6 8 28 23
9 8 2 2
14 20 0 12
21 4 14 30
6 2 12 1
18 40 42 19
27 35 0 20
6 6 31 20
8 0 8 8
35 35 5 10
13 32 19 11
20 23 31 28
29 8 23 11
5 43 28 37
6 37 40 24
26 6 19 33
5 8 33 18
5 42 26 31
15 5 9 24
5 8 5 31
34 47 42 36
8 47 29 42
16 2 31 19
11 47 25 34
2 35 32 14
9 5 14 29
8 10 30 26
4 8 32 22
2 11 25 16
7 9 32 43
9 8 37 17
8 13 7 26
14 44 32 34
4 41 25 35
29 26 24 31
10 8 8 36
6 5 22 7
8 19 1 16
6 3 20 3
17 44 18 6
9 2 16 20
12 6 17 22
16 4 41 11
0 10 5 33
19 5 38 26
0 36 17 30
8 4 47 16
5 46 13 4
6 0 38 10
17 46 46 16
8 5 20 25
14 12 19 25
18 5 25 41
1 48 30 35
20 27 10 3
8 7 1 14
11 7 40 24
19 34 42 28
10 4 20 3
3 41 40 16
9 11 45 42
7 48 7 7
1 0 5 7
4 37 9 6
3 26 30 35
21 45 30 49
31 9 18 43
38 16 23 19
14 13 25 37
6 6 33 20
32 48 24 14
10 4 29 23
8 7 28 43
8 21 40 32
28 13 4 25
14 34 18 38
3 1 35 49
24 34 27 23
2 45 30 18
5 2 22 16
9 12 35 45
5 8 38 16
5 42 3 16
11 6 30 15
11 4 23 8
9 8 23 41
7 6 42 31
4 4 10 6
14 47 14 19
16 2 33 26
9 40 25 39
3 30 12 12
6 47 25 9
2 5 37 27
8 7 34 40
9 9 44 23
31 39 13 20
1 35 43 11
10 29 9 17
7 0 30 26
6 5 21 7
10 6 36 10
21 10 28 17
11 4 39 16
7 10 42 11
7 8 46 38
8 11 20 7
6 5 28 46
12 8 45 14
10 1 22 44
30 31 39 17
12 37 24 20
12 49 9 36
7 5 8 40
10 10 20 15
12 15 24 29
10 9 39 27
10 10 16 11
9 7 28 40
42 42 31 17
18 42 36 19
11 3 30 44
9 2 27 34
1 16 15 47
6 41 31 10
4 9 9 13
9 9 30 9
5 10 21 17
2 34 45 28
0 10 30 29
10 47 37 18
9 14 16 5
23 41 35 28
15 6 13 23
4 3 44 41
7 6 27 16
9 6 26 42
3 7 15 14
39 27 26 46
15 2 28 19
10 5 38 42
22 33 1 3
9 34 23 15
10 22 43 22
8 5 43 23
5 4 35 34
27 20 29 23
27 31 29 8
12 49 10 0
5 12 24 32
10 7 30 11
33 20 33 37
0 11 7 30
7 4 35 10
45 42 7 35
0 44 24 22
15 41 39 28
7 3 30 44
19 46 38 15
4 49 29 31
11 4 33 15
42 6 1 17
8 8 36 13
9 16 23 23
0 21 33 42
35 29 25 45
6 8 30 13
4 8 28 18
45 46 33 20
30 18 34 20
13 8 38 2
5 40 32 39
30 8 15 29
34 44 3 30
12 3 15 36
6 3 24 21
8 45 38 38
7 8 26 19
21 44 24 35
9 11 33 44
3 36 32 33
8 4 34 17
23 47 22 16
14 26 26 4
5 9 12 39
35 32 8 37
6 0 14 5
11 5 21 32
6 6 23 20
38 39 35 34
5 8 38 33
3 9 20 21
13 6 11 29
3 8 37 35
8 33 30 41
7 4 27 21
2 47 18 39
6 10 25 20
5 36 25 17
0 10 10 4
28 22 13 47
7 8 15 5
5 4 21 47
15 37 32 7
9 43 29 0
18 22 20 25
17 45 16 39
16 43 30 16
32 33 28 12
22 22 41 34
10 6 47 20
8 9 47 23
9 7 33 17
5 6 41 35
6 6 7 36
9 9 19 31
8 7 30 21
