50 52 18911 800
39 32 9 1
25 19 43 37
37 43 3 5
49 31 44 38
17 32 45 40
10 44 0 5
21 19 3 2
34 21 36 38
42 19 43 47
30 43 5 4
32 48 40 43
38 20 6 0
41 31 4 3
40 40 3 5
32 41 28 44
28 42 0 4
25 21 14 2
25 21 5 2
38 31 22 42
22 22 4 3
38 28 25 46
39 25 38 41
19 15 5 4
41 46 3 10
29 20 24 41
21 24 1 5
36 18 30 2
26 21 3 3
35 32 9 2
36 31 22 44
35 7 37 41
28 29 1 5
31 14 2 3
32 33 17 20
21 19 39 27
42 25 44 47
9 33 6 6
27 43 3 3
8 44 42 43
8 49 1 1
39 27 35 42
28 26 6 3
15 10 36 25
25 18 5 6
35 27 3 2
30 22 23 44
5 44 1 4
37 38 43 46
37 44 4 1
28 21 26 41
27 24 3 2
28 18 4 2
