50 64 11745 800
28 25 21 6
36 16 17 9
8 36 21 4
27 25 29 7
20 13 5 0
6 34 49 30
8 13 33 30
32 19 9 14
6 29 37 23
3 34 39 25
11 23 28 31
7 19 32 13
1 36 24 11
31 20 27 29
39 24 19 23
43 24 30 32
26 28 35 35
2 21 26 30
21 31 37 20
30 4 27 29
1 19 29 33
28 22 17 38
1 19 7 11
12 36 36 32
40 25 11 2
15 10 10 1
7 14 2 17
34 23 9 13
12 2 43 5
6 15 13 10
14 43 27 32
11 48 21 43
10 24 17 1
10 14 43 46
12 11 14 3
8 20 42 25
7 13 43 44
4 17 19 39
5 24 23 14
49 18 24 14
3 18 19 27
9 30 27 15
2 23 18 6
1 45 13 31
6 15 37 22
9 18 30 10
12 35 23 45
17 21 29 33
33 2 14 22
40 26 33 32
7 24 34 28
3 15 29 26
11 30 1 6
12 12 20 46
24 7 34 24
16 30 34 33
5 15 9 7
14 9 44 44
31 18 40 14
2 25 24 41
39 17 9 24
18 16 29 34
12 36 19 7
8 25 29 9
