50 95 14530 800
17 5 19 1
14 4 10 23
13 11 7 11
10 9 4 10
47 39 7 5
15 6 9 6
48 40 18 8
14 11 29 8
22 5 16 8
14 9 16 4
14 9 13 19
15 7 39 26
18 6 43 20
18 8 7 9
0 9 15 19
47 48 18 25
45 47 12 14
25 3 7 39
3 21 38 33
16 4 38 29
46 45 19 0
22 1 8 30
14 10 42 23
18 10 0 13
34 3 9 8
45 47 12 8
46 47 9 26
11 9 16 8
15 5 19 4
40 42 11 5
17 20 4 7
49 39 2 11
4 6 20 2
47 40 42 29
43 40 24 27
21 19 40 34
10 8 3 18
18 4 27 10
39 24 19 2
10 10 18 37
14 4 9 28
15 4 47 32
44 43 10 2
18 5 14 23
1 22 2 30
13 8 18 2
37 45 42 33
14 4 5 21
45 42 38 32
23 48 11 5
42 41 28 8
15 14 33 42
25 10 13 18
24 5 39 32
47 40 48 32
7 9 13 36
14 5 21 16
22 10 34 45
11 12 8 9
42 42 6 33
9 8 14 4
16 2 4 0
19 18 13 21
14 10 22 40
11 7 36 33
19 12 13 17
45 38 16 4
13 6 4 2
8 10 18 12
22 1 49 19
20 10 9 6
14 8 8 14
22 0 7 24
14 9 35 30
15 13 1 17
12 4 44 3
14 5 3 9
19 10 4 1
42 42 29 15
14 14 6 26
48 41 16 7
18 6 6 15
3 19 46 27
46 39 42 33
27 11 5 11
15 7 39 32
12 12 37 28
17 38 20 8
49 43 39 28
19 7 7 33
15 10 9 29
7 31 39 38
27 6 15 6
44 43 46 32
44 46 41 4
