50 462 11740 800
42 43 39 4
25 23 18 38
42 21 15 18
33 23 23 19
2 12 22 44
36 40 25 10
36 28 14 31
39 35 32 8
29 22 26 8
38 15 32 7
26 23 7 25
40 5 34 4
46 40 22 45
13 19 24 19
47 40 10 26
20 22 15 20
11 27 31 26
38 24 13 23
37 18 18 43
33 6 18 25
18 11 2 26
33 29 12 39
4 19 28 14
33 23 20 11
45 27 30 10
26 23 49 5
38 35 11 30
29 19 27 8
37 45 24 13
24 18 18 11
2 16 35 26
18 16 21 2
29 20 16 49
41 41 43 3
35 41 29 14
48 43 32 5
5 28 19 18
42 17 39 0
21 38 14 28
13 30 33 4
41 20 9 29
48 21 15 30
37 38 19 35
25 21 37 9
16 37 34 13
25 25 38 12
38 44 18 24
37 40 4 26
27 29 16 39
41 40 37 6
44 22 28 13
9 29 23 40
18 40 16 23
7 6 30 27
43 37 42 8
25 22 3 32
49 45 24 25
36 35 27 13
19 23 36 15
8 40 28 16
26 17 36 1
10 19 21 40
15 36 29 7
38 24 10 22
10 14 29 13
17 27 20 34
28 17 40 18
3 29 30 11
35 38 26 27
39 22 31 12
24 18 8 24
23 11 21 17
36 49 11 22
38 46 48 9
48 20 49 29
40 17 2 26
43 20 35 17
32 39 30 6
46 44 20 40
23 20 42 9
37 37 33 14
12 7 8 28
4 25 18 38
19 26 18 22
38 7 40 22
46 2 37 3
21 20 24 49
49 3 26 16
42 26 30 19
44 38 35 3
23 24 35 13
22 23 37 9
39 25 37 11
44 32 37 5
37 5 15 41
44 24 39 6
32 20 6 24
37 43 32 1
27 22 34 11
40 26 30 20
43 39 9 22
33 28 23 38
3 31 2 21
25 11 19 47
29 40 16 30
41 23 35 9
45 8 31 11
14 41 43 2
4 31 37 12
27 36 15 29
3 36 42 9
18 25 22 17
23 19 19 23
10 22 40 5
24 12 33 4
41 18 12 42
47 41 39 5
47 40 14 23
24 34 33 2
26 25 18 26
40 17 31 9
38 47 18 24
6 13 39 13
18 22 25 27
46 41 24 17
43 42 43 1
10 27 18 9
19 41 30 5
48 46 31 10
2 30 28 10
40 31 33 19
45 32 41 1
34 30 25 14
41 12 32 5
15 32 15 37
41 43 12 22
19 22 20 35
16 24 17 41
23 32 32 11
45 4 44 8
22 47 2 35
28 44 4 19
49 18 33 9
40 21 15 42
15 24 42 7
43 23 5 34
0 32 34 22
23 20 39 0
24 17 20 40
24 3 30 13
21 21 21 39
47 2 3 37
47 38 24 30
37 27 26 5
41 21 18 45
39 36 23 44
19 30 35 8
3 37 11 28
45 36 21 14
24 40 20 44
42 14 20 46
30 26 48 1
1 27 34 8
5 32 10 20
17 18 36 31
3 32 20 12
39 47 41 11
49 45 22 31
34 18 16 18
37 40 6 15
18 32 21 43
5 35 41 12
46 49 26 41
10 5 40 7
42 8 10 46
28 33 17 34
35 31 12 17
40 4 16 18
30 23 9 31
40 35 30 18
38 21 6 29
3 29 28 5
47 19 29 8
22 28 23 42
36 46 35 13
39 24 19 29
2 9 31 12
48 46 37 2
11 29 24 38
26 41 21 41
1 29 5 14
3 26 38 19
4 5 3 32
3 29 17 23
35 40 24 10
44 45 18 43
47 32 4 35
27 11 25 38
32 28 34 14
40 43 13 36
41 38 0 22
15 31 12 28
28 4 21 37
37 30 20 39
15 19 42 7
43 49 33 16
45 38 11 42
34 1 18 43
25 20 21 13
14 11 19 22
34 33 34 3
33 20 20 42
43 31 39 18
31 18 9 10
10 6 28 11
31 14 21 42
43 49 34 11
46 45 29 3
39 40 28 11
2 12 22 25
9 16 41 14
31 43 10 22
21 17 41 11
34 46 17 44
44 44 19 22
34 42 37 10
45 43 16 41
41 10 34 6
38 38 33 11
47 36 15 47
26 26 22 15
44 38 45 4
7 29 25 34
4 27 7 34
14 21 22 39
47 36 17 46
46 46 15 12
38 40 18 30
3 23 27 16
5 32 8 36
19 45 34 10
17 12 30 11
3 14 25 7
2 29 40 35
23 6 16 48
4 40 39 2
29 43 8 22
45 18 28 15
11 30 39 14
32 43 14 39
9 33 39 5
23 24 5 29
21 34 20 25
40 44 28 6
33 45 37 7
25 15 4 31
30 38 31 8
26 22 41 10
36 17 32 7
41 39 39 7
26 27 0 2
30 37 38 1
5 30 28 16
21 32 28 10
31 40 42 9
29 21 20 44
42 28 23 21
33 29 25 24
45 36 38 1
42 15 36 13
39 40 30 11
36 20 22 42
19 14 18 44
10 17 39 8
39 20 37 6
31 22 41 8
3 34 12 29
45 41 25 14
5 5 26 23
23 45 44 10
27 28 26 16
40 35 21 32
36 23 34 10
14 22 23 42
39 19 33 10
48 34 29 10
49 22 12 34
24 35 49 36
40 25 8 29
28 17 18 1
2 30 8 26
40 31 6 19
4 20 21 22
12 17 18 43
44 24 39 6
41 20 29 13
18 21 7 32
35 34 37 7
1 30 33 21
26 24 24 21
38 26 32 4
26 22 38 14
36 22 41 2
42 29 19 27
33 25 36 20
29 32 38 8
36 17 20 27
8 19 39 8
2 30 30 9
25 23 21 27
23 26 21 33
46 41 24 21
36 45 24 42
23 21 38 7
36 40 16 44
27 34 23 29
38 42 19 40
37 44 38 4
2 35 38 19
3 30 27 9
42 25 8 23
20 17 29 16
13 15 23 46
40 44 26 3
43 43 40 7
16 12 13 14
6 21 4 6
23 27 37 9
20 20 25 9
47 29 17 34
37 20 30 6
49 38 42 26
14 30 22 42
47 38 32 6
39 18 38 4
13 33 17 25
39 36 29 3
33 9 37 13
42 39 4 30
46 39 35 21
40 35 14 21
36 22 29 10
22 30 10 22
43 23 39 1
27 20 26 26
46 37 23 7
40 43 40 10
33 24 26 40
4 29 20 36
38 12 43 7
36 12 11 30
39 20 18 24
5 10 8 26
42 22 36 6
38 43 31 7
39 21 35 10
2 30 18 42
28 25 16 37
39 15 35 14
22 26 24 30
2 30 30 20
40 49 37 4
39 14 25 16
5 10 21 40
2 13 32 18
22 15 43 3
19 18 21 41
29 15 19 23
42 36 39 1
27 22 38 19
41 45 33 4
9 16 18 38
40 46 22 33
38 36 30 13
10 37 22 32
34 28 36 10
49 33 19 45
39 35 42 8
42 19 29 13
45 26 43 13
35 34 46 11
39 41 33 12
40 17 32 15
1 31 21 12
3 12 14 19
17 34 9 25
49 49 17 11
43 26 20 43
28 21 33 5
35 32 13 34
13 21 32 6
20 26 28 14
27 21 3 29
41 19 34 14
21 49 34 18
6 24 41 0
39 32 34 6
39 41 25 34
29 26 35 13
39 48 19 44
45 48 39 4
38 18 17 40
17 5 27 11
41 38 25 29
48 38 31 4
45 43 16 30
14 21 8 13
7 31 36 25
11 20 39 11
34 23 35 11
2 29 23 24
17 28 13 33
27 20 20 6
40 18 32 8
43 38 15 33
35 36 11 23
39 24 24 38
4 31 42 8
45 41 30 13
36 19 15 44
38 25 30 12
41 22 22 49
29 28 34 14
43 21 17 17
44 34 32 14
39 16 16 42
24 15 40 2
14 33 20 45
19 30 18 7
37 23 14 44
3 33 40 1
6 8 16 41
7 30 2 19
29 35 14 42
37 19 36 6
43 47 4 22
0 30 35 3
20 34 33 15
32 43 19 18
48 19 29 9
30 20 36 10
27 22 30 14
49 49 28 13
3 31 34 11
38 27 21 48
47 22 22 29
46 45 7 37
34 42 3 19
26 34 38 9
13 9 10 34
26 22 37 7
33 44 48 1
38 23 44 0
40 24 15 26
1 17 33 13
23 36 17 25
6 38 9 23
25 21 16 46
14 2 35 2
30 25 32 8
48 6 19 23
25 20 28 4
