50 1513 13598 800
21 8 28 17
3 19 19 7
11 10 27 5
31 7 34 26
23 49 8 20
21 49 33 39
19 5 33 31
36 21 31 38
49 15 6 45
25 18 25 35
26 0 30 38
24 34 15 25
35 20 32 40
30 15 9 45
12 14 21 42
34 0 45 34
22 49 18 38
7 33 24 36
25 37 22 43
14 12 29 35
46 9 16 41
20 5 41 29
20 47 20 41
10 18 42 3
40 1 36 28
38 6 10 35
43 9 19 18
21 39 14 23
12 7 34 37
49 40 32 21
36 11 19 37
6 41 9 12
18 49 47 33
48 8 14 25
23 7 12 47
22 29 5 28
22 5 18 39
22 5 22 36
19 46 32 37
10 12 13 35
23 5 31 37
36 21 20 8
18 40 10 4
37 37 20 11
43 13 38 45
46 5 5 26
42 18 9 4
19 46 32 36
21 15 35 36
47 6 35 37
16 36 30 39
18 43 16 46
30 27 24 23
8 19 28 38
5 15 8 44
19 46 20 33
18 49 35 40
47 16 7 1
22 45 17 17
40 12 39 43
16 48 33 39
27 5 22 27
30 15 32 28
27 3 3 45
47 7 25 48
22 46 42 42
45 10 23 35
41 15 33 45
13 3 15 15
19 42 34 18
16 11 49 29
23 49 39 29
22 46 33 36
18 44 35 36
21 49 18 31
22 5 30 30
7 13 37 35
11 21 19 24
19 45 21 41
17 41 9 5
7 12 9 36
32 2 35 39
47 12 23 9
25 49 30 41
47 4 3 18
46 14 13 30
2 20 13 21
9 16 15 39
2 14 10 47
19 20 1 6
47 8 29 47
9 10 18 39
24 48 36 36
6 11 42 43
18 8 5 4
19 20 32 44
27 30 35 39
19 45 29 35
20 47 35 36
20 47 31 39
10 13 29 38
36 18 20 42
8 38 19 41
7 7 34 39
25 30 28 34
12 16 31 42
36 29 26 35
4 17 1 10
31 17 39 16
30 9 37 28
22 14 20 21
2 23 32 37
33 14 29 38
36 23 0 27
29 1 21 46
36 23 28 20
0 1 22 44
22 49 16 3
8 27 32 43
5 20 34 40
48 16 38 43
6 24 25 25
49 16 33 42
16 25 31 37
1 13 14 16
29 32 31 38
7 4 5 41
12 41 32 35
15 17 18 8
16 49 29 39
6 28 11 32
9 18 4 2
17 9 21 42
9 26 12 28
18 49 30 40
11 16 2 21
24 5 32 33
28 5 31 41
11 14 2 23
20 49 8 25
9 11 43 36
23 5 33 42
44 19 42 40
10 13 32 39
48 45 6 29
40 14 28 38
0 18 21 10
14 14 37 44
43 19 3 46
47 14 23 36
22 34 33 40
7 16 24 48
36 22 46 40
9 13 34 36
20 25 34 36
44 14 15 2
4 11 20 29
42 16 5 16
8 7 35 28
8 12 36 36
4 14 23 44
35 15 4 32
23 8 6 6
4 30 36 45
20 48 26 29
15 7 37 42
49 10 2 47
25 45 12 27
31 5 34 47
3 18 29 36
8 43 26 46
47 7 15 6
26 7 14 13
21 49 33 39
18 47 13 37
7 3 4 25
23 8 16 35
14 17 33 44
36 35 5 5
16 3 43 13
30 20 43 28
19 49 6 9
19 30 6 2
20 44 32 43
7 20 32 46
3 6 33 39
28 36 4 22
25 5 12 24
22 46 28 42
21 48 37 13
22 12 31 42
44 11 38 32
10 14 42 41
3 10 31 32
44 14 17 44
49 15 17 48
5 19 35 38
12 31 30 37
40 8 26 32
23 31 28 47
15 33 32 39
29 29 20 38
37 24 20 26
28 35 43 43
18 33 35 45
23 3 19 33
7 21 45 8
23 14 32 27
36 2 28 47
4 8 7 16
27 3 10 4
43 14 32 16
25 45 29 37
18 48 28 39
20 49 12 10
23 47 35 37
9 17 31 37
33 6 37 36
3 12 22 21
9 24 5 12
30 34 5 38
7 19 18 29
11 15 45 46
13 20 29 32
26 30 19 39
39 29 26 14
9 30 37 22
40 18 30 42
48 5 28 24
44 15 21 7
49 10 29 41
36 0 29 40
13 18 3 3
42 17 8 42
49 16 19 13
22 48 41 43
43 9 10 28
14 20 26 20
17 48 15 1
36 4 23 48
34 9 6 34
22 47 13 14
18 46 28 37
39 14 44 23
20 20 25 42
26 44 29 42
37 13 21 18
47 11 39 41
18 28 30 42
15 12 33 37
49 6 27 31
42 12 16 12
39 6 10 17
14 18 23 36
18 23 31 40
22 28 25 37
14 39 31 49
2 23 6 30
21 38 34 22
48 3 3 36
47 8 15 3
24 48 32 37
6 18 11 22
5 2 0 38
4 16 28 35
22 47 21 38
20 43 21 36
38 41 22 40
19 11 43 44
21 48 16 23
17 46 30 40
14 11 40 35
46 41 29 49
19 9 18 26
45 10 26 46
19 49 13 19
15 48 6 35
17 46 0 23
41 19 15 25
26 3 8 37
16 44 2 3
14 11 20 27
5 12 34 30
30 7 3 45
20 48 31 40
46 5 17 27
25 36 32 36
22 45 32 39
11 23 13 26
12 28 14 2
30 24 32 18
21 47 7 13
37 5 4 14
44 9 30 38
21 47 15 49
15 6 11 36
2 15 11 6
48 16 33 42
46 8 7 27
12 16 33 36
20 6 32 42
16 20 32 37
21 48 36 40
5 10 28 25
42 10 32 14
0 24 30 36
1 18 16 18
5 34 32 38
23 48 46 39
17 8 30 39
44 8 7 8
12 19 31 39
37 4 8 37
20 2 4 34
33 2 36 27
20 49 48 21
20 41 33 30
40 23 31 39
17 11 31 39
25 44 16 5
9 17 2 3
8 8 32 37
4 8 37 42
20 2 7 29
2 31 12 44
8 15 39 9
19 9 35 45
10 36 39 32
1 8 2 49
6 28 7 10
39 18 21 25
30 20 34 35
40 10 38 36
6 16 17 0
7 24 24 4
34 6 29 40
2 19 9 14
49 10 31 34
42 9 33 47
12 23 35 42
18 48 31 39
20 46 43 27
20 45 37 35
43 3 28 42
30 0 33 36
44 40 28 35
37 13 5 36
47 14 31 8
11 15 32 38
18 48 31 38
36 38 31 37
37 7 3 23
42 9 35 26
30 7 41 40
43 2 34 49
12 49 24 28
7 18 7 32
46 20 28 44
11 41 18 22
42 8 16 48
19 45 26 48
45 8 41 19
11 16 18 39
28 16 35 35
24 6 49 10
44 8 14 17
21 48 3 1
18 44 33 37
4 19 3 44
24 48 7 47
32 45 29 20
16 44 30 42
30 11 31 35
27 8 7 34
45 2 24 25
13 38 11 32
12 15 23 46
28 18 33 48
38 1 30 37
38 12 33 37
18 18 29 42
31 13 31 40
2 29 32 44
15 34 34 38
5 4 32 37
19 36 34 34
16 19 36 6
19 49 29 35
14 18 32 47
9 26 33 37
28 12 46 37
23 23 46 32
44 0 28 48
17 20 11 24
15 13 12 30
10 7 32 38
14 10 29 5
45 25 18 40
35 30 18 11
17 47 25 28
8 33 7 25
2 17 32 31
3 17 34 12
0 16 10 23
22 17 37 30
17 1 31 41
18 46 49 47
30 36 15 48
11 20 30 39
19 0 21 22
7 25 2 17
31 7 7 36
14 15 30 42
19 10 31 35
22 46 23 42
11 12 37 42
0 20 31 31
17 18 32 39
39 7 30 44
19 22 11 42
13 12 29 40
3 12 30 37
23 48 44 26
8 19 28 24
0 12 8 23
20 47 10 0
35 19 2 33
15 23 32 38
17 22 36 41
39 15 19 45
9 16 9 8
43 5 20 43
13 49 15 28
21 49 33 38
45 9 25 7
8 15 34 35
15 12 36 46
17 17 11 20
34 48 47 36
8 23 4 18
13 14 44 31
24 49 19 36
47 10 43 5
38 17 12 34
26 6 4 14
7 3 46 15
25 3 35 32
28 10 38 45
11 11 21 41
36 1 38 19
23 9 19 10
0 32 24 41
15 20 27 21
14 19 41 20
11 17 14 47
45 16 34 13
0 25 11 19
9 22 35 42
20 7 27 48
5 20 42 48
39 6 18 45
21 26 42 42
19 37 31 39
45 3 17 45
19 44 33 40
21 47 2 6
21 47 16 6
29 25 18 37
21 43 41 37
1 19 28 44
12 16 29 40
2 3 33 30
0 18 31 39
20 22 26 46
20 21 28 42
13 16 27 40
17 47 28 35
46 11 36 40
9 32 28 39
46 27 31 31
43 9 15 8
4 11 32 43
44 17 6 2
5 18 20 30
47 19 12 16
41 29 30 43
16 13 12 2
24 15 4 15
25 6 30 39
8 10 32 39
43 6 9 44
20 48 19 15
48 14 31 38
44 14 32 41
36 10 34 39
4 19 30 38
31 24 46 24
28 20 23 3
16 40 30 32
21 15 26 12
46 12 27 32
11 13 32 36
18 49 12 0
41 5 21 44
6 17 47 29
9 7 24 10
18 18 31 38
26 2 30 40
6 22 24 45
36 36 9 45
11 38 20 49
17 5 5 9
4 11 4 1
14 20 27 39
5 10 33 37
38 8 16 33
36 6 41 29
27 16 28 5
31 2 34 48
13 26 19 0
24 26 16 44
15 25 33 39
6 25 46 49
46 8 17 11
22 24 8 43
28 28 40 29
9 16 2 10
48 10 9 45
40 7 15 0
7 25 10 48
21 49 14 1
48 0 15 27
11 12 49 36
24 38 14 0
0 41 31 35
7 21 4 13
16 19 8 41
10 14 35 36
12 26 12 21
34 33 0 0
13 3 10 33
7 12 15 4
21 36 39 31
5 42 16 40
24 49 36 48
10 21 33 39
38 9 24 13
32 25 10 5
28 17 31 40
5 14 36 24
40 10 40 31
4 15 33 36
28 36 31 33
40 1 28 29
48 10 34 38
41 11 29 41
9 12 16 26
42 12 30 40
44 12 36 40
12 11 32 32
8 36 31 35
18 44 29 26
20 11 34 40
2 7 20 15
8 14 3 1
4 36 3 7
27 5 33 15
7 15 9 39
17 18 13 35
41 6 35 42
38 0 34 38
23 46 5 12
2 18 29 42
41 12 28 22
13 15 42 20
18 10 34 39
32 35 16 48
42 7 32 37
8 9 34 38
9 14 25 30
20 22 37 36
7 23 23 39
3 30 38 40
46 10 32 6
27 28 31 41
6 23 29 46
10 18 32 35
45 9 29 42
22 48 26 16
30 30 25 48
44 25 33 41
22 18 1 47
20 47 20 8
13 12 44 40
27 20 32 33
38 7 41 25
35 41 13 45
3 26 20 40
22 8 33 37
23 7 13 37
29 8 15 15
6 16 38 0
41 21 49 20
17 14 20 46
20 8 39 41
29 18 40 32
3 9 24 35
17 21 22 43
13 9 42 46
7 20 13 33
7 9 15 4
15 13 29 18
1 17 33 34
44 4 41 37
5 12 30 34
4 20 19 40
30 14 31 41
44 5 30 45
10 19 31 44
37 19 33 40
12 16 19 40
14 16 49 38
20 48 15 21
28 28 25 18
33 17 6 7
15 17 9 45
23 2 29 16
27 13 36 31
19 48 0 11
38 3 32 37
21 48 43 32
24 43 22 46
25 13 34 43
41 2 33 47
13 27 34 38
49 1 33 34
37 6 32 46
9 15 32 41
21 14 30 38
5 20 32 41
23 48 16 20
44 15 33 43
8 17 27 38
4 16 34 38
8 26 32 39
22 43 29 32
33 13 33 43
16 10 46 23
29 40 14 0
34 4 34 40
7 15 25 45
40 5 22 34
2 13 4 30
17 46 13 39
22 47 32 31
23 47 27 48
49 12 16 34
3 14 18 45
19 46 48 24
33 30 31 2
7 21 32 38
21 46 4 45
19 41 32 34
13 22 16 33
26 23 33 36
22 45 30 39
37 0 1 5
44 12 33 40
12 20 32 37
31 28 13 10
29 16 30 44
29 12 1 3
22 30 28 18
37 9 35 40
5 17 32 35
5 26 21 44
6 20 44 25
41 0 31 36
4 13 33 37
41 38 12 40
21 47 34 44
0 34 29 33
43 4 9 9
15 17 30 47
14 19 10 2
27 7 41 41
46 9 40 46
40 17 20 41
26 6 13 46
23 44 45 44
27 5 20 33
6 10 28 41
39 30 8 28
40 4 34 36
2 24 31 41
27 4 28 19
30 4 7 33
45 8 30 40
40 7 29 19
38 14 30 5
4 14 35 38
5 15 9 47
38 13 10 18
10 15 31 48
12 26 41 21
36 5 34 42
46 12 31 43
25 0 31 37
20 47 25 37
5 10 28 38
8 13 13 41
16 28 29 37
17 23 1 8
21 47 16 9
46 9 28 39
39 10 21 47
41 18 35 42
32 22 19 44
19 49 45 35
26 29 43 33
14 19 9 42
6 27 13 39
15 29 34 34
18 31 33 41
7 14 17 47
48 16 2 10
41 12 29 42
4 15 24 29
5 29 18 26
31 31 35 41
5 20 20 26
9 20 30 40
31 25 30 34
20 7 29 40
22 45 31 44
26 47 42 24
11 13 28 39
9 26 15 44
11 9 29 38
7 19 11 4
7 21 27 49
48 26 28 37
13 16 5 6
6 9 12 15
42 9 33 28
21 7 13 10
7 13 30 35
26 15 20 7
28 5 24 39
49 12 15 7
44 16 0 42
6 2 29 39
12 14 6 3
19 47 34 29
25 24 44 41
1 40 26 49
41 15 14 3
14 25 15 47
33 0 6 0
14 14 20 13
36 22 28 46
41 17 34 39
40 16 7 47
17 49 15 30
10 21 40 39
43 6 4 20
2 32 37 41
34 15 35 38
30 18 29 36
17 48 6 38
45 3 45 47
3 18 17 41
18 19 35 36
27 8 10 49
45 7 10 39
18 42 32 37
47 12 35 29
16 15 17 48
21 26 37 15
35 4 8 7
20 48 44 47
20 8 11 48
30 1 25 45
12 14 32 40
38 7 1 28
14 12 31 38
44 5 33 23
10 17 15 25
38 10 11 11
20 44 7 40
9 19 46 26
37 22 24 38
13 20 36 41
41 9 31 39
13 14 18 43
17 13 15 0
0 10 35 41
4 16 17 43
34 9 32 40
41 17 31 28
10 45 19 48
23 46 11 9
34 6 13 46
19 30 5 1
24 48 4 29
23 48 16 36
20 7 0 23
35 11 28 27
28 15 6 6
8 20 26 19
48 16 39 21
21 45 34 37
13 19 21 3
18 49 17 30
33 8 1 37
10 23 15 31
13 15 36 39
31 27 46 28
4 21 32 38
2 29 19 47
27 10 34 36
9 16 36 38
19 49 33 41
46 8 21 30
1 6 26 20
20 45 20 35
11 24 32 39
30 38 32 30
49 9 29 23
13 25 35 28
11 4 32 2
3 15 32 26
43 14 9 22
20 47 40 28
37 16 42 29
29 25 32 43
24 46 30 31
24 19 18 45
5 19 9 43
2 20 21 37
19 49 31 34
21 49 48 46
29 13 35 35
12 17 39 9
1 14 9 42
22 48 30 37
12 9 17 48
4 13 10 28
7 25 33 45
10 1 9 13
9 8 31 37
29 20 38 25
33 22 19 22
37 5 31 37
22 22 18 45
39 17 44 2
25 1 26 39
32 43 34 37
21 48 14 38
37 10 0 17
15 24 29 37
16 27 36 40
36 29 23 16
17 19 22 21
19 17 17 47
24 47 33 12
19 48 0 1
40 18 25 40
25 7 22 17
42 7 34 27
7 11 13 32
2 14 24 41
22 46 33 41
37 14 33 37
8 20 34 35
33 22 11 0
45 15 20 9
12 15 31 37
13 22 14 12
11 13 36 36
47 8 23 34
20 45 20 27
15 21 1 0
24 1 13 48
35 12 19 34
26 0 29 17
46 18 27 38
12 25 31 37
17 21 15 46
1 11 44 39
0 17 33 36
20 46 19 37
20 5 29 32
36 10 29 35
28 46 25 49
22 45 33 40
22 49 34 37
39 1 41 46
10 13 26 18
29 23 35 33
23 47 47 23
29 0 39 13
4 8 40 41
38 10 6 33
18 48 32 34
5 4 28 36
21 49 4 29
49 10 5 9
15 49 32 41
41 1 19 46
12 39 3 41
40 7 37 40
31 6 35 34
6 10 33 36
11 11 34 49
17 18 34 43
26 20 15 25
23 48 21 33
16 8 16 25
2 16 2 27
31 22 0 40
24 8 38 25
27 30 34 39
22 17 15 8
18 48 0 48
5 23 11 26
38 13 4 11
4 22 40 28
15 10 0 2
25 15 33 38
20 45 12 1
10 16 17 16
7 19 41 34
15 20 4 14
27 34 3 7
40 7 10 11
36 42 6 2
27 36 12 11
3 19 34 48
3 20 35 18
1 21 7 44
24 40 12 31
11 10 38 41
44 30 15 10
29 6 36 39
25 4 21 25
27 3 21 41
35 15 33 49
14 30 14 17
5 38 28 31
44 7 34 41
9 27 6 46
39 28 3 17
39 29 31 44
9 10 33 39
22 49 38 39
2 38 20 36
21 48 35 49
14 7 36 37
21 27 43 38
0 20 36 38
44 7 29 29
39 5 21 32
40 12 34 40
12 5 0 12
21 46 33 37
7 13 19 35
25 45 30 29
18 5 30 39
16 34 34 38
22 44 4 43
44 10 31 27
22 49 29 39
39 2 11 18
25 4 31 30
45 30 28 43
8 27 32 31
25 0 3 15
11 23 8 36
22 48 13 27
36 11 33 36
20 11 28 12
24 17 30 44
5 45 8 31
5 16 34 40
28 9 11 41
24 46 8 0
44 12 30 40
4 7 34 32
21 47 0 7
13 15 34 41
48 14 26 40
8 20 27 24
22 48 34 39
7 21 29 44
20 46 34 37
34 5 30 49
2 21 17 46
20 23 31 38
48 14 44 20
12 13 18 30
18 27 30 40
5 44 25 32
43 16 3 30
31 5 31 41
4 36 29 44
22 48 18 49
37 10 9 43
23 47 49 20
34 36 24 14
2 5 9 11
7 33 30 39
23 9 28 37
25 45 2 30
16 44 39 23
30 49 26 44
46 12 34 39
23 26 33 28
42 2 31 38
21 9 32 16
16 8 19 1
22 7 3 31
31 30 17 21
14 4 8 6
23 46 28 32
1 9 47 40
4 12 33 11
28 9 35 34
45 11 5 13
25 44 16 8
16 31 9 8
11 14 34 38
39 9 30 43
40 9 13 38
30 5 30 45
47 8 3 31
47 11 21 24
27 5 45 47
45 29 18 17
25 11 34 48
19 27 23 34
39 5 44 5
38 43 31 37
37 26 34 35
21 47 15 3
9 20 20 48
20 49 36 10
46 9 33 40
28 10 18 32
2 14 5 22
22 49 3 3
8 23 5 14
42 9 34 36
3 31 5 16
10 27 33 30
42 9 36 41
33 15 21 25
43 15 17 1
24 4 31 39
18 19 29 41
28 0 32 38
11 14 0 34
44 5 25 49
42 16 26 31
2 19 13 38
12 8 27 36
12 13 29 39
35 12 35 40
41 31 27 43
18 44 12 31
43 1 32 43
46 18 34 36
7 17 39 31
34 13 28 36
41 15 29 35
12 23 27 38
44 9 19 49
39 6 26 37
15 13 30 35
30 20 32 38
21 20 0 24
19 43 39 8
5 12 6 21
35 13 30 36
45 6 16 31
6 8 28 33
22 48 19 21
11 20 11 42
5 18 42 36
10 16 27 12
9 12 32 32
14 9 31 33
41 18 22 1
28 3 29 43
43 12 32 44
22 45 14 37
7 13 19 6
7 32 35 22
27 22 4 17
21 13 31 35
42 16 41 44
16 18 35 44
15 48 15 31
14 12 11 4
36 8 8 34
2 9 21 31
44 14 27 42
24 30 5 30
3 5 30 41
20 49 1 15
42 14 4 10
3 24 10 36
40 5 29 43
29 32 21 26
40 18 31 35
45 29 39 41
7 17 42 26
40 10 11 18
23 48 28 44
15 49 31 38
45 31 32 13
2 21 23 32
11 25 23 49
34 48 34 25
9 7 29 38
24 45 12 14
6 23 35 29
9 25 31 34
23 47 17 34
19 48 30 35
21 44 18 21
16 13 19 24
11 13 49 43
37 16 5 13
36 28 22 23
21 48 4 35
31 29 37 24
42 16 32 40
31 11 29 38
19 33 10 10
20 47 34 37
25 49 5 1
17 28 13 3
20 48 2 48
1 19 16 33
32 7 35 41
42 13 30 48
20 21 30 37
8 16 26 49
43 17 44 30
47 5 31 34
13 37 29 39
26 8 45 45
7 27 12 42
41 9 20 26
6 22 32 40
20 14 24 31
24 2 9 14
36 4 35 39
21 7 7 10
12 21 17 49
43 5 16 24
48 5 33 38
10 26 30 34
5 6 42 25
40 4 29 40
23 48 29 38
33 16 35 36
48 4 20 36
2 7 36 37
25 49 13 15
17 47 13 10
41 10 28 23
22 4 31 43
2 6 25 40
18 49 4 19
33 18 36 14
1 18 37 31
16 36 40 17
9 2 34 37
0 27 11 43
0 15 30 12
21 46 35 38
42 9 17 48
19 47 33 35
43 6 23 11
17 10 29 22
36 16 32 38
21 48 30 40
2 13 21 21
18 48 34 40
46 11 36 28
12 24 39 36
17 13 31 37
9 16 0 47
18 49 33 41
43 3 42 39
14 30 32 39
35 44 34 39
36 15 29 39
21 20 11 32
12 6 21 30
19 48 32 42
29 18 33 45
25 45 27 16
31 0 8 15
24 29 32 40
43 1 33 45
36 15 26 20
23 15 30 44
27 5 47 29
13 19 34 47
1 35 24 26
44 6 35 40
18 49 32 36
31 8 19 31
8 24 1 4
43 7 8 42
10 26 43 45
31 36 48 30
12 14 32 37
14 17 36 20
29 29 37 49
17 11 10 21
9 18 17 34
9 33 24 16
21 45 13 48
22 49 18 48
4 16 14 23
6 14 21 34
20 48 18 43
46 32 28 38
1 23 39 44
11 13 36 44
4 16 1 13
29 30 31 37
4 14 39 14
27 1 7 16
43 12 46 29
32 32 26 41
9 22 10 6
18 48 32 35
23 4 34 44
4 17 36 42
18 48 31 33
15 27 37 40
45 8 34 34
35 10 32 48
23 8 0 8
8 12 44 45
38 25 33 36
47 15 4 10
5 15 2 0
18 28 42 44
45 17 34 28
36 39 20 36
26 30 20 7
29 30 22 40
46 8 25 36
41 16 17 46
25 31 3 47
40 13 20 49
23 21 29 18
20 47 7 1
25 21 28 16
20 8 26 47
17 18 37 37
22 48 32 38
44 11 31 49
48 4 16 30
33 12 31 30
12 13 16 17
34 17 45 42
17 14 33 30
5 11 11 1
2 20 22 32
38 24 19 8
42 5 14 22
13 28 31 37
12 29 17 21
23 9 8 29
7 10 42 46
13 16 20 30
19 30 15 33
28 9 24 16
2 37 27 29
21 24 10 38
15 18 16 13
30 36 33 40
18 29 33 39
17 47 47 21
4 23 42 44
3 23 13 28
38 17 24 18
9 11 22 19
1 18 33 5
29 30 46 41
16 24 30 41
22 45 8 13
4 14 9 6
6 14 23 33
42 6 32 31
40 25 18 2
16 7 32 42
42 6 31 38
8 17 30 42
42 14 6 43
40 3 31 21
29 4 48 17
12 15 13 23
47 7 31 17
17 19 31 39
42 12 22 24
49 25 49 14
39 7 16 12
13 4 33 37
25 47 31 36
25 26 23 33
7 13 34 36
49 24 49 34
20 14 41 14
23 0 27 40
10 29 24 39
30 14 39 38
12 45 29 2
21 48 28 24
18 25 26 45
18 46 33 41
16 14 24 46
31 12 5 25
19 36 38 41
6 4 30 42
23 46 8 26
26 8 1 11
46 11 22 16
19 49 25 41
15 15 33 45
34 24 38 25
16 13 36 32
10 12 31 37
9 10 27 40
18 5 7 6
27 22 24 4
48 25 35 16
45 2 32 41
1 19 38 12
17 14 48 41
25 12 38 38
25 5 28 48
16 20 35 38
20 48 29 42
7 26 27 27
21 46 32 42
47 14 32 40
3 32 23 39
47 33 34 38
6 11 19 17
20 12 27 6
42 21 24 42
8 16 32 37
41 4 4 4
7 17 34 45
14 15 14 37
17 49 30 37
21 48 7 16
19 48 48 14
3 16 47 48
19 14 18 24
32 17 31 39
23 47 10 27
44 10 37 7
17 48 32 36
34 32 30 37
5 14 43 13
25 23 10 9
3 18 38 43
16 47 9 16
33 4 9 29
47 13 4 17
39 12 38 25
38 12 33 39
0 30 21 34
6 14 43 31
3 15 14 10
18 17 35 40
8 7 32 40
46 7 20 17
28 3 5 37
33 22 17 38
8 7 15 27
15 26 39 41
15 27 38 24
27 33 39 44
8 14 4 9
19 45 2 12
22 48 34 41
24 21 35 35
31 37 38 3
0 11 7 20
21 49 31 39
18 47 46 34
34 18 22 31
6 31 15 8
20 46 23 40
46 13 18 45
9 32 6 4
37 14 18 26
7 38 22 32
16 3 13 33
18 46 6 36
29 15 32 37
17 21 9 6
21 48 5 49
41 12 34 39
23 19 30 24
14 8 37 46
42 9 3 9
20 13 20 27
25 48 0 5
3 12 26 34
19 16 15 39
36 13 20 39
49 34 30 41
24 38 44 37
47 22 17 1
12 19 18 8
31 7 5 10
39 8 32 37
3 36 29 46
34 10 26 24
14 18 19 0
31 1 1 25
10 18 34 37
26 5 29 38
19 47 31 37
19 49 21 29
16 27 38 29
46 0 28 37
6 23 42 36
1 15 33 39
16 24 43 11
1 9 11 38
42 37 6 38
37 16 31 41
47 0 31 37
20 10 41 12
49 16 48 46
35 34 0 30
0 0 26 28
12 1 14 39
10 46 41 25
31 18 39 15
2 16 35 49
36 18 5 37
19 9 44 48
29 3 18 11
18 46 48 42
42 9 23 23
30 3 9 2
25 13 26 38
18 22 35 24
18 44 36 38
2 14 32 40
14 22 28 40
26 31 39 30
45 10 34 40
23 45 4 34
17 49 9 15
39 0 32 47
24 48 18 47
38 26 24 28
25 46 38 18
10 14 14 31
25 6 14 41
49 9 11 47
13 34 35 39
5 10 0 0
27 13 2 1
6 14 15 31
27 4 29 41
43 14 38 42
39 9 9 1
8 19 13 9
23 48 16 12
10 12 27 39
12 17 22 42
18 12 14 34
35 6 1 3
26 39 33 37
5 36 27 39
2 15 15 11
16 20 32 41
4 18 33 36
0 16 4 33
48 12 35 40
2 13 21 46
49 14 16 34
27 30 36 40
48 34 16 27
24 6 2 21
44 7 2 15
14 12 31 34
20 48 31 39
20 7 25 41
41 19 21 31
10 29 33 38
1 41 31 41
20 32 18 26
17 13 6 28
0 11 34 40
7 13 18 47
18 19 27 35
7 20 40 30
