50 295 13236 800
21 19 45 38
18 29 26 28
37 48 18 33
16 28 7 45
6 40 20 15
1 26 6 44
27 19 10 18
13 25 39 7
37 18 43 14
4 25 25 33
18 3 44 17
11 28 48 17
6 7 44 4
32 19 23 6
40 42 39 21
37 49 47 34
4 22 43 12
15 16 33 9
36 15 15 23
31 19 47 36
17 27 32 16
16 19 42 37
10 14 27 4
10 21 27 8
37 46 26 37
9 27 39 9
38 3 6 20
20 22 5 42
14 14 37 26
42 47 23 12
13 19 44 36
8 23 23 17
8 48 41 46
2 24 41 46
10 10 27 23
11 5 48 10
37 15 38 24
35 45 28 17
32 30 17 6
47 28 49 18
8 24 26 34
40 13 10 32
11 47 10 15
18 22 25 8
47 11 40 4
33 3 25 41
32 46 36 21
43 45 21 14
21 3 11 25
15 26 12 12
26 13 5 47
27 7 25 33
8 45 15 9
43 48 44 20
8 32 46 27
17 2 10 38
39 37 22 27
25 34 41 44
3 18 9 8
13 23 49 33
22 16 0 44
35 33 14 15
15 9 41 10
19 24 45 34
39 48 14 23
5 23 39 9
7 13 37 23
44 48 10 16
41 10 41 33
39 24 6 41
37 49 7 3
42 11 44 41
42 24 26 28
39 45 40 18
5 18 8 45
0 47 43 20
42 14 14 14
36 45 48 38
31 3 44 12
20 47 44 6
28 24 45 47
16 25 23 21
8 12 41 39
36 44 21 13
13 31 19 31
7 31 45 26
6 28 26 24
13 33 24 4
6 24 22 47
12 25 38 5
22 31 7 42
46 28 7 45
1 22 42 28
36 46 32 30
2 35 12 49
12 31 43 10
21 24 32 29
31 15 23 24
44 49 23 22
18 21 7 6
35 15 41 13
44 9 2 6
37 49 45 0
40 48 25 8
17 22 13 31
36 12 48 15
20 31 22 21
37 37 32 16
6 44 43 48
23 20 13 45
40 9 42 20
46 43 46 11
9 25 44 16
49 44 27 6
26 23 46 30
23 23 28 27
30 27 24 42
36 49 43 35
43 47 47 4
22 43 31 25
33 15 1 49
20 26 43 4
9 37 22 17
23 30 26 15
7 29 43 14
42 47 32 7
40 23 47 34
9 21 43 35
38 17 27 32
7 19 10 43
37 33 26 6
10 30 45 37
5 23 16 45
35 49 49 8
9 30 13 41
11 26 5 43
9 39 20 16
29 2 25 5
49 33 13 46
7 29 44 21
34 48 13 47
24 30 22 1
8 19 36 23
18 21 14 35
44 11 13 43
34 47 43 6
39 35 18 2
22 36 14 24
18 11 22 16
19 20 42 43
27 1 6 43
46 5 47 41
42 47 38 43
14 30 11 43
12 27 19 35
32 49 12 17
13 21 23 37
6 37 45 17
45 32 37 11
6 21 47 37
10 36 35 20
41 46 14 46
12 45 9 48
35 9 45 14
1 24 7 36
9 10 19 35
21 1 26 29
1 42 9 41
16 15 7 45
7 44 46 36
21 29 41 15
39 46 47 34
40 28 33 6
13 34 23 1
33 19 4 42
16 11 27 47
11 19 18 21
8 14 43 34
29 36 14 27
8 18 42 47
31 19 1 44
19 35 25 11
30 10 39 9
6 14 46 12
1 27 13 0
31 14 35 16
2 24 42 12
9 10 5 45
8 28 19 46
1 21 32 48
15 25 10 31
34 11 49 19
16 17 1 43
12 0 42 15
12 22 47 7
40 7 48 34
7 18 28 13
7 19 30 9
28 5 19 36
37 44 20 0
7 40 24 26
11 11 7 3
23 22 10 42
0 19 34 5
37 13 2 14
5 24 29 3
37 47 35 13
35 15 15 23
27 35 20 5
28 33 20 46
48 12 45 35
36 48 42 24
36 24 16 26
26 17 4 42
23 2 11 18
8 30 12 24
16 33 44 39
6 36 5 46
40 8 24 9
12 43 22 28
5 12 41 47
27 31 11 40
10 37 28 8
17 23 12 45
20 16 30 30
4 30 10 42
46 22 46 14
40 46 7 45
13 21 45 37
41 31 11 39
32 47 37 42
29 9 44 34
29 1 12 26
21 42 45 39
11 10 30 15
43 46 6 32
13 31 28 36
9 12 47 37
8 19 5 24
4 40 15 31
13 22 20 19
13 31 46 38
3 9 44 9
24 5 29 33
14 23 24 43
42 49 1 0
8 24 7 44
21 21 48 37
20 24 40 47
24 9 49 12
33 10 9 40
5 26 19 25
45 27 10 12
11 22 44 36
40 37 29 7
40 9 20 18
31 24 20 21
36 46 45 11
38 46 11 17
16 9 42 8
5 37 19 7
13 28 35 28
0 15 10 36
23 16 47 14
19 23 6 39
8 21 3 40
30 43 30 33
16 23 1 14
29 7 48 12
38 45 9 44
20 5 42 19
11 31 6 23
12 29 4 47
32 39 27 17
43 24 49 12
4 46 49 18
7 39 3 47
28 1 49 18
33 19 29 14
35 11 47 37
13 14 20 3
4 26 19 18
14 24 46 3
18 21 49 42
17 12 49 17
13 42 42 13
41 6 21 17
12 25 33 12
27 26 38 7
41 49 49 21
17 29 45 5
3 25 22 42
37 14 27 29
26 13 37 13
12 24 32 27
