50 260 12443 800
4 30 21 3
29 43 23 23
9 40 20 29
15 37 30 9
38 16 28 10
7 18 43 21
34 40 31 26
17 22 35 9
23 22 34 20
9 31 35 28
20 13 14 9
19 43 44 33
30 36 35 6
5 20 48 17
36 37 39 16
30 46 37 19
12 30 30 9
15 22 48 10
38 44 24 17
29 46 34 9
22 40 19 15
7 26 46 49
46 17 24 23
30 7 21 13
26 3 7 24
2 19 46 9
33 44 36 25
18 25 19 16
8 15 43 0
12 26 46 21
20 9 29 27
17 32 14 12
0 29 36 10
17 29 43 25
1 5 30 16
5 20 28 14
9 16 36 5
8 33 34 13
26 6 21 11
23 49 22 9
0 30 22 33
12 29 46 18
30 41 39 17
28 43 40 28
15 16 47 12
15 4 41 8
29 45 29 34
32 37 40 8
7 29 31 3
22 39 48 24
26 39 30 23
8 35 12 11
14 32 8 23
39 43 20 1
2 25 42 42
27 37 15 28
34 27 46 22
5 35 43 34
12 35 37 18
23 43 31 20
38 41 48 17
30 41 25 11
11 31 41 47
34 39 40 7
40 15 34 41
11 36 20 7
31 18 17 5
30 1 35 27
2 42 28 28
29 41 39 13
4 22 31 10
0 30 35 9
31 40 46 42
21 16 43 18
34 44 34 12
27 42 21 4
34 3 48 28
6 25 25 19
40 44 16 8
44 36 41 13
25 39 23 1
9 44 30 15
12 15 27 18
4 28 40 18
35 43 17 11
21 37 23 5
28 26 47 0
27 44 32 3
31 41 18 12
12 31 39 30
4 31 44 32
6 39 36 16
5 18 41 37
9 21 45 1
5 12 19 49
11 24 41 16
17 34 11 0
37 2 15 13
3 44 33 14
4 17 45 17
34 45 37 23
29 40 21 12
16 44 37 8
8 21 33 10
33 1 48 9
5 45 40 12
12 17 46 31
12 2 32 32
22 28 43 14
25 42 26 11
1 36 39 11
40 16 29 13
15 30 27 16
12 21 37 37
13 39 13 16
43 7 33 36
34 44 27 20
16 18 45 8
13 41 26 5
37 9 45 34
8 43 32 32
28 38 31 24
5 31 24 4
18 40 38 37
4 30 41 10
26 1 19 2
0 36 46 16
19 4 22 27
28 35 46 14
34 46 30 27
0 12 49 17
9 27 32 3
28 43 48 17
28 46 13 13
33 37 4 5
6 44 18 0
13 44 33 11
12 7 49 47
32 24 46 21
7 9 35 15
0 41 41 16
17 29 49 9
26 41 14 5
19 12 41 29
6 48 46 16
11 0 36 11
16 24 35 3
35 43 46 11
16 37 41 20
34 38 42 1
15 34 41 24
30 25 31 5
7 29 41 45
39 5 35 9
19 47 21 0
25 47 48 9
15 33 43 20
18 9 43 12
21 46 22 14
30 13 20 22
28 39 44 14
41 37 40 15
33 47 42 18
5 24 12 14
9 45 44 28
21 10 37 11
30 43 40 28
8 42 34 14
29 42 42 22
33 40 22 9
16 41 24 15
14 39 34 11
38 43 25 25
30 40 48 15
7 34 39 12
41 12 22 44
33 43 23 19
20 27 16 19
39 17 26 18
10 25 24 13
26 47 32 25
34 35 38 10
25 47 23 40
39 39 46 47
4 5 40 15
30 45 23 14
12 35 25 22
0 21 35 12
22 29 43 25
8 33 20 8
2 7 34 7
8 42 22 14
32 28 38 28
34 13 39 21
15 18 22 10
21 36 10 5
24 9 16 14
30 47 45 31
30 31 39 2
18 28 40 9
28 11 41 18
32 37 22 18
24 10 32 16
22 38 33 21
26 7 16 20
27 40 9 8
5 39 25 1
7 38 22 32
27 5 44 11
13 45 40 44
27 41 16 14
33 48 15 33
9 38 21 16
31 42 19 0
19 27 41 9
13 47 45 23
33 29 39 7
4 35 6 25
32 45 24 5
27 39 40 2
13 29 28 16
24 47 37 18
42 6 48 3
1 19 23 29
31 11 25 22
3 31 41 17
30 15 11 4
28 43 21 7
32 38 23 11
36 13 32 2
15 2 41 11
21 32 17 20
3 29 41 20
1 25 26 7
15 15 22 7
12 42 43 30
5 36 36 6
27 49 30 33
38 10 48 28
42 33 25 17
22 42 38 29
14 36 34 5
11 33 20 17
43 13 32 8
26 41 19 3
31 36 45 20
27 44 30 8
11 39 29 14
5 41 32 28
8 42 35 23
1 49 28 32
46 5 36 9
28 42 39 10
2 18 43 32
16 30 32 22
33 3 38 7
15 14 35 19
29 40 12 1
13 32 29 16
26 46 43 25
