50 221 13917 800
25 24 0 0
28 7 0 34
13 17 11 43
24 33 44 21
35 6 10 27
34 15 28 27
11 26 40 15
26 0 32 26
31 10 2 45
19 30 41 25
27 1 47 15
44 18 46 14
36 12 11 25
35 35 19 42
17 34 16 48
22 10 4 46
29 35 40 7
30 22 41 12
10 14 24 30
29 25 34 29
29 38 38 47
0 21 12 46
28 12 35 18
24 7 17 35
28 16 48 18
34 19 7 33
6 7 15 42
24 30 49 16
22 26 8 30
31 36 45 19
33 10 41 46
11 34 13 4
7 12 45 17
38 7 44 20
27 13 49 8
25 14 32 37
26 32 44 21
26 6 9 41
21 9 7 37
35 2 4 43
25 7 5 47
5 38 21 29
7 36 46 10
32 36 6 36
33 7 15 13
32 14 42 46
35 22 20 34
30 16 49 20
16 2 36 12
3 24 11 41
24 22 46 19
17 20 6 42
2 16 11 42
33 29 38 47
20 18 8 42
39 15 27 36
23 16 4 13
26 27 6 42
29 34 4 44
31 32 31 21
23 9 44 16
38 9 42 18
39 32 24 38
18 31 10 41
22 22 15 10
13 18 15 28
26 34 49 2
0 10 16 48
33 16 41 46
29 12 49 18
3 24 46 20
29 14 11 38
3 24 49 14
29 15 10 38
9 11 11 45
29 27 21 32
38 10 39 41
27 23 15 39
24 14 45 44
20 36 22 26
32 9 36 34
28 20 38 14
26 2 2 39
12 31 9 44
31 24 47 17
20 13 14 47
37 14 16 46
37 20 20 40
27 26 27 20
27 22 37 8
12 48 46 19
0 38 6 38
42 3 35 0
13 28 13 13
10 16 8 43
25 27 48 17
29 30 6 30
19 16 3 47
10 40 12 47
41 14 33 23
27 6 47 11
29 6 11 6
28 15 37 33
7 34 13 45
2 15 11 36
21 1 22 33
31 24 6 35
18 6 38 15
28 33 8 46
13 32 40 8
19 14 39 34
45 10 14 44
42 20 3 45
35 28 42 17
32 9 5 47
29 34 16 37
23 11 27 31
30 17 10 28
19 9 12 12
28 28 9 29
7 28 12 49
28 31 35 14
38 37 8 40
28 32 41 17
31 31 48 22
34 16 47 18
3 40 6 21
49 9 7 10
25 7 49 16
45 12 47 19
25 16 19 39
2 15 11 5
18 32 48 19
23 2 32 1
47 4 1 47
21 21 8 38
19 24 38 44
2 11 20 0
27 14 8 45
29 16 6 40
5 28 25 30
36 13 41 16
38 9 35 49
15 11 43 16
12 21 12 46
7 27 47 22
28 8 49 18
33 33 12 44
32 14 17 47
2 22 17 44
34 31 5 6
14 39 7 31
36 8 13 44
44 0 5 38
22 23 14 40
2 33 31 27
21 14 13 36
31 19 0 40
24 30 47 15
26 21 12 48
27 19 45 17
23 13 0 32
43 13 14 46
27 5 24 28
30 17 47 10
15 7 8 48
26 3 6 37
1 32 30 5
34 20 22 35
5 24 17 45
18 7 19 45
33 42 9 27
12 28 6 46
6 31 43 13
38 4 24 25
38 23 2 3
10 23 44 21
33 35 47 21
23 20 2 8
6 35 41 14
20 35 30 19
47 5 48 9
31 25 47 19
7 3 46 14
47 29 23 49
36 29 5 43
21 15 26 40
24 23 48 13
36 14 3 43
32 36 14 19
33 19 26 36
18 22 2 11
24 18 17 23
33 34 22 41
36 28 3 42
18 27 43 14
28 14 5 43
40 11 6 46
16 30 13 38
3 42 11 48
49 11 43 29
34 18 9 33
31 17 10 37
26 18 47 18
26 16 1 47
29 11 19 1
26 37 33 26
26 11 18 40
34 41 41 16
25 18 42 29
7 33 48 12
45 32 6 45
30 15 45 17
38 30 6 35
35 20 45 15
28 23 17 44
19 38 4 4
32 23 17 43
31 16 41 34
38 9 38 30
2 39 15 43
