50 85 12133 800
25 17 6 20
34 16 16 20
23 25 4 33
45 30 13 21
38 32 0 43
42 21 4 38
20 9 17 44
4 20 4 43
12 26 7 48
4 36 8 48
37 8 25 23
42 23 49 17
28 11 18 29
27 40 2 49
45 22 8 30
20 41 6 40
9 26 7 46
42 38 9 45
41 21 1 39
5 30 12 24
37 18 18 32
26 26 20 32
2 23 16 30
22 9 10 34
37 20 17 40
6 45 19 31
39 46 14 23
40 37 7 36
24 16 16 36
18 38 17 23
42 23 15 44
7 40 2 48
44 23 17 29
42 17 14 22
23 10 8 28
32 29 45 7
0 8 19 43
26 14 14 33
0 29 12 29
45 19 4 26
16 21 17 30
26 34 5 41
42 45 14 33
30 15 44 3
10 22 14 32
21 12 12 39
36 22 11 28
39 4 25 31
10 39 14 46
13 22 9 44
34 33 20 25
15 25 33 15
20 24 11 24
21 24 15 37
13 25 4 48
46 22 12 42
44 40 5 26
47 35 18 28
44 21 46 13
45 25 34 20
41 42 12 34
9 44 12 25
45 37 21 47
18 34 13 27
4 28 13 23
36 19 15 24
4 15 11 33
11 27 19 35
32 10 10 44
1 43 17 42
33 21 3 48
25 8 3 44
26 33 23 20
12 44 10 29
32 19 3 48
13 28 16 15
38 31 17 44
25 25 22 36
46 32 2 44
38 18 13 40
11 28 16 40
11 45 7 47
41 26 22 35
44 28 11 40
18 37 14 48
