50 1442 15390 800
29 11 18 22
37 31 14 27
41 26 34 37
42 18 40 14
28 31 22 19
9 6 43 36
36 15 20 21
29 29 25 31
41 19 7 37
34 45 30 34
37 40 42 49
38 28 29 37
13 40 19 23
15 14 8 11
36 44 42 45
20 11 39 39
10 2 24 46
37 26 34 20
19 31 41 46
41 20 39 46
19 18 45 39
15 16 37 26
24 38 36 16
35 31 23 21
32 36 43 48
5 6 30 23
43 39 40 49
20 16 28 21
38 25 26 11
41 22 42 43
11 43 4 18
13 0 34 28
49 25 33 35
31 31 31 20
46 17 21 20
43 35 20 30
46 21 25 8
35 41 40 11
5 48 38 42
31 35 16 25
22 11 7 13
38 21 14 24
10 21 28 14
20 8 19 24
41 14 0 34
13 12 11 28
18 22 39 17
40 11 18 45
5 24 11 20
49 24 11 32
22 26 14 22
38 38 16 21
37 20 41 48
13 49 39 2
35 32 0 22
15 5 17 21
48 34 23 22
41 22 40 17
27 23 47 35
38 46 32 45
22 12 8 34
40 47 10 47
15 2 10 18
4 37 1 18
41 49 26 9
48 23 2 32
9 7 41 45
48 29 40 39
41 14 5 33
5 3 29 17
44 18 13 22
31 48 6 42
41 40 27 14
46 23 9 22
46 41 40 39
39 19 33 15
47 41 23 20
38 29 12 33
6 8 21 25
44 27 29 12
10 9 32 8
34 28 22 26
25 31 42 0
22 35 17 28
46 33 5 35
37 23 14 21
7 34 12 19
49 30 45 8
5 12 1 20
32 10 17 23
41 40 38 27
33 25 41 49
36 15 42 9
17 1 39 49
42 24 24 21
49 14 19 19
13 18 42 46
34 34 48 21
37 30 14 23
37 19 21 26
35 19 28 34
35 15 26 9
32 45 45 13
30 30 40 44
9 46 38 14
4 7 21 26
12 35 8 23
45 18 8 39
19 5 19 27
9 10 25 32
24 41 19 22
39 36 1 37
31 16 14 24
39 22 19 22
25 29 9 9
36 31 32 45
13 20 14 24
34 32 6 17
26 14 17 25
13 2 44 0
43 25 36 7
39 22 46 10
37 39 34 41
36 27 12 23
32 32 12 27
32 24 39 46
15 22 1 35
13 9 15 25
32 24 48 9
17 10 26 34
19 13 48 7
12 18 21 20
0 19 19 19
15 41 37 47
38 38 19 40
42 33 35 12
36 47 13 21
15 9 42 7
38 17 38 22
8 26 30 24
44 14 32 33
21 10 37 14
8 48 36 16
25 31 8 45
29 29 12 9
38 21 14 44
31 43 30 13
37 31 23 46
46 22 38 2
29 30 13 30
9 14 42 8
42 10 29 37
9 14 33 27
14 5 6 34
37 35 12 24
4 32 38 45
46 21 39 9
37 24 15 40
4 13 15 17
46 18 12 23
33 22 2 28
36 26 11 21
46 41 29 22
36 25 18 22
38 36 34 5
40 25 42 45
42 23 20 17
33 46 25 13
31 37 48 1
24 38 14 17
3 12 45 21
25 28 14 19
43 20 10 44
36 22 42 42
35 32 47 46
6 24 2 33
21 5 19 26
47 46 12 21
38 25 17 26
34 34 14 21
10 6 35 44
38 35 40 48
4 3 11 32
8 7 15 30
37 18 42 37
35 24 12 25
42 22 13 29
47 42 31 41
11 6 31 22
2 11 15 32
13 6 42 3
38 12 15 19
11 15 34 44
43 21 31 14
10 43 45 11
41 26 41 9
9 8 13 21
10 8 34 24
43 26 39 22
13 10 15 29
34 21 25 49
36 38 21 13
25 30 38 5
11 29 17 23
47 42 39 38
40 17 14 26
7 25 21 26
43 15 37 43
33 32 40 43
42 18 19 23
44 17 22 31
46 29 19 37
39 26 22 25
42 17 12 26
32 26 31 19
17 27 15 18
35 22 43 6
37 33 22 22
40 21 27 45
11 33 4 40
13 39 16 29
4 7 38 11
43 28 35 7
33 17 26 11
39 33 4 27
15 4 20 27
28 38 25 21
43 41 40 0
32 27 4 46
15 9 18 22
37 36 14 23
33 42 29 19
14 1 39 34
35 17 25 22
12 45 36 14
14 7 24 25
31 35 12 33
40 35 29 18
47 30 36 31
39 25 36 30
11 14 14 26
38 25 11 36
30 21 15 25
42 20 23 22
43 39 33 38
9 49 33 35
45 23 33 25
39 18 23 21
19 39 18 25
34 31 39 4
49 32 20 31
19 1 15 38
5 8 19 22
47 41 27 12
38 25 40 48
12 7 31 31
18 47 36 45
40 7 21 21
15 9 13 43
28 31 35 44
29 27 39 8
4 30 14 26
15 21 12 19
31 45 19 18
33 43 39 3
42 34 38 47
7 45 36 40
29 35 16 7
46 13 44 46
49 26 16 45
13 4 14 26
36 28 2 29
7 24 19 27
12 13 7 11
40 19 43 46
4 47 34 42
31 34 14 34
36 25 45 46
23 39 18 21
39 38 14 19
37 18 38 41
41 33 11 32
36 23 38 41
44 32 37 45
48 21 23 14
13 1 42 7
41 19 30 37
36 24 38 15
27 19 34 40
16 10 31 12
40 19 19 28
14 48 38 19
4 48 5 35
31 41 16 18
41 26 36 48
15 0 34 44
9 7 36 16
33 34 27 20
38 26 11 25
39 23 14 24
11 7 23 26
26 37 21 21
32 28 8 29
4 7 21 34
25 24 12 39
6 6 7 21
41 22 23 20
9 5 0 36
36 37 20 13
25 17 6 26
17 20 34 17
18 13 14 37
36 30 7 30
36 46 19 25
0 35 10 36
38 33 34 40
15 6 24 45
43 42 19 23
16 32 25 32
24 44 43 19
5 0 3 46
41 36 23 49
0 12 38 49
42 25 35 42
8 34 16 36
33 29 17 20
36 31 42 5
38 31 38 10
12 9 7 27
3 27 14 18
29 17 25 19
33 23 2 43
34 26 27 24
19 6 26 9
8 41 33 47
18 8 11 9
15 8 12 31
14 9 16 26
15 14 35 13
14 31 19 22
12 13 5 31
7 20 8 29
36 10 30 23
35 22 28 29
9 18 16 10
23 23 7 39
36 25 13 24
34 22 17 23
26 48 45 44
42 29 7 42
24 48 21 42
7 5 40 9
11 19 15 33
29 34 4 14
14 8 16 17
19 17 36 45
30 37 36 44
13 13 15 25
36 24 5 27
3 32 8 19
44 37 25 35
22 42 18 13
12 22 41 30
40 45 31 37
1 47 36 28
11 38 20 21
41 44 34 17
4 2 12 25
18 37 23 0
11 17 16 16
13 3 32 46
6 14 32 8
17 6 2 32
17 46 16 21
15 26 21 41
43 23 40 21
36 24 40 46
36 14 16 23
46 27 11 41
40 31 37 10
27 36 39 3
3 21 41 38
5 12 37 16
6 9 13 22
6 16 39 2
32 39 16 13
47 37 43 40
42 24 39 43
37 32 17 28
42 35 37 47
36 28 5 35
27 49 41 47
7 22 42 6
16 5 21 25
45 17 11 18
5 10 1 44
41 24 28 25
42 25 35 47
47 39 22 15
43 29 35 15
8 21 38 14
45 31 8 13
40 25 42 4
8 18 36 11
33 18 33 48
20 7 33 9
29 26 49 38
38 34 8 37
34 26 44 5
4 18 6 26
36 19 11 44
2 24 22 18
14 13 38 42
10 8 27 43
41 31 18 20
30 24 41 7
2 29 35 13
31 35 29 27
33 36 16 18
43 38 10 25
37 13 42 41
39 31 39 41
6 21 20 22
22 4 14 25
16 40 21 18
38 18 33 42
42 22 13 23
28 34 43 37
35 20 15 27
30 35 37 42
34 35 40 8
28 30 30 12
36 25 40 42
2 13 3 24
43 33 10 17
46 40 34 47
4 1 34 19
9 4 25 25
24 22 30 15
7 12 42 2
17 11 28 23
34 21 21 23
22 9 24 21
14 9 16 48
38 15 30 40
43 29 40 40
37 28 24 34
0 7 4 41
34 30 16 14
4 22 35 13
32 36 5 32
26 17 32 16
0 17 44 48
42 22 19 29
23 32 33 11
20 7 4 32
20 19 43 42
39 23 17 19
16 18 30 41
35 35 5 29
44 39 17 28
29 46 31 43
31 28 34 40
32 15 34 38
18 3 34 37
10 3 35 45
31 33 8 18
45 26 49 42
47 35 35 17
47 30 23 19
39 27 38 48
12 0 31 11
9 44 23 38
25 33 14 38
36 14 45 30
30 33 19 34
34 26 46 8
33 15 16 28
35 31 33 10
35 39 13 35
25 46 13 28
23 37 22 26
45 17 13 31
39 18 7 41
24 35 36 44
28 37 19 25
13 13 19 14
37 17 3 47
17 34 11 41
39 24 39 42
18 13 41 17
28 10 44 2
39 24 14 29
26 36 39 43
28 36 37 44
43 30 26 7
15 9 20 18
37 33 44 5
34 23 19 22
27 16 18 28
9 27 36 4
24 11 21 32
21 8 39 41
15 48 6 35
4 44 13 21
34 40 30 10
15 20 18 37
18 47 25 7
28 28 10 35
0 38 46 49
45 21 19 18
40 37 39 43
21 31 20 26
4 15 29 3
42 16 6 22
14 21 4 43
17 4 22 17
31 33 26 15
41 42 16 22
13 16 36 18
31 25 36 15
49 15 15 15
41 21 43 33
23 11 12 41
36 31 33 44
15 10 44 17
7 13 34 17
39 40 14 20
6 45 25 45
48 27 35 39
6 22 22 13
43 32 4 32
47 30 31 36
11 25 42 30
10 12 20 12
16 9 20 33
38 28 16 25
45 30 15 25
17 11 48 43
11 4 39 15
12 20 25 45
2 6 33 39
9 12 40 13
37 27 12 21
9 6 12 26
20 4 23 32
39 20 25 26
15 9 37 13
10 3 13 26
7 4 33 13
40 21 2 31
18 21 8 22
16 6 37 38
45 21 14 27
45 16 16 25
39 18 34 45
45 18 33 14
39 41 46 18
14 45 40 4
32 24 26 25
3 29 25 17
46 22 34 34
44 25 24 44
43 43 38 19
18 7 20 47
28 35 16 22
35 26 20 20
33 23 20 21
22 29 29 29
37 42 40 36
16 11 6 31
2 16 9 40
12 1 20 22
36 37 32 48
6 24 4 39
42 21 42 32
48 26 12 23
46 31 1 36
21 35 30 10
45 23 44 45
44 40 19 21
28 27 48 49
39 13 21 41
3 49 21 21
15 0 38 43
3 13 17 26
7 5 13 26
6 13 38 46
7 7 37 13
5 34 37 35
36 32 17 28
12 15 5 44
18 47 18 24
42 20 17 19
28 27 24 28
7 11 38 7
38 33 23 22
49 22 29 41
39 48 49 20
41 36 48 22
13 11 48 3
34 28 10 38
6 40 4 35
15 11 16 22
40 44 20 36
0 24 12 30
19 28 35 21
36 27 18 19
45 46 35 23
35 29 11 31
22 15 25 21
44 29 18 28
10 24 16 24
11 6 35 37
32 25 36 33
4 22 11 29
36 14 18 25
30 38 32 5
35 32 14 28
32 31 2 41
48 18 16 26
40 21 27 35
35 18 8 37
37 32 33 37
42 20 0 42
10 28 26 40
3 47 42 48
5 9 32 47
46 28 39 35
20 29 40 12
17 15 16 21
37 29 17 34
48 27 42 3
43 19 29 43
22 42 8 39
10 4 12 32
40 18 19 32
19 43 14 21
32 40 38 39
0 34 17 8
39 27 2 40
11 27 37 39
40 48 17 46
30 33 36 20
34 39 18 29
37 36 31 36
46 49 25 23
17 45 40 48
3 28 17 21
38 24 8 37
16 5 31 45
7 19 27 36
32 22 9 37
46 12 13 31
35 22 33 42
42 27 6 25
35 16 11 27
2 17 1 21
35 20 30 49
42 19 36 30
11 10 43 35
23 47 12 21
43 32 4 15
30 29 10 35
37 32 1 38
9 17 18 21
9 13 19 23
44 23 19 24
13 34 39 47
43 46 38 16
4 38 0 15
44 19 6 36
39 26 48 34
11 9 42 0
14 15 6 19
30 20 22 37
37 31 27 13
33 42 4 20
0 44 21 28
19 8 11 23
19 46 13 30
36 45 24 36
7 15 38 13
19 19 49 21
17 33 0 29
27 45 36 46
44 42 15 24
18 33 46 27
10 18 34 41
27 38 17 29
45 25 27 27
10 9 21 22
25 42 40 23
39 39 27 13
32 26 38 3
14 2 6 29
12 8 22 35
33 23 13 21
44 21 10 16
44 25 15 21
17 33 40 45
32 44 7 40
35 33 20 13
42 21 15 13
45 29 30 17
20 12 37 45
12 4 39 46
39 39 13 28
44 48 38 43
5 18 37 48
41 20 8 35
10 15 47 11
38 18 14 24
13 13 30 20
5 19 12 37
36 19 5 28
38 35 11 13
18 11 7 23
35 28 4 20
23 36 22 21
35 35 44 26
30 36 37 11
33 48 40 29
41 30 13 32
41 19 19 22
33 48 44 27
43 19 20 28
49 22 11 24
38 20 10 18
15 10 37 48
41 24 32 19
33 33 26 36
29 47 7 41
48 42 26 31
48 19 42 48
18 36 12 30
35 29 10 26
29 25 33 4
27 21 21 26
48 39 42 47
9 10 8 30
46 18 49 20
6 21 25 12
10 10 36 40
39 23 40 37
17 9 11 19
29 33 34 12
5 7 42 42
37 19 28 15
44 26 7 20
43 42 47 15
3 5 41 4
43 19 10 32
27 28 4 29
40 25 43 45
46 45 36 40
22 32 24 25
34 31 38 47
40 15 20 27
28 23 11 25
10 9 4 34
39 13 31 13
44 20 22 17
12 9 2 12
36 34 10 45
0 21 11 25
39 34 29 29
12 16 39 48
28 36 15 41
5 39 39 43
20 16 31 30
32 20 14 27
30 15 13 26
13 23 33 24
36 32 42 43
5 9 41 11
31 40 31 14
35 18 25 34
15 11 42 35
12 24 14 35
36 34 2 44
16 8 11 24
43 21 31 8
31 21 35 12
5 11 12 40
36 31 18 25
39 25 14 25
25 6 33 15
48 35 35 39
48 10 7 32
31 42 36 45
0 11 26 20
29 20 32 44
36 37 33 45
6 11 28 21
5 43 30 44
8 3 15 18
35 33 22 22
27 30 32 36
41 22 13 27
28 32 19 21
15 3 44 16
40 23 31 40
22 5 11 24
6 7 17 14
35 24 35 40
35 7 43 41
31 19 31 6
9 16 28 28
41 20 21 16
0 42 25 45
8 5 35 27
13 16 19 20
11 0 38 44
48 28 24 44
23 8 38 22
42 29 28 26
48 23 5 21
37 33 22 30
30 26 41 48
22 38 16 29
26 13 35 41
14 25 29 25
43 20 38 33
19 2 10 23
39 21 9 17
1 11 9 24
18 16 17 28
32 38 47 20
40 29 23 22
8 5 17 16
42 29 31 14
6 29 19 21
8 8 35 48
28 41 37 12
32 22 8 26
19 12 35 43
31 37 35 6
22 3 17 19
26 7 26 15
41 25 8 25
46 21 26 21
37 24 4 26
32 21 22 16
23 37 40 10
6 1 35 37
35 21 8 29
34 35 40 44
44 44 12 13
39 21 22 30
10 23 41 2
8 14 36 41
10 6 21 24
6 7 23 38
1 18 36 48
4 0 10 38
31 20 19 7
25 32 29 28
17 27 8 43
36 19 0 11
1 18 12 20
39 12 35 30
5 20 44 43
11 29 1 37
14 21 12 33
39 31 36 17
17 6 16 22
7 18 23 22
36 30 36 44
8 20 19 24
43 13 20 25
35 25 45 46
37 27 42 22
32 33 18 30
30 31 2 30
48 44 31 46
34 31 6 40
15 12 22 23
37 21 43 33
35 12 13 20
32 43 26 37
11 37 37 39
26 36 4 28
8 42 15 22
20 29 41 11
7 2 17 27
35 19 37 35
28 43 15 49
32 43 49 4
36 24 24 33
37 23 8 19
41 19 35 39
11 12 17 30
46 26 0 32
19 41 49 15
34 23 15 23
35 35 13 14
48 36 36 46
39 41 36 13
38 20 20 30
12 44 23 19
4 4 43 13
27 38 19 24
18 24 36 43
42 15 34 48
19 9 41 43
10 10 10 25
15 41 28 32
21 29 32 37
40 34 5 35
9 35 12 22
3 10 12 13
3 11 37 4
43 34 43 9
43 45 40 43
31 25 16 21
35 25 44 5
28 27 38 7
18 49 12 21
35 11 15 20
3 7 26 16
21 40 21 26
2 15 32 25
49 24 41 9
25 25 27 36
9 13 37 9
42 43 40 49
33 17 35 5
41 22 6 28
41 37 37 17
6 8 49 6
14 17 20 17
24 23 8 34
46 41 42 14
39 21 18 39
2 12 39 37
39 24 36 48
46 22 7 40
43 19 13 23
30 35 37 4
45 21 8 41
42 24 12 24
38 29 39 10
44 19 17 20
39 20 30 22
4 48 0 36
13 12 11 18
49 32 8 29
38 20 19 24
35 32 27 19
42 21 49 6
39 19 17 12
45 16 40 2
38 36 11 21
12 14 24 23
36 21 16 24
36 38 11 24
42 30 15 17
35 25 29 6
36 17 16 39
32 38 27 21
4 3 20 24
43 43 12 22
27 34 30 28
28 17 31 7
39 23 12 43
37 30 4 36
33 19 15 39
10 5 32 14
14 8 3 12
27 33 20 20
4 37 47 42
17 16 18 20
45 45 9 25
26 26 6 13
2 23 42 19
37 34 43 43
8 37 43 44
30 41 38 44
35 23 18 21
23 20 15 19
4 14 3 39
27 25 19 18
44 35 8 42
41 32 47 13
31 30 17 19
37 23 42 43
39 18 18 18
39 36 43 38
7 29 39 40
34 33 11 26
44 14 15 21
41 18 40 3
38 22 2 34
15 43 12 25
45 18 43 1
12 38 48 31
47 40 39 17
38 30 41 45
42 41 40 3
9 16 35 42
17 8 45 10
43 40 36 47
41 28 46 4
45 25 30 8
14 8 22 30
1 10 25 25
43 27 32 37
32 24 36 14
45 25 18 37
44 21 2 32
39 23 25 2
49 24 35 37
42 24 29 49
37 22 33 12
22 29 12 27
7 20 39 5
3 47 17 48
19 37 9 47
5 18 8 21
31 39 32 23
8 12 14 24
15 11 10 27
46 17 22 25
43 48 45 16
11 13 34 41
5 1 33 45
15 0 29 40
24 6 13 26
8 23 40 4
39 36 38 2
42 17 5 48
18 46 7 32
18 47 18 29
12 18 30 19
28 34 17 16
32 38 11 38
43 15 10 29
26 25 41 47
11 7 30 37
13 6 42 43
15 4 15 25
7 6 11 28
35 24 8 25
47 38 16 22
41 37 27 13
28 32 37 11
13 0 14 35
14 14 34 41
44 45 16 42
9 4 25 47
31 23 4 43
39 29 39 43
32 41 10 37
15 10 14 39
34 13 7 35
38 36 8 49
6 14 22 40
36 26 15 14
27 42 19 21
35 26 4 15
38 26 12 28
44 8 8 32
14 33 2 37
9 2 36 41
24 12 38 45
18 15 41 29
12 11 22 26
19 9 15 28
29 34 20 28
1 48 38 39
16 13 20 28
25 36 20 4
39 31 31 28
2 12 38 14
34 34 6 20
19 43 7 33
41 31 2 34
14 14 24 24
16 13 8 24
30 22 9 35
37 22 17 32
7 29 3 49
7 13 20 24
26 25 41 41
33 23 23 1
36 27 20 17
8 45 35 48
18 3 4 31
39 23 19 27
39 19 21 39
43 33 35 14
32 24 27 44
19 18 10 36
0 14 21 32
39 16 7 35
42 33 36 5
33 38 36 47
44 19 42 5
48 25 40 39
11 3 10 29
49 42 39 42
25 34 21 23
7 10 34 40
3 35 16 18
49 42 35 19
35 27 10 18
32 31 46 22
13 9 48 46
15 10 46 15
38 39 37 14
28 33 45 24
13 13 2 30
34 25 39 42
44 28 12 26
40 33 32 17
41 22 17 19
18 15 6 29
21 19 37 46
2 12 32 16
37 22 13 25
41 22 11 38
12 44 11 35
14 49 31 14
38 31 1 33
36 12 21 18
34 31 3 31
49 28 31 14
12 44 19 19
41 13 17 29
34 35 11 40
11 9 42 4
43 32 16 27
43 30 13 30
14 2 28 40
13 11 15 44
2 10 7 32
38 22 41 41
28 38 34 26
9 30 8 20
44 13 27 43
25 24 40 10
29 34 47 23
41 22 38 20
33 39 3 37
6 1 27 19
5 38 24 35
36 24 32 32
44 26 10 24
14 30 34 43
28 46 31 15
43 19 21 41
3 1 12 22
42 14 27 30
34 19 29 36
39 26 15 23
21 36 26 23
44 35 4 28
32 30 27 43
17 13 43 20
30 40 6 29
30 27 23 32
21 6 17 20
37 24 15 25
6 12 14 20
42 16 22 45
38 28 33 42
49 27 13 24
10 18 41 47
38 18 29 47
11 7 40 40
5 10 29 25
30 29 37 21
45 29 40 30
6 13 10 44
19 8 46 36
31 41 42 25
39 17 10 20
41 29 14 21
38 24 6 30
41 27 44 4
42 21 20 29
2 8 40 46
47 15 12 3
5 11 41 28
22 5 5 22
14 20 39 6
41 28 42 39
8 0 43 13
31 33 11 31
14 10 39 37
39 11 18 28
31 32 26 27
31 45 13 23
41 31 12 21
31 30 16 28
13 14 19 22
7 6 31 22
38 20 8 39
28 36 40 6
42 27 32 31
0 3 14 30
36 14 17 24
28 42 10 29
36 42 34 47
37 29 33 37
32 19 22 21
36 21 45 49
32 25 17 27
33 33 12 38
6 29 21 42
4 20 39 40
39 23 9 30
41 21 11 31
43 25 25 33
39 48 14 42
32 37 28 43
26 35 41 45
49 18 18 20
17 38 44 23
32 20 21 29
14 9 5 34
40 34 24 22
45 28 29 39
34 18 11 20
35 29 11 15
7 34 20 17
19 4 40 28
11 16 38 17
39 27 7 31
5 17 28 15
39 28 34 18
8 5 42 46
38 19 2 38
38 34 15 39
37 29 33 44
6 5 30 17
16 48 8 29
33 30 41 40
7 12 37 34
18 42 14 21
11 36 13 22
28 40 23 35
36 22 38 34
37 30 31 29
22 15 17 21
7 7 16 18
13 2 21 6
33 31 5 17
1 46 40 43
24 35 13 33
17 11 33 23
36 22 5 29
7 35 23 30
3 28 14 27
31 10 40 16
45 44 42 26
45 47 5 15
28 20 37 39
39 30 35 43
46 36 12 38
4 18 30 31
35 36 30 29
48 22 19 29
25 45 16 24
48 36 11 15
22 30 24 47
4 2 36 46
32 35 32 22
43 21 49 12
19 13 34 44
6 12 25 25
38 30 45 32
10 16 41 8
43 20 26 17
11 12 15 15
33 29 33 13
35 45 9 11
37 20 45 42
42 21 15 23
44 24 24 40
35 24 11 24
5 47 25 32
18 13 11 23
5 9 11 31
42 26 39 40
11 39 0 36
40 27 21 46
22 4 18 22
39 25 18 28
42 45 2 24
43 22 16 45
26 28 16 36
39 45 35 12
39 25 35 16
12 6 28 7
36 30 35 45
36 38 30 41
9 11 10 29
7 3 27 46
40 19 47 40
39 17 13 32
20 4 20 38
49 20 43 15
15 13 1 39
13 49 7 40
15 0 37 47
20 3 21 24
25 25 21 18
36 31 17 23
17 11 24 17
6 27 40 45
37 38 21 26
45 22 38 42
32 16 41 23
15 33 19 25
5 39 16 24
44 18 11 26
22 22 13 46
7 42 26 11
17 11 46 3
38 24 43 34
32 16 36 14
30 23 0 32
46 48 19 31
22 14 34 39
13 15 19 21
27 26 33 11
40 32 27 40
34 19 15 25
31 34 0 31
28 9 18 27
32 41 30 23
15 20 6 21
9 44 28 45
31 31 36 8
37 38 18 23
33 20 22 14
11 7 36 34
29 32 42 36
38 24 34 35
49 18 16 24
44 21 8 42
37 19 4 37
11 6 23 45
10 45 13 32
16 7 46 43
34 21 25 21
4 5 32 18
11 48 31 39
39 22 8 26
35 36 47 0
43 38 17 18
2 38 34 15
41 43 15 18
34 13 18 24
15 10 20 22
14 35 36 18
28 34 14 25
6 41 29 28
35 27 3 21
11 14 39 40
45 21 8 29
42 30 33 40
22 31 23 21
45 27 16 32
32 40 33 20
38 19 15 25
19 16 11 22
0 30 49 39
44 22 19 28
41 16 19 23
5 9 4 42
6 12 33 18
36 43 32 21
41 23 45 29
41 30 34 44
39 25 37 0
46 26 41 6
33 31 35 42
45 31 15 20
6 16 37 45
38 21 35 43
25 30 11 34
43 32 7 15
41 23 36 44
41 22 49 19
36 35 33 11
25 44 31 28
43 35 33 28
9 24 44 29
4 15 34 12
26 36 11 21
32 17 28 31
39 28 30 15
44 13 37 21
28 19 19 24
38 22 12 26
9 13 8 37
7 41 41 34
27 30 15 17
24 36 7 13
41 16 17 18
34 45 15 30
16 2 44 4
31 39 14 29
41 32 32 45
39 20 16 42
6 10 38 22
15 8 19 22
8 46 11 29
35 37 26 19
38 29 8 34
36 25 19 38
1 37 35 18
47 31 13 37
32 14 28 44
48 20 20 20
27 6 20 32
31 31 47 26
43 22 7 37
34 37 47 41
48 25 38 43
41 21 25 22
40 22 40 43
47 32 15 19
28 49 26 17
47 20 36 45
27 45 35 40
33 32 7 30
5 21 17 19
9 5 44 19
13 37 37 21
25 33 41 47
29 34 42 11
32 32 31 48
13 12 36 25
40 25 15 7
37 28 22 40
37 24 24 5
12 31 19 23
7 43 1 30
