50 190 16848 800
36 28 8 35
37 21 46 25
37 16 12 19
37 46 42 32
8 7 29 37
6 47 39 25
39 43 40 0
39 43 31 11
35 40 18 7
19 34 24 26
14 47 16 15
39 32 7 15
1 8 12 20
37 44 31 28
40 28 2 17
11 15 43 26
49 39 31 25
36 43 17 10
37 16 4 29
25 32 18 21
37 40 29 21
3 38 6 18
40 36 30 31
29 27 2 29
4 3 4 27
33 34 17 24
45 24 30 17
29 32 3 16
37 47 27 32
27 14 14 16
32 40 35 15
47 26 29 40
28 18 5 9
36 21 4 12
6 15 17 31
28 27 30 22
27 29 24 25
45 32 14 39
24 35 8 42
18 33 13 30
29 33 20 31
6 5 41 41
29 38 24 25
49 24 19 13
17 32 9 15
41 24 10 13
31 35 1 14
8 19 32 20
10 24 38 23
39 44 4 33
22 44 24 29
36 31 9 16
1 9 43 20
15 37 49 8
31 42 30 23
36 28 14 21
39 41 17 29
42 21 8 12
13 9 47 35
5 4 11 11
41 32 20 13
30 49 3 11
40 42 35 26
7 46 4 15
40 49 47 49
9 8 18 24
32 34 39 44
38 28 24 5
39 35 16 39
36 38 5 16
39 42 12 17
42 39 7 19
32 39 26 10
39 35 7 11
43 39 23 15
42 39 34 12
34 32 33 43
36 30 1 10
46 34 26 17
45 39 8 12
20 42 9 16
48 21 7 17
43 36 18 28
35 45 31 3
24 36 11 23
40 30 45 44
41 38 1 36
32 37 6 20
29 41 14 25
9 46 29 25
35 45 42 7
15 38 46 16
17 31 35 43
32 2 26 43
35 15 6 12
27 10 18 29
42 46 21 21
27 31 5 18
35 38 18 37
44 32 5 14
41 29 11 13
38 40 15 22
41 46 3 21
23 39 31 17
24 25 12 14
38 48 6 21
29 29 37 19
42 36 20 32
12 6 9 17
21 19 24 39
44 26 24 9
38 47 48 27
21 43 3 38
38 35 12 9
39 45 25 22
45 34 23 17
12 45 26 21
44 48 1 30
40 39 26 27
40 43 20 46
40 46 7 25
48 31 43 9
44 40 8 17
36 39 30 18
39 47 24 34
31 13 33 21
38 46 10 20
34 29 36 25
33 44 29 33
40 25 45 49
24 37 26 31
39 47 34 24
42 44 24 16
38 49 38 21
40 45 29 47
43 32 29 25
13 40 39 22
10 40 39 40
7 35 28 32
34 34 48 31
44 48 33 32
47 49 23 27
39 46 45 46
40 42 6 17
42 45 11 19
38 26 10 10
36 36 7 18
33 41 30 34
23 31 8 18
37 47 32 15
36 42 26 27
25 13 33 17
34 28 3 20
38 44 17 9
29 35 35 32
27 22 17 14
37 49 7 31
5 29 29 16
43 25 31 37
39 37 1 32
38 38 9 18
42 43 23 21
11 18 25 20
37 20 32 10
22 25 15 29
24 40 32 16
39 46 11 14
42 48 11 13
38 44 9 15
31 36 28 22
7 12 0 24
30 41 12 17
26 20 22 16
25 38 4 12
40 43 13 29
49 23 30 14
6 20 24 6
38 38 30 33
29 22 41 13
40 41 9 15
47 29 26 28
40 42 24 19
30 27 26 21
33 39 33 32
31 37 18 37
23 20 8 15
39 27 26 10
27 32 3 25
2 8 27 35
42 43 17 37
