50 288 14903 800
0 8 29 20
5 14 28 8
4 44 33 12
29 33 36 21
26 49 42 33
31 31 44 14
5 30 36 28
18 32 12 16
11 46 19 13
4 20 33 22
12 3 39 0
29 23 43 28
13 28 21 11
10 6 37 20
0 13 32 13
3 8 32 18
35 32 29 22
12 17 18 37
1 14 30 18
2 38 34 34
7 20 44 41
39 1 18 16
1 48 19 17
27 36 26 20
34 15 36 18
18 26 28 20
3 26 37 8
4 23 33 12
0 16 36 12
22 7 6 3
4 24 43 10
0 15 37 23
18 16 37 10
12 16 46 36
0 3 35 40
34 8 10 7
17 14 27 16
19 10 28 25
6 34 31 15
5 47 33 9
0 26 38 18
1 9 13 22
24 31 26 23
8 7 42 48
23 1 32 5
3 48 48 45
1 31 37 17
18 12 24 4
16 46 37 25
10 5 43 17
4 12 41 16
7 27 33 20
31 23 37 23
1 0 22 43
16 28 40 0
17 1 37 8
17 20 24 22
14 33 0 21
16 20 30 35
5 15 25 18
35 20 48 3
9 31 30 3
15 28 19 35
11 45 36 28
9 12 32 9
7 2 44 14
28 32 28 8
35 12 37 25
2 26 5 17
32 4 35 24
13 32 24 22
1 11 34 16
9 34 36 23
23 49 35 21
3 31 34 10
39 33 33 16
2 33 16 7
43 23 39 26
27 30 48 22
5 5 23 7
4 27 48 32
44 19 33 23
22 9 39 18
39 33 45 12
8 22 43 43
2 15 42 22
7 18 41 33
30 7 25 17
34 13 25 24
5 17 19 9
18 17 12 10
31 21 30 9
5 45 32 28
3 36 35 24
8 39 37 8
16 19 33 37
2 24 48 3
13 10 29 21
18 7 6 12
4 15 31 7
9 33 22 12
39 10 30 5
25 31 24 19
15 10 36 8
5 34 23 19
33 30 10 47
29 49 25 18
36 20 33 14
5 16 35 18
31 15 25 11
13 11 30 14
15 42 11 24
13 18 30 19
19 37 16 28
4 36 45 34
16 10 37 10
26 47 27 17
14 11 35 26
13 32 46 9
27 41 35 14
26 39 24 9
2 14 26 12
11 24 24 13
27 30 45 5
7 14 45 2
17 37 23 22
5 30 30 20
6 19 45 22
31 13 35 17
33 48 35 11
11 25 28 7
21 19 26 20
11 28 30 15
25 31 39 18
5 17 18 18
5 11 16 35
1 20 19 6
28 25 26 42
5 10 34 2
3 27 24 22
5 25 44 19
12 38 32 26
36 25 41 17
11 14 40 17
4 46 18 24
41 3 31 19
13 3 26 32
2 6 44 18
1 13 27 45
25 29 34 17
22 8 14 32
33 27 48 18
5 13 27 27
35 12 32 35
10 44 38 18
32 20 19 29
3 46 24 10
5 32 36 21
9 32 34 22
22 12 24 19
0 2 36 12
29 42 49 17
0 8 38 11
1 28 37 6
5 1 46 0
20 7 33 25
13 7 23 19
1 48 37 25
6 46 15 14
11 21 36 0
12 3 47 1
27 26 40 5
2 6 42 11
34 7 36 27
2 6 26 36
29 19 42 9
7 35 30 13
16 42 33 21
7 22 28 14
14 5 30 19
8 34 41 23
27 8 29 31
13 12 31 7
22 37 24 6
7 18 45 20
28 9 23 12
31 6 33 30
5 13 41 46
8 17 30 7
42 6 33 17
8 31 33 6
22 19 41 32
15 49 30 13
39 15 35 2
20 23 32 32
25 22 39 39
14 46 36 48
15 22 39 15
14 39 13 44
28 26 45 5
16 4 34 21
1 7 44 48
8 30 20 4
23 48 41 26
44 18 25 17
11 26 20 43
18 17 34 18
46 21 31 25
13 13 33 17
13 2 40 22
14 29 40 37
11 6 22 11
2 9 46 11
3 2 40 35
13 18 18 20
8 5 12 15
3 20 29 17
18 19 25 40
11 28 37 10
9 20 34 26
10 49 26 5
13 32 33 22
6 35 43 21
29 38 20 9
11 4 34 22
10 27 28 33
11 2 15 28
17 14 20 21
38 13 24 19
5 31 42 34
6 43 35 12
20 48 25 22
34 40 41 14
10 47 29 21
15 4 31 35
5 12 43 48
9 23 41 17
27 28 31 11
10 13 26 2
1 31 28 1
6 15 35 5
32 20 37 10
18 15 47 37
24 15 36 20
23 20 36 12
10 3 37 17
13 46 30 27
1 20 32 15
5 28 8 19
8 18 36 22
0 42 34 15
4 48 22 15
4 42 38 36
23 18 42 17
26 39 34 28
19 36 38 0
35 12 33 24
19 10 39 30
31 45 26 17
3 35 33 15
16 40 6 3
2 47 42 20
38 20 34 22
12 37 31 12
26 47 39 34
13 17 30 27
11 2 9 15
41 48 28 31
29 29 28 18
43 0 17 19
13 47 43 48
4 49 46 43
10 5 45 14
3 8 34 28
22 30 38 3
29 3 32 18
2 19 39 24
10 32 35 17
10 15 21 23
13 29 28 44
14 37 37 30
31 6 37 22
35 9 38 2
4 27 25 33
12 5 47 24
8 11 36 34
34 19 40 19
6 20 47 4
