50 194 16612 800
17 6 17 39
17 43 21 16
22 12 27 30
24 6 12 23
37 38 28 17
22 16 15 9
31 37 29 24
2 26 16 43
17 15 21 12
19 16 29 23
13 35 27 13
24 34 13 9
13 11 20 28
16 39 25 9
9 3 7 29
18 37 5 28
5 45 11 20
41 37 30 35
17 43 26 40
6 3 13 31
23 11 29 9
19 10 13 27
18 10 16 42
12 32 28 28
18 43 22 18
11 47 27 26
18 44 12 24
15 41 22 36
16 5 20 31
21 4 37 16
24 5 26 32
9 41 14 40
12 37 17 17
18 14 21 26
15 48 20 44
19 1 3 22
12 8 21 15
48 45 15 26
33 28 6 19
29 45 17 21
21 9 5 20
20 13 27 19
16 8 28 29
19 11 7 28
22 6 18 10
16 3 18 33
28 38 8 40
20 2 21 34
10 10 3 20
23 17 4 8
2 9 24 28
30 44 23 47
22 8 21 35
32 6 12 13
15 12 7 9
44 49 23 37
19 8 21 35
20 3 23 34
21 8 26 26
11 48 36 19
22 11 35 20
16 6 26 12
33 16 30 35
17 12 14 35
23 2 27 37
24 14 29 27
25 41 20 21
47 48 8 10
24 10 22 32
17 9 28 27
35 3 20 17
12 0 9 4
9 41 32 17
10 16 25 29
22 41 23 33
26 11 26 35
7 38 16 5
18 15 23 33
8 46 14 38
40 36 28 22
41 29 35 17
20 15 26 19
18 15 32 34
13 5 32 35
25 6 31 25
17 4 23 19
18 10 18 30
14 8 35 39
36 49 17 37
27 8 17 39
24 41 21 27
21 10 18 43
15 4 16 44
18 7 10 6
22 5 23 38
5 9 23 34
14 38 35 33
15 13 19 20
4 40 25 15
4 9 31 5
7 9 11 19
26 27 8 25
25 6 34 10
10 43 25 36
32 2 21 28
23 10 17 31
18 14 24 20
7 0 18 28
20 8 30 35
19 20 28 26
24 2 24 18
48 35 28 27
12 33 21 11
16 48 26 30
15 5 21 17
32 32 17 7
21 13 34 24
27 11 7 28
24 10 37 28
19 41 24 31
23 31 33 18
17 0 24 30
17 32 9 23
31 35 25 8
22 25 26 32
20 6 25 31
18 2 26 24
30 37 22 31
18 47 21 7
25 8 27 13
12 13 21 34
12 7 18 11
17 47 18 37
22 11 30 29
14 4 8 20
20 9 23 18
6 4 3 29
42 49 19 39
19 41 6 31
23 6 32 8
15 9 24 36
19 3 26 38
18 13 28 31
22 36 13 8
17 9 22 33
16 14 32 11
14 11 26 26
26 12 23 39
28 35 15 28
11 6 26 12
49 35 21 37
22 44 12 31
23 0 22 18
16 11 6 28
23 7 32 33
49 49 23 27
22 10 30 39
17 11 18 28
13 12 16 24
26 5 20 30
21 42 5 36
38 34 31 28
22 5 23 34
25 7 6 32
17 6 20 32
19 10 29 24
25 10 26 27
9 12 27 28
17 10 27 25
20 15 22 34
20 4 18 31
20 11 27 33
28 33 15 10
18 21 22 28
20 11 32 13
13 45 24 35
15 46 18 31
31 40 25 37
18 8 8 23
21 8 26 0
44 38 12 8
29 20 32 27
22 10 19 35
25 42 13 18
37 38 24 34
10 40 22 26
19 1 20 20
18 10 18 27
23 9 14 29
18 8 8 44
42 19 23 31
13 9 2 26
18 8 17 24
26 8 4 27
