50 227 11069 800
40 43 25 29
17 31 42 11
33 34 9 19
12 25 49 11
17 3 38 25
38 45 25 8
7 37 15 28
18 4 28 40
19 3 32 21
38 48 48 41
23 22 36 18
33 45 47 10
15 6 46 40
28 41 16 18
16 37 48 25
38 43 23 19
18 26 27 0
13 30 28 18
36 44 47 42
35 23 1 9
31 45 34 43
6 8 48 20
13 3 27 25
45 37 47 10
9 7 35 24
14 38 32 19
39 30 45 46
38 42 42 17
28 20 42 27
14 5 34 26
12 15 37 14
43 27 32 26
41 40 7 19
40 35 29 38
35 41 30 16
0 36 40 30
44 26 38 35
29 32 46 41
37 31 7 21
43 18 6 28
41 31 43 25
17 33 44 29
37 33 37 25
18 8 38 9
14 33 35 21
27 31 29 28
16 6 43 13
4 32 32 36
21 1 30 32
8 4 28 7
14 4 26 48
14 2 26 27
35 34 49 42
17 25 44 10
18 19 23 9
22 48 8 38
6 32 36 14
1 45 44 39
31 46 5 18
7 32 41 29
28 11 18 17
15 10 14 16
26 24 46 47
35 32 19 3
30 28 27 26
21 41 43 40
17 33 26 15
21 34 27 27
29 36 38 26
39 35 49 15
38 37 47 37
46 41 26 47
32 47 46 3
34 2 36 21
14 0 31 24
24 43 48 32
30 15 21 13
12 27 37 16
35 32 21 1
38 49 48 19
24 43 10 12
30 22 37 13
18 6 41 45
21 0 42 29
28 40 32 7
32 41 29 13
17 34 26 24
43 47 44 19
16 0 16 17
35 47 26 16
25 16 35 34
35 37 39 21
29 20 40 23
35 39 17 11
27 19 44 30
29 33 37 22
43 10 36 39
29 43 45 44
17 32 24 18
37 32 30 33
23 36 25 22
41 28 8 20
40 33 36 16
35 11 31 8
18 37 46 40
17 1 4 20
32 40 41 29
22 35 44 6
35 14 44 20
10 4 34 20
36 31 17 8
14 30 34 2
36 14 49 12
21 31 14 28
4 27 46 36
16 1 25 18
25 41 48 36
23 37 38 35
37 44 31 13
18 4 13 6
25 26 46 21
24 30 38 29
32 28 26 18
24 42 25 34
24 36 38 33
26 18 45 15
31 44 38 21
26 24 30 12
7 5 35 47
38 39 18 26
29 25 44 5
29 4 48 29
44 46 48 6
46 39 40 16
37 20 26 40
32 17 49 36
18 3 13 11
16 1 33 23
29 27 18 16
19 34 16 16
17 28 46 34
47 12 39 48
31 32 33 43
26 30 37 24
18 4 49 6
42 32 34 20
12 2 30 24
38 48 27 35
33 30 29 17
17 31 43 6
19 28 47 27
35 41 33 37
1 39 37 33
11 34 34 20
33 32 45 47
41 35 47 39
7 14 44 37
28 31 36 29
32 41 26 17
30 31 41 22
15 19 41 37
13 2 46 31
28 49 33 15
39 16 34 33
14 15 8 24
15 42 44 7
39 39 20 28
11 28 22 0
43 24 30 25
38 23 3 1
43 20 30 26
20 31 29 2
13 29 4 21
7 6 19 3
26 45 30 1
16 3 29 43
15 6 24 20
40 42 12 1
29 2 32 24
39 27 34 31
27 43 15 24
41 38 39 9
17 34 22 24
10 34 21 8
30 44 32 30
22 29 40 26
13 26 35 28
36 33 41 16
39 35 36 39
20 44 37 41
17 2 6 43
13 41 43 11
48 16 28 6
37 38 45 37
45 33 16 9
37 34 43 45
25 33 48 14
15 0 41 29
42 5 45 46
28 17 35 25
21 47 16 21
18 5 49 28
36 27 34 19
15 0 21 39
43 23 18 13
10 3 47 43
12 35 21 32
33 41 34 28
33 27 31 23
25 34 13 19
11 3 35 26
28 12 36 27
18 5 5 17
7 35 44 42
31 41 35 34
31 38 39 12
8 26 42 42
17 35 16 24
8 5 37 21
16 3 48 39
46 13 47 1
29 32 45 13
15 3 49 4
32 7 23 27
12 13 46 23
41 33 13 15
21 31 40 4
