50 63 13043 800
26 38 29 19
14 38 30 9
7 42 47 12
41 27 21 22
8 0 3 44
11 34 22 47
36 41 1 29
8 32 2 45
2 41 26 18
30 3 27 23
5 38 48 11
27 37 10 21
10 34 23 35
34 32 47 14
8 19 3 47
40 35 20 47
0 39 45 17
5 35 24 18
36 30 34 47
5 26 27 20
6 18 29 31
44 32 5 25
45 1 47 12
48 45 23 42
26 0 17 12
35 21 27 7
44 35 23 14
19 42 3 47
37 23 16 6
20 17 30 22
13 7 32 46
29 48 47 8
12 26 23 20
38 34 42 10
1 27 42 5
7 20 17 24
24 9 5 35
36 37 49 5
4 16 28 23
5 26 25 38
3 6 3 33
10 29 34 30
4 41 6 24
7 20 24 21
12 13 17 22
9 10 44 13
8 43 6 48
27 22 16 20
32 30 23 33
31 27 18 44
13 32 46 14
9 25 48 18
29 25 29 38
2 5 43 10
23 6 18 20
18 29 14 19
20 28 29 24
42 36 31 17
22 34 21 14
49 43 27 19
8 30 40 15
18 42 20 22
9 49 40 13
