50 123 12571 800
30 25 22 40
11 26 37 47
10 39 37 11
17 27 41 16
25 23 6 17
23 27 32 10
22 42 11 11
2 6 2 33
20 22 6 30
11 13 29 20
21 27 42 23
24 41 37 23
6 44 42 25
7 21 44 12
7 35 38 20
27 27 16 20
9 5 10 13
1 18 38 26
11 20 38 3
6 10 1 40
13 45 41 27
16 26 12 13
0 33 38 4
20 22 43 6
15 42 8 13
8 17 37 13
9 28 44 5
0 27 11 21
6 26 30 23
9 30 37 33
3 16 12 28
11 28 37 20
21 48 33 6
34 48 0 40
13 42 10 16
19 48 44 19
11 42 32 4
23 33 40 16
38 32 17 32
9 18 32 31
22 31 40 32
0 27 17 14
7 20 34 19
16 18 45 47
12 34 12 21
13 23 38 17
1 28 48 29
9 40 29 39
27 28 11 29
13 32 13 21
7 30 11 15
14 27 13 14
22 31 42 15
7 29 40 18
3 35 41 13
8 13 35 19
23 29 48 28
26 29 36 16
11 25 35 22
8 27 39 17
18 33 8 22
7 25 35 20
14 45 37 3
25 33 36 4
21 29 36 18
26 49 5 15
11 5 43 21
28 26 43 14
3 23 11 38
3 8 21 24
8 19 46 33
9 33 39 21
32 25 46 24
24 24 47 30
8 33 37 21
27 25 3 26
13 25 7 34
2 43 42 22
20 41 16 37
27 25 4 42
15 18 40 17
14 26 4 14
26 38 11 13
21 48 41 16
31 25 6 14
27 26 49 18
12 40 38 18
9 17 47 11
13 33 4 31
21 33 49 43
20 31 4 15
28 27 6 19
11 34 39 16
28 24 45 20
23 15 33 21
8 33 48 14
21 47 44 3
21 47 10 16
3 32 11 14
24 22 41 2
11 46 46 25
15 21 11 18
2 44 41 17
24 27 42 19
18 34 41 20
25 23 42 20
7 30 36 29
23 32 30 7
5 27 11 25
14 39 2 43
19 45 44 10
23 39 1 26
4 27 35 22
8 22 45 7
14 40 28 11
8 17 14 16
11 23 10 34
15 18 42 37
3 29 2 37
19 24 7 14
21 23 39 18
7 49 10 17
7 13 42 18
