50 185 14010 800
20 29 3 15
3 33 40 28
9 25 17 3
22 27 30 9
5 33 9 49
16 29 21 30
26 40 4 31
24 11 45 24
2 32 22 4
25 21 48 33
43 20 34 25
39 13 16 0
21 18 46 16
36 16 35 9
41 16 37 4
28 13 14 3
39 15 30 14
5 18 32 13
39 19 34 20
32 42 35 9
43 17 49 27
5 22 6 5
7 43 6 30
5 30 6 4
23 41 35 11
41 17 0 5
34 32 15 6
6 33 35 19
44 21 47 14
39 21 17 13
9 31 7 40
10 31 38 4
6 35 25 4
12 28 29 11
0 22 29 21
9 40 20 5
2 32 49 15
12 40 7 9
14 0 6 5
23 27 47 15
30 5 40 22
46 12 43 10
43 21 6 4
10 22 8 17
20 35 0 8
10 30 2 17
5 17 5 3
0 6 22 12
18 37 3 15
26 34 27 26
31 26 46 24
25 34 22 5
16 32 4 2
22 40 2 7
9 38 46 35
13 26 20 5
9 23 4 6
7 41 37 32
44 20 6 45
33 19 23 7
10 40 44 2
15 22 37 37
30 16 38 23
21 23 8 2
12 20 14 16
31 32 4 43
40 21 10 9
37 20 17 6
8 21 13 19
14 36 48 24
37 23 21 1
14 14 4 9
45 17 14 45
24 42 16 6
12 30 40 13
24 33 3 41
24 29 10 42
15 16 14 11
13 28 28 7
10 31 0 23
30 36 36 27
18 33 30 19
39 13 24 29
13 41 7 12
38 19 44 29
10 36 16 19
25 34 48 36
44 19 37 28
43 28 10 46
45 30 5 20
23 28 1 17
14 47 48 14
47 18 14 16
17 26 41 27
39 17 38 3
15 15 47 16
38 20 41 12
46 36 15 10
0 35 6 11
4 22 24 37
6 19 34 14
9 21 11 15
21 35 19 14
40 21 37 16
41 19 37 13
15 15 0 46
11 21 43 17
15 29 27 14
9 25 44 21
5 31 44 31
2 1 46 16
9 26 18 26
8 29 17 27
40 20 43 27
0 1 15 2
9 24 48 34
13 29 39 11
3 27 2 1
16 38 29 21
7 31 31 15
26 26 39 2
16 28 10 8
38 19 45 22
42 47 43 31
9 30 2 7
37 21 13 5
40 18 7 6
44 18 5 16
33 37 3 1
19 28 24 2
12 17 49 20
13 27 15 4
29 32 46 27
11 41 45 18
19 37 5 8
38 23 35 13
13 12 10 20
3 26 26 48
14 29 2 3
1 33 36 37
13 32 4 10
40 16 25 7
9 34 18 1
22 27 39 31
13 18 34 21
4 32 49 39
28 35 16 15
28 21 6 14
38 15 41 12
2 31 39 25
9 26 18 28
1 29 7 38
2 17 11 15
1 33 37 2
17 33 42 19
42 16 24 21
30 24 40 21
18 25 1 11
46 33 42 24
41 16 8 32
18 25 4 14
8 24 2 8
10 30 18 33
31 21 14 39
12 37 28 10
16 23 35 29
10 26 42 26
37 31 9 45
37 23 5 36
6 30 5 7
41 20 39 15
5 4 44 25
11 21 12 40
27 34 27 4
14 45 44 14
13 9 9 27
18 19 7 42
39 13 47 37
39 21 29 23
7 22 15 6
10 43 11 8
39 19 9 44
27 33 37 32
2 21 10 1
6 18 46 13
