50 634 19714 800
2 35 20 26
23 6 32 24
32 48 10 29
20 34 25 29
32 33 10 29
22 6 30 23
35 3 33 11
15 46 6 26
30 34 30 22
11 43 22 33
22 2 19 13
16 7 5 28
21 33 21 42
29 33 34 3
21 25 39 16
5 25 9 42
27 46 4 36
27 27 14 34
20 1 32 20
28 24 13 36
26 29 24 16
38 30 1 34
18 37 27 26
24 30 28 34
24 16 43 26
21 2 9 17
33 24 14 24
31 29 33 13
25 1 24 11
44 37 14 25
34 35 41 47
32 21 32 26
23 35 25 32
28 29 23 4
5 32 20 19
36 29 19 16
21 40 46 37
11 28 38 15
38 38 33 34
1 28 28 14
20 34 11 31
4 36 12 29
37 34 6 20
37 31 22 30
14 36 2 24
23 1 40 21
16 28 36 41
26 35 16 43
36 40 24 27
19 2 18 19
25 37 2 23
10 46 13 8
22 31 35 10
21 4 10 31
36 43 31 13
38 36 39 43
24 41 42 47
23 2 8 25
14 22 4 12
3 38 17 39
23 34 7 5
3 26 27 20
35 29 27 28
19 39 38 20
5 34 17 18
42 45 18 44
34 30 26 44
19 15 5 31
4 42 17 12
4 41 5 2
16 26 42 48
5 40 34 37
7 40 43 41
21 1 23 21
37 2 25 17
7 47 46 8
35 28 28 41
15 21 20 35
28 30 6 27
32 24 22 18
7 15 20 33
21 34 25 32
35 25 20 46
11 33 22 40
30 28 7 30
22 42 27 33
35 33 26 10
16 36 18 8
34 30 35 0
36 21 26 32
25 5 42 19
21 22 35 20
43 48 24 34
5 35 37 49
8 8 27 46
34 8 16 36
30 3 32 6
5 15 20 3
20 31 2 10
22 1 19 14
35 4 8 30
28 25 20 21
45 36 38 21
19 4 9 35
11 41 43 21
28 38 6 25
6 36 13 28
10 49 31 14
18 24 34 36
36 28 5 10
33 24 18 9
21 25 11 37
39 15 38 23
5 40 7 31
37 29 7 16
14 35 19 19
33 41 30 37
8 33 7 29
21 4 30 28
5 43 19 17
7 9 27 25
2 20 12 17
35 33 13 32
4 21 23 21
28 32 8 29
25 3 22 29
0 21 46 42
27 37 41 21
37 39 28 20
32 41 35 21
23 31 24 21
3 46 5 29
25 32 31 15
28 32 37 12
22 38 27 18
30 30 27 37
44 39 30 11
26 36 35 9
33 27 23 19
29 24 38 49
26 34 14 44
27 29 21 36
23 2 6 32
22 39 24 21
6 34 16 1
40 40 31 30
28 18 23 16
20 26 10 34
3 20 29 36
2 39 28 28
16 36 46 3
34 0 24 31
11 15 25 28
16 8 30 6
35 16 31 30
35 28 34 46
35 35 38 3
37 43 26 28
21 29 37 17
25 25 10 31
36 22 20 34
23 34 20 4
19 0 32 49
24 12 11 48
25 2 21 33
30 31 25 40
7 15 29 40
30 26 30 21
7 27 10 25
43 40 26 23
13 27 23 19
32 36 28 21
15 31 25 38
18 26 6 34
32 30 10 26
29 42 23 22
28 34 43 17
28 27 35 6
36 38 5 34
34 28 32 37
11 20 5 31
29 26 32 17
38 39 39 2
34 44 11 2
19 34 35 12
24 34 23 11
34 42 28 18
37 31 32 36
14 35 14 5
5 38 31 31
0 27 16 14
26 28 21 11
21 30 27 25
10 41 34 27
24 26 29 22
19 10 44 25
26 20 11 44
24 33 22 10
22 4 16 45
25 32 7 30
32 42 10 2
27 1 43 23
24 0 45 19
16 29 18 42
30 22 26 18
35 32 20 11
20 3 16 15
13 49 26 15
29 33 19 38
37 48 22 41
11 15 33 10
30 32 25 46
25 32 28 34
15 27 17 5
30 45 17 35
27 26 20 36
32 29 3 29
10 38 13 15
19 45 20 27
0 27 24 32
34 37 31 33
30 33 35 15
18 38 27 41
41 35 3 40
37 23 32 15
29 4 43 21
20 22 23 42
42 32 22 21
39 38 22 18
29 8 11 19
24 31 24 10
33 43 3 49
21 35 32 29
24 29 17 34
20 4 8 26
20 0 32 17
19 0 19 35
4 20 13 5
1 34 31 16
34 41 40 30
30 27 8 4
31 27 34 22
11 47 12 17
20 5 16 22
10 42 40 39
2 37 28 13
38 28 48 7
18 3 8 36
31 29 24 30
4 35 12 29
2 32 26 10
25 29 9 32
21 35 9 26
16 29 30 19
28 30 29 13
19 0 37 15
4 43 26 3
22 0 13 37
33 27 17 40
40 40 7 42
10 10 22 22
43 27 22 10
7 40 12 15
28 35 13 4
0 39 17 10
36 43 9 34
4 45 24 18
44 30 33 21
10 39 8 35
22 5 5 26
38 2 33 21
18 1 30 29
23 5 44 37
47 33 13 1
23 30 27 45
27 30 24 26
34 27 34 42
28 39 11 43
8 22 9 27
20 23 23 26
28 24 1 21
22 35 27 36
7 43 25 15
30 23 16 13
9 16 19 45
31 32 8 29
10 39 46 42
32 39 19 26
33 37 21 18
16 0 40 37
22 0 41 20
7 46 20 41
20 38 24 29
34 27 21 22
21 38 24 35
29 47 39 26
35 25 36 42
34 43 33 13
26 25 32 34
29 28 19 46
28 37 26 20
24 26 37 17
6 35 20 34
26 32 25 1
13 31 8 31
39 35 48 49
14 25 25 19
27 28 21 24
27 9 49 13
14 1 10 37
33 47 36 44
20 3 32 43
24 34 12 36
38 20 23 32
41 41 23 39
23 2 24 41
26 30 30 19
19 47 49 44
23 36 12 26
35 24 46 33
7 36 34 46
4 33 23 19
35 44 7 33
47 31 34 21
33 33 19 27
25 28 47 48
36 22 25 15
21 5 9 35
20 0 4 30
16 21 29 24
26 23 25 38
2 33 29 6
30 28 21 21
8 14 29 19
25 17 25 48
24 28 39 34
10 26 35 13
41 32 12 35
28 0 18 37
35 34 2 17
27 32 16 28
27 27 28 35
18 32 25 13
24 29 7 33
4 0 11 31
26 29 28 43
43 44 40 32
31 29 20 18
11 44 9 30
30 5 21 22
13 5 22 28
28 25 6 16
25 32 28 28
33 31 28 19
34 30 20 7
19 28 31 18
23 31 35 23
0 24 20 19
28 27 8 28
40 33 34 35
39 11 19 39
20 24 43 17
31 40 24 26
22 2 21 13
31 38 40 47
18 46 21 20
19 2 22 31
20 17 41 32
10 35 40 40
8 40 13 31
9 38 43 10
25 31 9 28
4 20 29 16
7 15 36 49
5 37 28 30
34 27 22 15
30 0 11 28
23 36 21 26
22 31 6 10
21 7 31 25
40 9 34 11
18 2 26 20
35 28 30 6
28 29 21 11
17 28 39 5
1 38 49 40
31 31 37 40
32 40 11 32
2 18 19 17
10 30 25 23
30 29 34 24
41 36 17 32
20 28 30 18
34 34 7 23
8 37 23 1
23 34 24 15
6 28 5 32
14 36 47 25
40 45 37 11
21 3 45 26
31 33 12 27
40 37 10 41
19 36 41 20
24 39 25 35
44 30 42 44
3 35 12 27
23 11 28 34
40 34 18 40
9 8 39 16
8 20 27 24
20 34 49 42
6 40 13 30
23 35 37 30
2 17 2 33
24 29 9 28
27 39 14 10
23 1 28 22
25 41 22 13
8 28 30 23
38 41 4 25
28 20 24 27
23 1 11 31
3 10 24 19
39 2 33 38
34 30 46 24
26 37 39 19
3 17 34 22
6 32 31 46
42 35 25 32
15 26 17 11
3 22 10 8
2 49 16 18
12 42 9 25
14 30 32 32
36 33 10 15
28 43 28 38
35 26 24 17
6 19 22 20
23 27 34 32
33 0 42 31
16 31 16 1
19 33 25 33
1 47 14 39
38 4 10 32
20 33 31 34
40 2 20 38
28 35 12 21
18 34 25 39
11 47 25 21
26 38 26 17
37 42 10 19
34 29 2 30
26 33 7 35
20 14 34 4
33 24 15 6
18 8 12 17
16 32 9 11
22 32 33 20
37 4 34 7
8 15 7 29
34 24 29 36
9 44 18 20
29 39 33 47
31 25 8 47
30 25 41 23
36 34 37 21
24 1 26 30
26 25 8 8
32 31 9 45
1 43 25 19
22 0 18 20
26 31 49 45
10 42 20 27
29 26 28 21
12 29 16 22
3 42 26 33
40 37 39 44
27 31 29 5
25 31 14 29
32 33 5 6
24 0 8 32
15 9 6 11
13 39 46 34
35 26 29 34
31 38 14 49
5 45 48 12
38 37 21 14
16 43 25 30
25 0 4 28
20 38 25 22
4 47 7 20
43 0 30 43
29 27 20 39
35 31 0 19
25 4 23 30
8 14 13 2
24 20 27 18
10 8 28 20
1 40 9 28
21 28 10 0
16 1 24 7
23 0 33 44
4 42 24 24
15 33 30 27
17 45 23 41
15 39 46 35
14 30 11 25
0 42 40 44
36 27 38 1
13 42 26 34
28 8 9 33
32 22 42 8
32 29 5 20
26 1 21 4
28 29 10 29
5 20 34 29
35 30 27 8
2 27 43 44
11 35 16 13
9 33 35 23
32 44 21 16
39 42 31 39
12 39 24 10
38 1 10 31
9 36 29 17
31 24 8 32
33 38 45 37
30 25 37 16
25 26 19 29
4 36 21 23
30 31 8 23
19 35 18 10
23 34 18 22
0 35 15 32
34 34 14 20
29 18 1 33
19 22 11 28
30 31 20 34
26 38 22 13
28 29 5 19
46 35 41 47
25 29 16 39
34 22 23 1
30 24 27 29
30 32 37 0
26 3 37 42
6 14 10 32
34 24 31 31
17 43 6 36
21 30 21 23
37 35 24 34
37 26 28 35
26 25 28 31
21 7 15 15
29 0 5 30
12 35 36 36
33 37 37 20
22 34 22 24
40 34 22 24
24 28 44 21
9 20 15 0
33 31 24 19
0 35 38 43
25 1 25 18
12 21 18 32
24 17 20 24
14 30 19 15
33 44 25 32
38 37 7 32
28 33 30 18
29 24 7 33
32 6 7 30
30 2 8 31
22 36 20 21
28 19 14 39
30 29 19 32
22 31 40 43
3 43 17 5
30 34 29 12
36 40 49 9
41 49 4 31
33 31 25 47
15 39 20 24
10 38 43 48
12 28 33 18
3 25 23 28
35 2 9 25
26 23 30 22
37 4 36 35
32 28 26 40
8 41 27 32
29 1 8 34
18 33 12 24
7 40 30 19
40 46 4 28
37 26 35 20
4 38 30 21
28 18 23 32
2 35 22 45
37 27 36 48
35 33 22 25
28 7 38 23
33 39 28 45
20 2 24 37
5 45 44 27
33 43 31 36
18 2 28 27
0 15 47 42
4 29 19 38
20 7 5 32
31 21 2 36
37 35 43 42
25 3 12 32
15 43 31 14
20 28 21 22
25 29 34 49
43 41 24 21
38 34 32 48
19 2 28 13
17 31 44 43
23 30 23 42
25 3 25 22
12 18 14 29
6 40 20 41
23 5 24 27
32 25 11 29
22 27 16 31
18 37 40 48
11 48 39 46
38 33 44 9
15 24 10 38
19 31 11 27
13 8 19 34
18 0 33 25
