50 71 18572 800
40 31 29 32
21 48 37 19
9 40 30 30
22 27 28 20
33 31 12 18
29 35 35 33
48 28 25 24
25 30 45 6
46 8 42 22
32 36 34 28
28 31 34 14
14 36 43 19
15 33 33 26
30 32 40 30
31 12 31 25
29 32 39 10
23 30 49 13
17 45 35 34
28 38 39 23
27 38 28 21
30 35 47 4
13 26 21 33
26 37 39 17
37 28 42 22
29 30 39 14
15 26 29 32
15 47 32 27
20 46 41 15
30 49 29 29
10 35 27 8
38 34 49 12
15 34 10 34
16 45 23 13
28 35 38 11
14 39 43 23
44 35 37 10
29 36 36 16
18 46 38 15
23 31 40 11
21 39 40 4
25 38 29 21
16 47 48 46
1 31 28 19
25 41 36 36
44 27 5 27
15 47 40 12
29 31 36 34
19 42 33 35
37 32 12 14
30 12 20 32
21 34 26 18
35 8 41 22
22 43 43 10
34 36 38 1
35 31 9 40
16 23 42 9
32 33 48 41
21 45 44 12
28 48 35 41
0 44 33 20
35 21 33 29
17 43 32 23
26 28 22 22
21 21 43 16
39 47 25 15
5 35 28 6
39 20 42 18
16 48 49 37
49 31 24 34
41 37 32 35
42 25 32 28
