50 65 17384 800
8 18 22 38
22 35 30 13
22 33 10 5
49 24 11 18
23 21 39 13
49 33 24 9
41 22 3 5
46 23 42 19
36 30 23 42
45 32 15 11
21 21 12 17
24 18 5 20
32 34 20 35
41 36 37 5
7 10 12 43
21 30 13 38
11 31 31 18
37 33 16 40
49 26 43 13
44 14 18 8
20 32 19 8
16 18 7 44
17 13 32 6
9 34 15 39
11 37 40 20
7 32 23 45
36 30 40 35
44 33 33 28
12 22 11 32
19 17 10 44
10 31 11 14
3 17 23 48
25 13 23 4
28 29 3 10
10 16 16 43
12 15 34 17
19 17 1 3
44 42 33 25
24 24 43 23
47 45 17 7
22 21 19 24
17 37 10 38
49 39 48 22
3 32 21 46
8 27 23 44
3 48 16 27
35 31 18 43
26 17 46 40
11 37 42 0
31 39 37 13
23 35 22 5
44 31 9 39
44 42 14 48
42 32 40 22
23 28 16 10
21 21 39 48
11 25 18 5
38 33 12 40
8 15 40 10
14 18 22 48
31 30 13 10
17 28 22 48
17 42 7 11
15 38 29 14
7 22 18 10
