50 128 18664 800
33 39 15 37
38 27 9 35
10 23 27 4
40 30 48 22
43 29 26 37
49 10 15 34
41 35 36 35
41 31 13 34
29 36 4 0
46 20 4 14
48 19 11 40
44 33 2 43
20 30 15 11
23 47 45 34
43 29 15 14
34 32 12 32
36 33 27 17
32 19 20 33
23 14 1 24
22 42 23 12
39 29 20 33
42 31 11 33
45 42 14 44
44 37 35 9
22 30 17 12
25 22 20 6
19 27 31 42
48 47 7 28
29 33 24 27
25 28 17 41
41 27 8 43
23 29 22 46
8 25 30 4
30 27 18 3
47 41 30 39
48 40 19 12
43 41 15 37
24 17 24 6
46 39 6 2
19 25 16 0
26 27 47 38
38 13 34 32
24 32 11 18
22 32 17 27
21 34 36 20
42 28 10 25
40 27 25 31
36 45 15 29
33 35 11 47
47 20 45 30
23 27 1 9
38 31 5 40
42 32 34 28
41 35 28 28
40 5 25 26
38 29 45 38
28 17 20 29
48 44 35 37
37 32 20 24
41 43 7 36
44 44 27 34
18 17 16 44
41 31 17 12
23 38 21 10
22 35 33 8
49 12 16 25
42 33 46 41
30 20 27 34
40 26 48 5
33 34 29 14
38 32 14 35
37 29 48 27
47 45 42 14
35 47 29 49
43 22 13 28
41 30 43 33
35 28 14 2
37 33 2 29
41 41 20 6
48 15 49 27
15 30 20 35
35 29 26 36
47 48 43 28
20 25 13 34
31 27 11 27
42 34 20 7
47 35 15 42
39 31 44 8
14 39 7 33
42 23 32 17
36 28 13 28
44 32 46 13
24 32 46 30
44 28 4 2
38 43 11 37
24 33 46 33
44 20 21 28
32 26 46 28
19 33 49 14
33 27 11 36
35 33 22 28
45 11 1 18
37 23 30 22
38 28 20 36
36 32 13 25
39 40 43 21
37 33 11 36
28 27 12 23
46 17 11 31
38 32 22 18
41 32 13 1
49 47 3 16
49 48 4 46
23 37 48 38
44 41 25 26
47 40 39 39
42 33 6 19
42 31 11 42
25 28 16 27
40 43 9 48
28 36 24 37
43 27 25 31
39 41 41 36
26 30 21 22
23 31 46 44
36 16 0 17
40 32 0 14
20 33 14 1
