50 52 15941 800
2 48 42 2
11 10 23 14
22 14 41 23
34 20 12 13
40 15 19 39
43 33 43 20
2 44 40 12
45 37 9 9
46 35 23 17
26 14 35 25
47 32 25 18
49 35 39 11
22 26 19 48
36 28 40 25
13 35 49 24
12 29 25 19
45 37 31 13
24 7 38 18
2 8 26 25
10 49 43 16
7 42 40 10
9 7 39 17
21 27 14 2
45 36 29 25
45 26 38 2
14 41 26 38
15 20 25 37
49 41 15 48
23 29 29 15
13 28 19 17
47 34 48 25
43 13 39 20
22 11 15 21
5 8 39 11
32 0 32 13
21 22 32 23
38 46 15 16
45 42 47 8
43 25 22 21
34 8 40 29
35 33 49 15
43 35 40 37
46 38 38 9
19 12 39 24
24 28 38 14
34 11 24 22
14 15 47 15
17 4 22 18
21 16 12 8
42 41 41 3
42 39 47 12
45 33 42 14
