50 241 16295 800
39 1 15 41
26 40 5 47
44 38 2 41
38 16 20 35
36 26 44 25
29 32 30 28
39 46 28 40
36 49 43 35
49 48 48 26
34 30 30 33
37 11 27 35
19 9 39 27
25 33 21 31
13 44 37 0
20 28 24 40
46 46 40 38
49 28 24 37
47 48 32 5
24 8 18 40
12 26 5 45
38 43 5 48
25 32 8 42
32 27 18 40
33 24 42 18
38 37 19 42
19 23 21 32
23 23 18 37
44 47 18 39
46 43 19 34
48 47 46 15
41 35 20 37
38 42 25 34
41 45 3 29
27 36 38 10
33 38 6 49
12 7 46 27
39 32 31 35
45 49 45 8
43 49 24 34
38 20 16 40
41 47 15 32
39 21 27 33
34 26 19 34
34 45 39 24
45 46 42 28
48 45 47 40
9 25 33 48
25 39 23 43
31 44 46 43
42 48 28 34
45 40 32 33
46 48 43 34
34 17 16 42
42 49 21 44
42 48 43 39
23 23 35 27
49 28 28 39
44 47 37 22
30 36 36 44
43 49 41 40
18 12 37 25
46 42 22 30
42 45 46 42
30 27 29 41
29 23 19 45
42 47 17 38
42 29 26 49
33 15 43 13
39 31 18 35
45 42 33 47
32 44 26 8
42 49 43 35
46 49 11 46
49 42 18 37
2 22 7 3
21 32 19 26
29 5 12 46
47 45 40 19
47 49 34 45
33 29 22 46
12 44 15 17
49 49 48 4
34 40 26 28
48 49 49 33
35 9 45 45
18 17 39 26
39 41 10 47
21 42 6 14
30 6 40 25
43 48 19 21
18 38 33 35
1 8 23 14
26 29 30 34
31 33 18 33
17 9 33 0
34 24 17 36
42 49 15 43
26 42 22 37
44 49 23 39
48 37 37 30
29 30 45 11
44 48 4 26
28 26 34 31
26 40 13 45
9 43 44 27
21 12 23 33
15 22 48 48
41 34 16 39
40 39 27 29
45 43 43 35
14 29 14 22
36 26 37 34
32 35 21 42
31 29 18 34
31 1 23 33
26 22 17 36
46 43 20 38
48 48 26 20
17 13 38 16
12 32 47 17
41 47 23 35
18 11 46 32
18 26 34 22
33 34 38 24
31 35 27 40
49 47 20 19
12 41 17 41
30 49 26 33
43 39 19 34
20 40 24 36
46 38 46 26
4 32 26 45
38 34 33 34
19 25 36 27
36 34 37 1
29 20 42 19
45 45 22 37
29 41 30 32
37 21 46 13
42 25 38 30
15 25 17 33
49 47 32 34
12 7 43 29
20 12 46 36
18 1 39 29
42 35 25 42
45 40 36 27
6 7 37 33
18 20 41 13
38 46 44 22
29 47 29 32
27 31 35 33
44 37 36 39
25 25 33 31
34 37 43 17
20 35 47 32
45 41 18 39
42 48 31 31
31 15 11 40
44 42 40 10
45 46 40 25
25 32 20 34
33 30 29 27
48 47 34 41
26 16 39 33
43 47 29 31
44 48 20 42
37 19 25 35
37 37 39 23
35 31 43 25
28 38 28 31
47 46 36 37
16 30 47 31
37 45 33 35
46 47 44 24
31 23 34 31
42 48 34 34
15 13 38 34
25 9 1 47
20 11 12 34
37 29 38 37
31 21 34 33
49 32 35 32
45 43 42 21
17 34 31 39
44 48 41 41
23 17 15 47
46 43 38 34
47 49 49 36
48 46 37 39
22 16 38 30
32 46 20 44
45 43 30 37
24 36 12 39
4 34 22 44
34 40 49 10
43 49 35 28
38 22 12 40
28 42 48 39
32 23 17 47
3 1 44 27
16 21 15 36
29 46 33 36
38 35 39 30
32 44 43 42
39 42 17 41
34 11 22 40
44 41 20 32
9 21 30 39
45 47 31 27
42 49 19 34
29 25 45 31
37 49 30 39
30 38 26 34
47 47 40 30
44 46 31 30
43 47 41 26
27 1 35 28
42 35 22 42
32 38 23 32
31 31 11 32
42 49 31 25
25 16 27 33
45 18 23 33
6 38 45 20
25 18 17 40
47 47 29 14
22 19 22 41
19 26 17 38
15 10 46 20
31 31 40 25
28 20 46 32
26 38 36 10
47 48 43 46
16 39 19 41
30 12 30 42
29 42 35 19
40 27 23 37
31 30 47 17
45 49 40 33
48 40 14 39
