50 1561 14135 800
3 24 13 44
5 10 0 24
19 11 4 39
33 33 0 9
36 1 38 5
8 44 34 46
11 14 22 31
36 5 7 39
20 1 15 32
34 10 10 46
11 10 38 36
37 22 46 1
16 31 43 11
4 17 33 27
8 15 22 29
31 38 38 2
16 2 43 27
22 46 30 37
6 17 46 24
42 9 19 39
2 15 20 21
16 0 48 7
43 15 15 16
6 13 34 29
35 6 31 25
31 37 22 32
46 40 6 44
39 1 21 29
40 7 19 28
36 13 27 31
28 35 37 36
14 38 7 20
30 37 28 49
30 32 22 23
33 14 43 7
48 32 10 42
14 37 35 35
30 39 25 36
28 40 8 32
3 14 39 29
1 4 33 26
39 4 36 7
9 16 38 47
24 0 33 9
29 45 47 11
42 12 27 39
0 18 41 6
27 18 8 41
25 39 43 1
2 13 48 3
7 18 29 33
42 4 13 39
9 15 26 35
4 22 20 29
1 13 44 4
10 37 40 4
9 8 16 40
36 18 31 38
9 5 28 1
17 38 37 9
47 36 25 39
19 5 17 22
13 3 28 37
36 37 41 16
38 38 21 26
19 47 19 26
9 34 28 27
6 23 25 43
27 4 41 14
1 5 30 3
34 0 41 22
45 4 39 0
29 36 23 45
8 4 36 34
21 7 32 23
32 3 39 15
33 35 44 11
32 37 38 3
15 25 19 41
3 9 30 7
2 43 32 21
22 35 20 15
23 19 6 0
1 18 35 2
7 38 35 32
6 18 32 35
33 42 43 3
47 40 19 45
28 35 25 39
38 7 19 35
45 47 12 46
8 9 24 11
7 16 38 16
29 11 33 26
40 30 5 15
48 32 31 2
23 1 46 9
34 9 26 42
30 7 29 37
3 8 38 3
15 19 26 23
9 24 35 23
14 18 27 34
15 13 31 27
8 1 25 26
37 39 25 27
8 21 26 41
27 35 23 40
34 34 23 24
3 46 36 0
4 12 39 10
35 4 2 42
32 33 22 36
2 16 17 14
20 16 7 25
39 8 25 33
20 27 33 43
44 24 32 19
0 5 13 28
32 8 4 22
21 7 18 2
12 18 29 33
35 9 33 27
10 25 27 11
4 9 45 29
35 15 32 26
27 29 23 33
38 24 31 26
7 48 13 33
9 25 18 29
2 22 23 32
5 15 20 40
2 17 39 7
12 25 31 28
17 30 41 2
41 3 32 13
31 33 10 16
16 47 29 29
29 0 24 28
48 34 38 15
48 9 27 31
26 15 10 43
9 10 27 21
25 0 30 38
43 38 34 28
46 39 38 0
8 46 35 38
34 38 35 34
32 35 14 37
30 37 36 8
1 19 32 42
30 4 40 25
7 10 25 10
21 1 17 16
37 37 25 6
46 41 16 43
26 32 31 36
12 22 29 28
6 19 43 8
34 17 38 40
18 44 4 41
35 33 31 34
3 14 37 29
38 19 23 42
0 14 32 46
11 19 34 2
25 18 31 36
13 22 33 40
42 21 30 39
36 19 26 24
11 9 47 23
12 22 30 38
49 22 31 35
14 5 24 33
13 0 31 41
0 10 42 30
7 26 36 41
27 1 30 8
17 33 31 47
16 41 34 35
30 35 12 39
36 7 19 26
4 36 41 0
28 40 19 42
8 33 31 38
45 38 24 4
22 5 43 9
37 36 35 26
4 21 35 39
4 9 18 24
34 15 32 35
11 14 17 36
40 12 26 42
41 34 35 7
0 39 47 37
32 1 30 22
20 44 27 36
45 13 36 3
9 7 40 25
33 39 41 4
30 3 33 17
30 31 45 6
24 48 24 32
13 36 30 24
0 15 19 26
13 47 48 12
17 12 10 26
4 22 32 15
5 6 35 35
33 18 16 30
4 13 26 29
11 48 46 5
29 9 10 38
28 19 45 2
27 6 12 39
13 12 39 38
30 36 35 14
33 38 24 35
31 38 14 24
13 37 35 25
33 34 26 46
45 3 42 13
6 9 15 44
14 5 2 3
42 42 22 34
5 18 19 34
17 8 35 36
8 44 38 32
46 35 23 27
8 4 29 6
10 43 42 5
19 5 27 43
31 35 9 15
10 8 36 41
34 8 17 26
20 11 27 21
10 7 44 14
29 13 22 43
7 12 44 7
31 7 26 45
46 15 31 33
12 4 31 36
16 44 34 35
35 10 33 4
7 15 42 6
14 11 27 19
2 8 23 25
2 7 27 16
42 2 41 24
7 12 49 6
20 15 46 42
12 35 1 8
40 40 21 37
17 21 6 29
32 12 35 3
0 8 32 25
2 18 25 25
17 11 38 39
24 33 43 8
31 3 36 5
27 39 24 26
5 12 45 43
35 4 29 37
3 16 4 29
11 10 32 39
11 17 43 8
17 47 24 34
6 20 9 29
11 46 4 40
44 23 31 24
40 39 23 6
25 4 35 45
7 12 1 37
32 33 30 36
45 45 25 46
24 8 25 34
23 14 32 40
10 14 16 34
26 37 35 32
35 32 25 33
29 36 38 26
32 15 29 36
15 30 14 38
5 14 19 42
5 10 21 31
33 37 35 42
8 22 46 11
22 6 38 30
4 12 38 26
46 10 36 5
8 11 27 42
25 32 17 34
10 16 24 34
33 33 2 7
38 24 27 10
1 25 4 12
31 2 38 31
8 16 39 22
18 4 23 43
35 3 5 22
13 15 29 20
23 13 14 40
10 13 31 31
5 10 30 23
2 27 41 17
8 22 25 18
18 33 29 31
5 23 8 36
9 21 20 8
25 44 46 12
10 3 22 3
8 31 36 5
25 7 27 37
43 45 34 23
16 12 17 34
12 36 28 27
9 17 42 40
24 10 41 38
3 20 22 30
33 9 34 44
1 6 34 40
9 19 33 39
30 35 45 11
16 7 28 4
33 40 21 44
34 14 27 14
45 16 43 36
32 34 36 31
10 11 30 38
7 48 19 23
5 19 21 4
46 33 23 39
20 43 16 39
28 37 47 19
32 35 16 34
31 22 5 18
23 38 28 3
29 10 28 31
21 18 32 9
23 22 18 29
41 11 10 33
30 37 3 34
6 6 40 7
44 38 31 23
32 32 27 37
4 8 26 38
23 38 31 31
38 39 34 26
4 33 22 30
37 6 28 4
31 37 19 7
4 32 30 33
25 34 31 2
12 17 29 9
19 23 42 9
17 41 41 32
20 15 34 36
42 0 49 13
27 33 1 7
10 28 32 15
10 9 40 2
23 12 33 36
10 19 35 44
4 30 34 3
10 17 26 29
44 47 27 39
34 6 41 35
31 10 37 3
0 3 5 13
15 3 4 36
12 40 38 0
13 40 48 11
4 13 22 4
46 5 43 2
11 10 15 22
9 5 49 10
9 12 30 33
46 37 2 39
7 6 27 32
3 24 29 32
13 46 3 47
21 42 33 49
4 44 28 5
8 45 26 36
37 37 28 19
29 1 32 12
6 10 30 43
12 2 35 37
5 22 5 28
5 8 26 34
9 12 9 44
8 18 43 35
33 8 36 24
2 14 37 6
45 6 23 28
13 4 43 5
9 7 23 44
20 14 30 18
31 41 13 38
4 29 36 36
30 37 15 38
12 25 49 5
12 17 42 13
27 42 17 2
6 16 22 32
34 0 13 30
17 4 22 4
40 14 45 0
24 18 33 7
5 19 44 7
47 14 29 24
16 7 38 38
0 12 33 40
24 21 23 35
3 21 20 21
4 10 33 27
15 4 22 30
11 40 36 9
6 36 18 20
39 39 24 48
37 14 40 38
42 38 26 46
21 40 32 0
33 33 48 7
16 7 18 13
4 12 14 32
2 11 21 13
30 40 36 9
16 17 10 23
34 34 29 44
29 41 31 46
31 35 36 29
28 48 19 40
44 32 33 29
8 46 27 27
47 46 30 10
8 15 27 10
43 40 16 33
17 0 30 25
11 10 24 29
12 28 44 7
29 33 32 5
9 44 46 6
5 20 28 20
10 32 36 35
8 13 18 36
6 17 31 26
6 18 36 5
16 12 33 3
10 41 28 40
30 32 7 40
5 35 20 37
6 21 39 10
17 20 48 45
31 31 40 38
34 38 49 6
21 35 44 10
3 17 41 13
8 20 36 10
19 40 34 5
32 33 26 36
15 24 12 34
17 43 18 0
29 38 29 31
25 42 40 21
8 15 29 10
43 25 41 0
28 40 32 7
11 17 34 38
28 28 44 41
13 7 33 32
12 16 22 32
33 35 43 1
29 0 23 39
23 12 24 42
39 30 27 29
16 2 21 40
38 37 11 35
36 10 29 25
9 7 28 36
13 38 21 39
42 38 43 7
46 31 0 26
41 19 32 10
29 3 24 36
39 8 28 27
23 40 29 28
31 9 31 30
10 2 40 6
5 26 45 3
41 41 38 0
47 45 46 4
14 5 0 30
14 18 32 8
49 20 6 44
19 44 47 9
36 40 37 26
3 13 26 39
45 18 27 5
45 7 30 45
17 9 44 7
39 38 27 35
46 6 20 18
26 12 43 4
8 19 30 8
10 11 14 28
0 11 49 2
8 16 29 30
33 2 15 17
11 35 28 29
5 19 39 25
38 11 31 25
26 43 43 3
41 38 28 10
18 12 26 45
5 42 20 6
35 37 33 9
41 12 21 17
42 8 41 36
2 12 36 2
9 17 42 3
8 17 45 31
3 19 49 5
5 14 40 36
21 0 33 4
10 33 34 42
28 13 33 21
31 7 35 16
34 39 30 23
37 19 35 14
10 16 44 1
6 22 37 26
1 12 16 29
24 35 18 36
31 45 25 36
45 30 25 17
36 42 42 12
3 11 28 22
22 2 36 12
27 33 11 30
9 23 41 5
4 1 0 25
12 17 45 12
0 8 20 19
40 9 24 1
48 43 31 3
34 34 32 14
31 36 27 12
15 3 34 21
16 7 34 32
9 14 32 27
10 23 22 43
45 34 39 18
30 36 32 10
29 44 29 31
13 14 27 32
34 39 31 31
7 8 26 33
45 34 41 23
27 36 21 10
21 12 37 5
20 16 35 37
10 20 27 37
27 32 24 0
13 4 23 0
28 5 36 2
8 18 38 13
23 37 14 20
10 17 30 27
17 38 22 43
4 6 35 0
6 16 6 26
35 8 30 33
25 38 41 0
34 38 21 24
17 46 31 35
3 0 22 36
37 4 32 25
22 2 38 37
2 11 28 32
30 37 12 44
5 25 32 40
27 2 34 4
16 8 2 48
33 38 14 21
49 43 31 34
10 23 22 20
25 0 35 33
43 7 29 1
4 28 29 28
10 1 47 9
30 35 24 34
7 41 1 4
14 19 9 30
28 40 35 37
18 7 22 44
7 16 25 41
5 13 25 32
27 34 17 32
7 12 30 46
3 28 42 10
11 22 32 9
38 15 41 11
2 9 31 41
9 32 5 33
34 45 30 0
13 15 29 29
18 45 18 36
10 33 29 5
2 23 34 48
46 43 42 41
3 23 23 34
26 31 16 2
0 20 39 33
12 6 41 38
28 35 24 45
36 11 36 22
7 17 29 1
38 20 32 24
12 1 34 0
14 2 36 36
8 7 30 31
28 38 18 30
40 10 40 0
39 19 24 31
21 6 46 10
10 12 3 8
5 8 33 14
9 19 45 11
9 15 26 26
46 38 8 38
18 49 35 38
5 49 38 2
12 37 31 12
11 16 18 48
1 10 37 21
31 40 34 11
30 40 37 43
30 33 19 45
34 37 38 40
32 9 0 11
2 40 38 22
24 8 43 34
13 15 6 34
35 38 32 44
15 2 28 25
15 46 30 19
33 27 8 31
7 23 39 10
25 33 29 32
9 15 40 31
33 36 22 31
24 10 34 36
13 23 33 26
29 34 25 21
17 9 25 33
35 41 33 35
0 6 43 0
10 10 34 11
48 39 17 32
6 8 34 32
48 43 36 32
29 38 31 47
35 39 4 1
4 16 16 39
6 20 44 7
5 11 19 30
35 12 40 0
21 6 27 31
7 18 0 6
31 8 26 32
44 10 31 8
45 8 31 4
32 11 49 5
16 20 40 6
12 17 5 33
26 4 45 48
27 39 32 29
3 15 41 3
4 14 19 41
35 4 4 20
7 25 38 28
37 8 29 40
5 13 35 33
18 36 19 25
12 12 7 10
28 34 26 39
43 15 29 27
34 38 41 16
27 21 12 39
8 17 8 27
36 36 20 41
30 5 31 32
29 0 23 23
19 13 24 41
13 10 34 31
1 14 41 33
6 6 18 32
34 36 1 41
30 3 20 42
27 36 33 34
3 12 36 22
12 42 17 41
35 31 47 2
18 4 22 28
23 3 44 5
6 20 41 45
44 15 40 0
11 13 43 12
16 10 33 46
3 3 27 37
28 34 20 23
41 45 32 31
30 38 19 43
25 38 32 10
28 3 3 0
27 3 23 19
37 6 15 35
19 49 7 36
26 10 14 32
6 49 21 48
2 15 0 32
26 34 31 28
38 5 47 12
35 4 34 14
34 37 5 44
30 1 3 25
11 19 44 4
17 21 27 32
3 11 12 24
39 8 22 42
32 0 13 26
34 40 49 6
3 5 10 23
14 9 34 33
35 3 32 36
12 10 0 8
8 25 11 38
44 39 44 7
33 33 42 2
46 42 33 22
5 7 28 36
9 22 26 28
37 12 37 33
26 12 2 34
10 15 40 8
26 32 34 39
39 32 12 37
37 15 26 34
20 19 16 40
5 8 38 1
4 23 37 39
21 49 39 14
26 32 24 36
32 35 37 40
11 23 30 29
36 9 28 30
22 47 35 10
24 37 40 2
3 12 39 11
6 15 28 28
19 14 25 36
25 34 32 47
43 6 32 35
36 37 40 6
30 38 44 20
33 30 29 45
4 3 45 8
7 12 13 45
33 6 25 28
45 40 31 4
42 44 38 20
25 15 37 42
38 16 3 43
20 2 26 36
32 39 45 35
1 23 17 29
35 22 33 44
13 36 28 18
8 40 3 32
28 37 33 7
27 36 18 28
31 38 36 9
9 12 36 24
6 15 28 39
32 38 22 28
11 15 20 38
9 10 39 21
37 3 31 29
30 40 37 18
16 34 34 10
2 39 46 11
31 5 14 21
10 16 26 28
3 11 31 19
39 35 32 9
23 11 48 36
28 36 36 40
14 10 4 17
10 21 39 11
46 47 24 30
0 15 36 34
36 41 43 34
22 30 13 27
38 9 19 46
1 14 28 14
10 18 27 33
29 37 10 41
5 34 1 4
29 31 20 30
2 22 40 3
31 13 12 4
2 17 40 3
7 9 11 45
7 19 18 41
12 48 5 8
4 21 18 28
1 47 28 41
31 8 30 30
16 40 26 44
7 9 20 41
20 37 24 30
11 33 48 19
46 43 28 23
12 3 41 0
46 39 19 37
20 1 22 23
20 19 14 44
7 19 25 23
28 5 18 29
7 18 33 8
12 26 45 11
8 3 32 24
8 10 20 32
1 20 28 28
4 27 3 6
14 38 3 11
3 13 27 33
8 12 49 19
32 5 6 27
4 10 34 42
15 18 28 29
14 30 38 37
29 14 1 20
32 30 21 26
10 11 15 26
26 18 30 1
1 26 9 45
29 33 32 37
10 25 35 30
45 41 16 23
37 13 21 37
7 7 22 40
14 19 9 24
1 12 13 30
12 17 42 38
11 13 37 16
41 3 36 12
30 35 8 25
8 31 21 38
8 14 18 34
2 16 42 8
3 18 22 18
25 17 29 21
17 39 34 9
9 11 27 42
30 39 31 2
35 42 14 31
9 4 40 40
14 20 39 9
3 31 48 11
8 18 0 10
26 29 23 38
6 7 39 1
31 5 34 24
29 13 32 3
7 23 28 35
8 21 46 10
42 34 21 23
25 11 15 38
18 34 44 8
23 45 26 2
6 11 29 6
6 21 34 42
29 34 33 25
6 6 32 37
29 38 27 27
31 6 5 35
16 8 26 2
11 15 24 33
8 3 18 37
40 38 39 1
37 40 40 11
9 11 17 41
32 10 10 33
32 34 37 42
25 35 21 32
12 18 1 13
25 17 39 32
14 4 36 2
33 32 22 31
5 14 41 4
9 16 1 34
5 18 33 0
32 17 40 17
15 20 49 15
5 19 37 33
29 9 27 20
40 8 26 39
49 30 41 0
10 27 3 32
10 14 32 1
18 7 39 8
27 27 22 31
16 18 32 28
30 6 24 42
37 2 20 17
4 10 43 35
33 34 28 3
42 2 46 36
6 33 19 0
23 39 29 26
9 18 43 43
30 40 33 36
12 25 32 36
14 29 33 33
7 19 29 15
15 17 11 1
30 0 20 7
18 10 23 33
7 13 25 28
24 37 21 28
9 11 35 37
15 38 46 9
34 36 20 37
4 14 34 39
27 41 21 30
29 36 44 1
29 36 23 45
40 14 25 30
4 40 11 34
21 11 46 24
10 39 13 43
31 33 29 36
6 33 37 4
1 7 21 33
32 38 35 6
10 21 27 8
6 15 22 29
11 19 22 25
6 13 43 14
13 32 18 43
14 6 45 25
38 40 26 38
27 10 20 36
17 4 32 33
31 3 18 28
0 48 20 34
13 18 7 35
34 33 7 2
9 32 42 24
32 32 14 44
5 18 31 39
20 9 13 34
7 43 16 1
10 11 8 5
30 41 34 12
46 7 30 45
19 39 36 8
18 2 21 42
8 20 38 1
10 32 2 14
26 38 41 8
26 12 44 33
40 5 13 27
33 38 48 3
1 14 32 15
17 18 26 3
25 34 17 33
30 42 23 42
34 0 15 32
12 37 35 39
9 13 44 34
11 43 39 48
20 37 5 6
31 7 46 14
15 7 29 35
5 48 44 36
4 2 20 47
6 22 26 15
6 12 46 0
48 41 35 39
35 0 11 38
23 27 29 1
26 14 47 8
10 14 41 29
5 19 4 49
20 14 24 6
35 13 23 32
35 38 31 29
39 4 15 43
43 13 27 33
30 7 19 4
17 10 36 23
12 3 37 14
4 4 16 30
32 38 43 29
3 13 35 40
37 1 24 25
32 36 38 0
3 16 15 37
33 40 19 37
34 13 4 45
4 32 33 6
40 31 29 38
5 34 7 30
28 46 27 36
26 36 32 40
27 37 16 23
26 33 29 25
3 23 32 29
23 1 41 32
2 4 36 5
39 12 34 44
1 22 32 7
14 13 17 37
1 9 26 22
15 18 37 3
11 43 41 3
37 0 40 3
28 6 35 49
42 37 5 36
9 8 38 39
37 11 25 39
20 6 25 27
12 4 3 24
0 20 37 3
1 4 36 5
15 13 21 34
29 0 14 41
6 22 20 37
12 2 45 3
13 13 11 37
35 41 32 18
9 2 49 2
7 15 36 11
29 44 31 29
30 32 42 20
29 36 19 24
37 36 25 44
27 36 22 10
32 8 25 2
33 34 36 15
47 10 40 1
42 11 33 4
41 9 27 40
20 1 45 8
7 11 23 24
13 39 35 37
4 1 35 3
9 18 24 4
6 13 33 10
15 15 40 2
16 42 22 35
31 34 38 38
29 37 31 1
9 25 7 38
37 38 43 15
28 39 29 33
16 32 47 5
35 41 21 32
19 26 39 33
4 21 25 9
33 41 49 10
15 14 38 38
47 38 26 36
13 38 24 25
5 13 25 40
21 23 22 27
12 17 25 32
2 10 24 33
46 36 41 2
32 40 25 34
5 10 39 8
35 12 31 8
5 18 22 38
21 12 29 8
20 18 8 0
38 12 28 32
9 11 32 2
37 11 43 34
39 0 24 35
5 8 44 9
9 20 39 39
12 45 35 8
29 39 13 41
32 35 32 40
1 4 2 36
12 15 32 34
8 1 29 29
33 31 31 36
39 4 41 16
23 47 17 33
45 38 49 9
5 10 33 32
35 3 27 38
8 12 10 41
4 15 8 24
31 40 38 3
11 34 26 38
1 13 22 2
21 12 21 24
9 15 28 18
5 11 28 27
40 9 42 15
32 11 34 5
45 8 33 10
34 34 47 10
0 13 28 47
20 13 28 38
9 6 26 49
10 14 37 30
21 9 37 9
6 10 23 38
16 4 33 25
18 8 24 33
41 0 35 37
34 2 21 44
3 9 9 23
24 33 14 30
48 38 41 32
14 12 30 32
45 9 32 29
35 33 2 11
8 8 46 29
21 11 38 1
39 39 28 27
25 30 30 42
34 4 25 22
38 11 22 37
32 37 26 0
31 4 19 25
44 32 39 22
31 39 33 15
13 9 39 10
25 33 42 8
46 40 9 24
9 14 24 34
8 20 14 46
30 9 45 11
40 42 22 37
28 7 24 27
26 40 15 35
30 39 20 32
27 23 13 42
24 15 30 37
0 5 27 30
22 6 28 9
19 10 28 41
16 22 30 32
10 15 30 40
13 12 27 31
1 43 49 14
33 39 28 9
29 40 47 8
10 44 32 4
35 20 17 36
16 19 34 34
2 9 33 32
25 36 25 22
36 37 20 34
15 45 31 16
10 26 37 6
4 28 22 40
2 11 48 1
17 15 30 33
26 12 30 2
31 38 37 28
13 13 21 41
27 36 21 47
34 38 40 0
33 6 24 26
24 40 20 36
23 16 42 3
1 2 4 44
19 15 6 41
37 6 19 26
16 23 44 21
2 8 34 37
18 7 34 41
14 7 46 4
17 12 31 23
33 37 24 29
4 11 37 4
14 15 31 32
20 6 34 3
27 5 15 40
26 8 25 18
32 14 37 3
25 4 33 35
28 15 15 41
0 16 31 27
35 3 29 17
8 10 20 40
7 7 34 11
8 12 21 42
4 9 45 40
18 15 41 7
41 47 26 13
1 7 27 43
11 37 30 37
29 45 28 8
34 8 27 1
45 32 12 22
9 30 21 22
31 13 32 29
16 11 28 41
27 13 27 45
9 36 38 39
10 3 36 7
10 11 9 36
3 12 38 28
17 44 25 33
24 34 14 39
32 33 20 33
9 35 43 24
15 11 2 10
27 34 18 31
23 44 18 39
28 37 45 14
48 40 11 42
14 14 37 9
29 17 0 27
38 12 49 4
17 1 30 1
6 28 10 38
5 18 15 24
17 10 25 19
1 9 24 42
7 2 11 36
10 18 38 1
12 12 29 39
27 30 41 11
30 37 27 46
17 10 40 2
28 0 37 3
49 27 40 36
6 4 17 39
43 5 34 46
5 10 37 26
4 11 0 47
36 8 49 0
32 30 40 42
39 2 40 27
33 31 38 14
47 35 32 11
9 4 31 41
23 43 40 43
31 39 26 44
20 2 34 29
6 7 25 26
14 11 23 29
19 13 45 12
6 23 21 14
13 19 10 28
7 3 2 38
7 48 15 20
21 12 13 29
37 9 13 25
44 28 11 39
16 33 33 27
11 13 40 6
5 10 46 3
7 5 33 29
7 12 31 23
7 10 11 39
3 13 17 33
11 5 23 38
15 46 23 43
18 7 30 37
30 30 45 8
9 17 31 26
11 11 37 17
46 36 22 32
18 35 6 36
7 6 33 39
48 34 3 10
12 16 30 11
8 47 33 25
34 7 39 44
30 38 18 28
12 39 40 35
21 7 25 34
6 12 29 38
10 10 28 0
46 38 45 2
40 6 7 29
1 13 19 23
42 4 22 35
9 3 36 37
12 8 23 24
10 8 49 5
39 46 26 31
14 38 32 38
40 12 43 10
5 36 21 38
34 22 31 38
5 22 39 1
36 39 36 28
22 18 28 35
8 12 17 46
19 43 27 40
9 9 46 1
17 18 47 3
41 28 27 27
12 10 32 26
20 16 16 30
29 32 22 29
14 10 36 42
4 14 2 5
30 7 28 32
36 8 24 6
41 39 32 38
33 14 24 6
4 16 20 25
27 2 36 29
42 43 36 4
34 37 20 9
49 25 24 21
30 39 35 26
1 8 34 44
3 15 33 37
28 33 7 48
47 4 37 38
33 13 20 47
32 42 45 42
46 34 5 32
29 32 46 43
35 8 32 0
6 18 22 29
26 24 22 38
19 25 31 23
18 43 31 29
0 14 24 28
12 5 13 21
33 35 7 8
25 40 2 4
29 37 23 42
33 4 37 23
23 39 43 25
13 16 42 9
30 38 30 32
0 48 11 41
19 40 38 10
46 42 21 28
28 7 29 41
16 8 28 29
32 37 12 31
0 15 37 2
33 34 37 4
41 11 18 37
6 10 17 27
27 38 34 39
7 16 20 41
17 3 26 12
29 45 45 3
12 13 28 32
11 14 36 32
15 10 31 27
18 41 17 21
11 20 22 30
6 20 23 35
9 16 33 34
14 3 15 38
28 33 34 17
18 18 25 35
45 23 37 2
17 20 30 34
35 33 43 18
11 29 17 28
24 8 19 29
6 21 26 14
9 17 30 36
28 12 22 37
2 15 49 4
23 44 41 2
11 19 26 36
8 15 25 30
17 6 13 33
9 11 21 45
5 14 8 6
2 15 34 37
2 38 30 28
10 11 25 19
42 13 16 44
19 6 28 43
28 18 42 38
18 1 30 37
36 1 35 30
19 42 34 30
6 9 30 11
3 21 31 8
18 1 13 32
20 36 32 3
28 17 35 33
31 37 40 27
28 37 37 5
27 34 14 15
30 36 13 24
14 8 1 26
10 16 35 30
35 37 46 1
43 31 32 33
29 37 42 2
16 14 22 25
0 14 29 27
15 37 35 19
47 5 38 37
7 14 0 47
22 36 40 12
5 9 29 41
14 13 33 27
37 33 34 37
17 14 19 35
36 14 32 43
16 10 43 33
17 45 44 7
24 8 36 6
43 39 48 7
43 5 22 41
21 47 38 11
30 8 12 40
46 35 43 9
21 13 28 41
10 18 11 27
4 15 36 7
25 3 32 44
4 7 31 23
5 17 32 26
9 15 29 38
13 20 45 3
30 24 30 34
28 4 22 8
25 40 47 5
46 8 37 40
3 11 31 0
0 14 45 8
22 34 37 29
9 14 1 35
0 14 24 38
11 10 32 37
13 12 18 38
5 12 44 1
37 40 24 36
41 32 36 27
35 10 33 39
2 2 19 30
14 15 25 24
6 12 24 47
0 44 29 6
14 42 39 26
41 8 29 36
11 8 27 39
45 9 10 34
33 15 30 27
24 14 26 38
2 16 46 4
6 24 27 29
22 9 18 32
9 45 29 30
38 15 49 7
15 29 38 4
13 24 24 26
6 11 28 39
3 6 39 46
14 14 40 27
7 19 37 41
8 26 16 36
4 9 6 30
47 8 39 5
32 10 36 34
22 10 39 25
28 26 34 38
11 11 12 33
13 45 29 35
46 38 5 40
34 41 17 29
41 33 34 35
27 15 38 1
36 36 11 32
46 47 39 31
10 9 24 21
40 20 35 39
9 7 1 38
5 11 34 42
43 35 21 36
31 7 40 14
7 10 24 40
32 36 0 7
20 9 24 33
11 14 30 28
1 16 32 36
13 15 25 29
12 11 31 25
42 5 20 48
6 32 29 5
28 22 34 16
10 6 27 29
32 40 39 9
43 42 36 41
25 39 22 0
20 31 31 13
24 15 46 2
17 18 25 47
6 22 3 16
16 49 6 45
12 44 30 14
37 41 25 42
27 0 39 39
4 25 40 10
8 24 25 41
41 31 14 42
11 12 40 12
45 17 31 29
12 21 29 40
36 3 13 36
33 22 26 28
7 2 1 39
0 26 8 43
24 18 18 33
10 9 19 3
8 11 30 35
44 0 30 31
6 15 22 46
26 35 17 32
23 11 31 12
32 10 42 17
18 13 25 23
34 41 31 8
6 48 36 20
32 18 35 33
18 10 23 34
36 15 36 36
1 19 20 0
25 4 28 49
13 41 42 5
43 39 25 18
3 10 34 19
29 22 25 43
45 8 30 22
15 0 42 5
3 23 32 32
10 25 17 17
36 6 42 35
7 16 14 24
11 31 37 40
36 7 29 14
43 23 13 32
4 14 36 6
8 5 23 27
43 39 33 3
