50 195 19505 800
24 44 32 3
26 28 34 1
16 31 14 17
8 19 39 10
31 18 35 0
32 6 38 24
16 45 27 3
45 15 26 22
12 33 33 17
23 46 22 5
20 23 25 23
34 8 35 3
21 33 7 4
16 23 24 12
16 8 35 4
17 30 45 33
17 33 46 5
24 44 36 1
29 17 45 38
20 40 28 13
20 38 29 15
22 39 4 10
18 22 25 3
16 30 39 38
29 36 20 7
14 22 35 1
30 12 34 0
7 33 26 10
14 38 36 23
26 19 31 1
5 42 24 19
18 28 37 22
40 20 37 26
12 35 39 3
25 43 45 35
34 25 37 4
27 11 14 9
25 28 32 25
42 5 17 11
12 43 42 37
21 18 41 0
15 23 37 1
30 7 42 11
32 16 48 30
40 9 25 40
36 24 44 11
13 31 38 28
12 31 38 1
23 22 40 37
16 24 32 15
43 19 36 3
21 48 32 3
16 29 34 8
11 29 36 5
25 43 31 9
41 14 33 37
14 34 3 4
12 46 8 12
19 17 27 8
35 11 20 20
21 40 37 2
10 33 25 13
40 34 44 30
40 10 42 24
20 8 27 24
18 36 13 15
28 33 29 4
23 38 44 33
11 40 32 5
10 27 35 5
10 35 27 17
19 41 14 6
29 5 46 36
25 27 37 29
25 43 36 2
8 32 34 2
39 12 26 11
1 13 8 7
12 47 34 1
34 24 24 17
20 32 34 0
17 45 38 14
25 21 49 31
21 21 36 18
44 25 11 13
14 33 13 1
31 29 27 6
13 44 9 3
24 25 35 2
3 49 40 29
28 29 11 3
35 28 45 31
32 19 25 17
31 3 14 17
17 29 12 6
28 23 37 3
11 33 12 12
14 27 32 2
8 42 34 8
32 12 35 0
14 39 19 15
34 12 8 8
27 26 9 8
25 27 41 27
29 4 7 3
10 28 24 39
26 27 40 0
30 16 21 7
16 31 18 20
26 37 23 28
41 12 40 37
41 22 17 6
29 11 35 0
18 35 25 18
22 22 26 21
34 13 28 27
20 27 14 4
40 21 44 29
24 33 25 2
15 11 40 37
38 22 49 34
12 31 33 6
16 36 43 4
8 44 18 4
19 0 15 4
27 10 7 5
28 47 38 32
18 43 27 1
6 43 37 0
16 30 44 33
23 28 7 10
19 28 29 12
18 24 38 22
16 33 35 4
8 33 36 3
27 29 32 0
14 32 33 28
4 19 38 39
12 32 46 26
13 30 27 43
23 34 36 5
12 24 28 17
30 26 10 8
19 8 35 33
11 25 39 14
13 33 12 2
24 44 24 12
24 28 44 25
18 22 42 5
21 41 15 18
23 40 24 27
15 32 29 12
17 30 21 9
20 22 15 12
39 5 13 0
13 33 10 2
0 28 36 1
16 39 27 1
23 31 29 7
21 44 3 19
8 36 28 10
18 20 13 2
39 25 36 1
14 42 10 19
12 43 16 13
14 34 13 7
39 21 43 9
29 23 46 36
8 36 38 1
20 23 17 4
13 32 19 5
13 42 13 3
22 45 13 2
35 13 2 6
4 33 47 39
21 21 4 12
36 6 37 0
27 44 42 12
26 22 20 1
28 12 43 39
17 12 30 20
14 49 26 2
32 42 38 1
21 16 28 3
28 23 40 8
17 24 37 3
17 46 42 34
33 11 27 26
1 37 37 2
29 6 42 32
16 42 39 13
35 16 8 3
14 34 33 25
2 40 36 4
13 34 36 39
