50 91 16575 800
3 15 13 12
16 23 45 30
19 45 19 4
10 20 23 28
9 16 6 33
13 17 11 34
37 39 12 29
14 24 8 31
20 39 8 14
4 12 11 19
9 20 13 13
23 39 42 18
12 37 3 6
8 19 19 20
14 42 19 15
27 22 13 22
5 42 30 23
12 31 12 12
23 43 3 16
47 15 42 43
33 35 27 28
39 49 18 6
12 39 12 10
11 24 33 31
44 41 14 15
30 39 21 20
14 20 0 33
5 13 43 45
17 33 4 35
23 37 23 28
19 39 36 21
41 3 28 3
7 16 19 10
23 15 20 22
8 10 29 25
40 1 15 31
25 10 0 29
17 37 25 34
19 32 2 15
13 15 26 27
7 23 9 31
9 12 11 27
11 10 1 27
27 19 3 15
6 0 9 36
18 29 40 49
20 32 11 22
3 9 19 9
16 10 0 2
4 10 41 4
10 20 22 26
44 2 23 26
4 14 9 37
19 36 8 6
16 29 30 10
20 29 1 43
24 33 35 25
32 48 16 19
9 20 14 6
10 17 11 33
20 42 15 1
15 11 28 7
1 13 11 23
47 22 16 33
9 17 15 17
18 32 26 25
41 5 1 2
7 19 16 20
44 38 5 15
38 41 33 27
15 9 35 30
43 12 27 1
23 38 17 27
26 41 8 43
37 48 20 10
4 19 10 4
22 23 29 16
44 41 17 12
23 42 40 14
49 0 17 16
37 35 17 3
37 40 14 16
27 49 5 39
19 32 34 30
13 49 24 30
42 41 37 45
42 35 34 15
12 33 22 15
44 2 44 33
15 34 17 6
30 42 30 48
