50 794 17057 800
19 19 46 36
47 19 17 22
17 18 45 20
25 26 9 16
41 19 15 7
28 15 20 40
40 28 47 33
8 33 19 10
30 1 1 25
37 40 43 42
34 10 24 46
23 26 46 26
21 48 25 42
36 19 23 47
16 46 10 41
45 16 13 38
1 22 14 10
38 10 24 44
19 28 43 38
44 6 24 41
6 49 23 40
39 43 26 40
5 28 41 36
37 16 22 41
2 19 40 26
31 7 17 35
20 48 4 28
15 19 5 16
23 32 26 13
35 5 48 34
17 4 26 47
36 10 17 28
35 14 26 35
15 43 20 40
31 6 29 31
7 16 45 29
34 14 11 26
28 16 12 14
15 4 17 24
33 16 25 27
31 15 46 30
13 33 26 40
39 30 25 39
1 23 23 37
4 35 37 2
41 38 37 23
8 16 20 21
43 16 15 30
12 29 21 7
20 0 1 25
13 25 24 39
22 19 36 30
35 12 26 37
20 42 28 29
23 44 16 16
29 14 47 29
40 12 25 42
27 39 16 9
14 33 29 35
37 26 8 25
0 46 35 27
11 41 40 25
43 24 27 42
38 19 44 26
5 30 13 28
29 1 0 33
19 29 12 10
47 7 48 30
4 10 22 35
15 29 27 36
40 9 1 43
27 8 24 41
24 21 6 31
41 12 34 30
44 18 45 26
45 27 48 38
31 17 31 37
8 45 29 33
42 24 10 11
18 14 49 36
46 7 47 32
32 10 17 22
35 42 45 32
4 15 43 7
22 17 25 42
13 37 21 37
5 35 15 27
4 33 18 30
16 26 9 28
32 12 3 30
20 47 48 25
45 7 27 20
18 19 44 27
3 42 48 34
48 21 35 36
45 27 37 26
1 19 31 4
40 0 45 31
22 36 28 39
34 11 30 39
0 40 49 26
22 45 15 16
49 9 36 32
16 14 48 28
22 37 20 46
0 17 24 42
39 28 49 35
0 27 2 14
43 16 10 24
8 38 1 29
40 42 23 15
41 12 4 29
30 0 41 31
36 8 0 13
17 44 42 36
8 28 15 17
5 26 12 17
34 12 17 38
34 5 47 33
11 25 26 42
41 27 47 32
13 42 9 41
10 23 44 45
43 15 34 40
21 36 39 26
43 16 26 41
25 16 25 39
40 7 5 30
47 12 34 34
28 40 8 28
39 21 47 29
16 42 3 5
24 5 18 43
48 22 45 30
16 42 39 47
47 30 37 36
5 40 23 45
46 18 32 41
9 42 44 30
39 22 6 35
37 46 19 32
20 28 26 43
42 19 3 10
37 15 23 14
21 34 19 22
37 7 44 35
38 7 17 18
5 43 26 43
47 8 12 26
1 48 48 20
17 38 22 44
31 5 13 25
36 24 21 44
39 22 30 2
7 44 18 31
20 22 44 30
46 12 40 23
35 6 31 16
43 32 35 45
36 19 17 40
34 2 29 43
47 7 16 25
10 31 17 20
7 29 38 17
36 36 13 30
41 30 15 15
26 17 26 35
47 21 23 37
11 29 41 27
6 21 20 12
41 4 20 45
3 37 21 35
40 34 12 34
44 10 13 24
44 12 24 36
23 3 38 35
12 0 24 43
40 13 20 11
38 30 45 29
35 31 29 46
39 20 25 44
45 17 26 37
46 10 27 16
31 38 26 16
42 18 10 24
16 12 25 43
48 19 26 33
42 15 24 28
48 18 14 35
41 12 26 29
34 8 48 30
31 1 39 30
5 8 23 46
20 45 3 27
1 7 31 41
46 14 23 43
39 15 49 31
6 30 15 36
29 19 5 23
30 11 27 22
27 49 42 37
47 16 20 34
36 36 10 8
38 1 23 43
1 48 46 31
33 19 31 47
36 30 15 36
31 13 10 22
3 26 11 14
30 6 13 40
35 15 40 30
38 10 31 20
25 14 17 20
8 9 40 17
48 13 23 41
18 36 20 28
47 11 22 36
13 25 21 3
44 22 21 21
4 16 19 42
27 16 37 30
49 20 18 24
24 32 43 32
15 15 28 38
26 40 9 33
39 12 36 41
47 14 11 38
9 36 16 34
46 27 22 38
46 21 26 10
36 40 41 6
36 14 19 25
40 11 13 29
47 16 13 17
38 5 27 37
36 9 17 25
33 22 15 31
44 15 44 32
31 23 43 31
42 15 24 42
41 14 37 48
33 24 32 48
43 18 20 41
35 19 4 2
25 40 4 45
6 24 26 24
43 9 14 20
48 6 46 31
25 4 23 40
43 21 21 34
22 0 22 32
33 15 6 11
39 14 42 38
14 16 9 12
11 39 22 41
15 30 12 16
30 0 25 39
3 37 4 22
31 35 25 46
41 30 22 37
23 27 27 40
37 13 36 43
22 7 37 37
14 34 43 27
10 38 39 13
12 2 36 42
33 15 26 39
38 12 35 29
38 13 27 43
25 8 10 27
26 20 41 29
1 36 47 27
10 15 9 37
15 29 22 46
29 18 35 34
36 16 6 18
7 39 15 15
9 25 22 27
44 18 10 26
21 4 19 28
2 41 19 30
41 14 19 32
5 31 33 45
36 23 20 30
14 20 25 44
35 23 21 40
37 18 48 32
35 29 9 9
8 19 21 46
34 11 28 32
39 21 9 22
13 26 11 12
42 16 45 30
45 11 10 20
41 33 6 29
37 21 46 32
10 47 22 46
20 23 14 14
23 23 43 39
6 37 45 30
28 37 45 37
36 13 35 36
23 10 23 41
42 10 22 39
28 30 14 14
44 17 24 45
46 17 20 41
15 24 24 38
13 38 12 22
2 19 47 31
34 2 30 39
41 17 45 35
27 7 12 10
37 14 43 26
21 38 27 44
25 14 23 38
35 16 37 36
15 18 27 33
41 7 25 48
4 27 23 38
15 42 18 20
23 15 47 40
38 20 29 38
14 20 20 28
7 35 12 23
21 4 27 34
40 10 43 27
12 36 20 18
44 3 24 39
42 23 8 40
19 31 41 36
16 34 44 33
7 28 41 33
1 14 43 26
38 20 24 44
40 27 24 43
29 37 40 35
21 3 26 38
8 28 26 39
4 18 6 28
40 21 8 28
17 44 23 47
16 4 27 37
8 29 47 34
29 10 26 44
24 23 27 25
16 30 21 48
29 20 25 48
26 26 7 39
40 11 10 31
30 43 17 31
47 17 25 39
17 16 24 41
14 17 47 30
42 13 24 41
16 34 16 46
42 12 20 17
42 4 41 24
37 34 24 46
39 12 39 29
17 43 13 38
45 5 41 42
26 36 1 27
33 17 25 42
46 11 14 20
34 7 26 35
20 8 8 28
29 25 47 31
14 2 35 42
39 5 24 37
15 26 21 10
38 12 42 35
34 35 23 36
46 10 25 45
35 15 14 22
37 11 21 44
36 11 25 41
14 41 26 44
14 32 39 31
43 12 21 44
38 26 30 19
6 13 46 38
11 23 40 35
27 21 29 14
43 14 25 38
27 46 25 33
40 30 20 23
46 26 21 41
34 8 12 29
41 6 37 8
28 38 9 7
41 16 44 31
3 26 44 31
35 15 2 23
15 46 36 38
39 31 19 22
46 23 30 35
24 10 43 29
34 17 22 45
45 16 24 45
28 8 33 31
49 13 7 20
25 0 7 34
10 44 27 38
45 22 45 36
28 22 10 36
8 44 18 22
25 0 16 30
9 35 12 6
40 18 30 41
1 14 9 30
41 19 43 30
7 23 23 41
18 6 5 14
35 12 10 41
33 45 43 23
38 17 43 36
37 4 12 9
2 24 15 28
40 9 26 41
27 15 32 40
39 7 49 35
31 15 48 32
33 40 16 36
23 41 21 45
16 17 20 35
45 12 17 27
49 23 35 32
33 12 23 48
41 11 25 5
15 35 0 29
15 29 25 44
45 2 47 26
44 9 13 25
11 24 46 40
12 39 32 20
9 37 48 32
39 24 39 36
6 21 46 36
4 36 40 28
42 13 25 42
8 32 46 32
38 8 19 44
45 21 28 46
18 27 35 22
32 31 45 33
26 9 34 28
37 10 9 44
17 23 22 43
39 18 43 40
10 43 25 44
17 23 10 19
45 23 30 32
9 8 5 3
30 19 24 47
29 34 22 37
17 7 46 29
38 0 18 31
34 18 46 27
43 24 18 48
33 17 15 15
30 10 42 3
17 13 19 46
47 13 20 39
43 6 20 36
35 14 4 45
38 3 43 29
2 39 35 39
6 14 25 37
35 14 27 47
42 15 3 33
40 11 25 33
13 27 35 29
38 13 38 28
34 23 44 25
40 43 28 43
29 20 48 32
29 6 12 21
33 36 2 17
18 38 23 46
11 43 29 39
28 47 42 20
45 3 11 30
43 26 34 26
42 18 31 37
46 28 36 33
36 36 7 27
39 40 43 13
6 7 22 20
41 34 29 45
44 0 26 46
46 19 23 35
17 25 16 47
14 2 40 27
48 23 17 44
24 49 28 19
40 25 10 24
38 20 18 13
9 48 24 44
19 0 27 43
9 43 12 6
35 3 40 24
40 18 39 36
22 36 26 44
19 7 23 40
45 27 47 37
45 33 42 23
21 19 41 25
37 15 42 39
30 3 13 21
41 39 12 31
23 3 7 22
14 33 41 31
42 4 19 37
15 24 43 6
12 31 20 40
4 2 25 38
1 31 23 45
36 15 25 45
48 26 44 27
41 1 26 46
18 37 14 20
16 9 24 38
42 29 28 43
13 22 13 42
48 7 18 29
30 16 27 37
9 32 23 13
30 4 8 21
37 11 28 24
34 2 8 38
17 45 45 34
12 27 24 28
15 31 25 47
36 40 9 23
48 14 28 21
49 16 25 47
4 37 24 48
24 34 19 29
32 2 40 33
15 11 18 8
28 22 47 24
31 9 24 43
0 35 31 43
34 9 26 45
3 37 22 35
44 1 24 12
11 17 41 29
17 45 22 47
13 8 13 18
10 41 11 35
16 26 7 13
47 24 7 26
34 19 4 38
29 16 43 38
10 12 6 37
36 11 27 33
38 10 34 44
47 15 22 38
37 15 45 27
44 12 46 35
23 47 30 41
46 23 20 21
33 6 18 16
1 46 46 27
36 15 26 45
15 13 18 45
30 42 23 32
30 6 48 29
39 14 23 47
43 5 5 36
4 44 19 24
26 18 49 36
19 39 41 30
21 7 12 33
27 23 22 36
43 38 27 22
8 46 48 29
30 17 45 45
29 5 41 30
46 25 30 18
39 6 16 8
18 0 25 22
41 15 16 6
15 48 32 40
43 29 25 41
8 20 20 18
36 16 31 39
27 47 29 37
11 29 10 43
6 24 15 44
42 11 15 11
25 3 27 36
37 27 22 36
24 21 42 24
19 27 36 44
23 10 9 24
42 14 41 32
37 7 4 25
36 21 12 18
33 3 43 27
14 40 20 46
17 29 26 42
38 16 26 37
16 0 10 32
37 33 32 28
44 13 5 6
35 21 24 43
12 31 19 29
1 43 30 3
43 1 12 26
33 24 24 39
16 26 36 21
14 0 1 43
22 47 28 41
11 39 24 21
41 28 25 37
38 29 26 39
31 15 46 32
30 17 19 40
16 23 21 3
28 27 20 35
48 28 21 38
27 18 19 40
47 13 46 35
11 28 37 30
46 20 4 37
30 17 24 30
38 7 30 21
35 30 17 13
27 5 35 44
37 11 14 24
20 40 17 30
37 5 5 31
36 13 48 31
43 20 22 29
41 19 5 28
0 27 39 30
41 16 45 34
35 39 26 43
31 22 23 44
46 7 42 22
29 4 12 14
32 17 45 31
38 12 8 26
33 18 33 8
40 12 17 24
42 10 6 27
31 14 19 42
7 44 28 43
35 23 10 15
10 0 28 36
45 18 22 44
9 31 45 31
15 32 19 10
6 16 45 25
3 31 7 35
35 10 24 41
45 6 47 30
36 12 38 48
36 40 22 33
19 38 21 46
37 18 0 14
20 2 22 11
19 19 34 24
7 20 45 28
37 6 47 23
42 11 5 34
42 16 14 30
12 38 34 9
36 23 44 29
25 19 0 31
20 28 25 46
6 26 23 38
26 31 5 24
42 13 34 44
12 17 24 48
17 40 26 34
14 45 22 47
7 35 23 41
3 27 19 38
20 20 27 33
16 15 18 44
11 26 29 43
38 20 17 23
38 13 45 33
29 11 44 30
17 7 44 30
33 12 23 48
12 22 10 25
31 23 18 12
33 34 7 9
33 9 25 43
44 8 23 39
27 20 37 25
8 37 42 41
31 7 40 25
29 22 48 29
32 9 43 29
41 19 24 46
20 29 25 42
23 35 32 49
18 38 23 34
44 4 28 43
12 10 45 29
39 4 25 47
5 49 22 18
17 45 42 31
3 7 7 25
35 19 49 28
25 33 38 28
46 18 37 15
47 20 34 10
35 25 23 42
39 33 46 38
4 48 45 27
29 41 18 30
41 19 6 3
19 14 10 21
29 13 28 38
9 35 3 8
16 29 10 30
13 36 46 31
10 14 15 40
11 25 46 27
41 8 21 45
28 32 17 22
14 18 38 29
13 13 34 32
18 6 49 33
38 9 28 39
15 40 32 10
33 21 31 42
30 10 25 45
12 23 25 42
16 40 43 37
13 21 32 29
36 3 24 31
41 21 36 35
34 10 8 40
7 34 26 35
25 28 39 22
24 15 14 24
8 47 49 24
31 20 45 27
39 16 27 29
36 13 41 23
19 15 47 33
23 45 28 37
37 19 16 17
46 43 14 19
38 5 41 33
33 6 23 44
33 35 29 45
43 2 42 28
14 38 47 3
19 33 41 36
39 18 48 38
36 18 11 37
44 45 44 34
11 27 21 20
23 39 43 36
33 18 1 20
40 41 20 40
8 42 35 43
44 20 24 43
41 18 45 31
48 11 3 18
26 31 23 9
40 34 45 38
40 23 17 4
14 19 13 37
33 11 5 10
14 29 27 44
37 19 40 40
43 9 22 37
18 31 28 34
41 8 25 46
48 15 41 39
1 25 5 15
42 6 44 25
8 8 41 33
40 8 48 35
43 13 11 12
35 18 40 25
47 18 22 46
25 30 25 39
46 17 5 27
38 15 25 35
30 43 44 29
27 25 7 27
47 18 42 36
39 14 22 25
38 11 22 44
