50 1130 17928 800
10 40 29 39
44 44 46 41
34 45 48 19
32 8 27 6
32 15 38 7
12 34 13 23
38 8 29 23
45 47 39 20
16 23 25 25
20 33 15 20
16 12 1 20
48 13 7 10
3 40 32 15
11 42 32 19
40 28 42 36
33 28 48 13
31 8 33 40
39 22 33 28
24 45 28 24
26 9 0 18
45 27 3 8
18 36 39 34
29 3 18 5
33 33 1 13
18 39 1 10
23 26 10 11
25 37 48 25
41 34 37 21
18 44 0 21
21 37 33 40
34 18 33 6
22 31 48 11
25 38 2 5
6 28 23 7
35 15 4 7
23 32 6 12
1 41 46 27
20 34 27 22
4 26 12 23
38 47 48 8
39 46 38 13
25 27 1 26
13 40 42 5
1 47 23 24
39 32 36 7
37 7 6 13
22 19 3 10
24 30 32 20
43 34 47 2
29 0 48 31
36 3 3 5
46 5 21 37
26 4 32 21
46 29 42 31
16 33 43 18
30 36 41 25
41 40 43 16
37 16 40 10
40 1 19 16
19 2 26 16
14 17 37 12
23 32 32 16
30 11 41 31
32 4 49 15
39 39 10 11
34 29 26 35
19 29 42 18
49 35 30 15
16 19 38 21
45 9 40 28
32 7 44 23
15 25 40 38
32 13 28 27
16 33 43 2
20 12 35 22
10 26 41 17
30 37 5 13
36 25 36 6
37 28 32 11
35 30 37 26
19 19 23 27
37 37 48 39
34 27 2 8
33 11 35 40
31 18 36 36
22 16 35 18
25 29 49 14
21 14 41 2
9 32 5 11
32 11 28 24
30 8 2 11
26 31 0 17
22 39 47 13
42 18 49 37
37 31 33 1
27 24 38 8
29 18 42 31
22 16 37 6
11 43 2 5
7 38 1 16
45 9 2 14
47 42 38 22
30 2 5 13
15 26 20 10
43 28 14 26
36 10 35 5
26 44 29 1
32 14 5 24
48 24 14 17
20 11 16 25
12 34 4 9
40 35 25 32
41 5 19 27
20 31 36 10
42 35 1 0
24 13 16 18
14 47 39 42
22 28 15 8
28 26 39 11
21 33 2 6
12 38 43 38
15 31 7 8
44 32 32 29
24 16 39 3
21 24 47 22
34 10 33 24
33 35 32 17
40 31 1 15
39 9 42 48
44 33 3 14
22 1 35 15
37 30 47 37
16 10 46 15
35 37 41 33
21 5 32 2
24 2 46 26
23 32 49 6
26 20 26 14
42 47 46 26
35 2 22 24
18 40 24 18
37 39 47 21
21 44 32 32
44 30 11 17
37 33 2 17
47 39 46 23
43 26 27 4
19 26 6 18
27 35 21 17
12 49 4 15
20 41 0 2
25 36 37 20
28 17 46 42
21 47 0 7
15 28 0 13
40 21 2 5
37 15 9 12
21 13 20 7
31 0 46 4
42 35 31 41
26 31 44 18
36 8 40 16
5 37 27 3
17 47 31 28
32 6 36 26
13 24 46 28
16 44 30 39
1 38 7 10
6 46 25 44
46 15 37 42
10 30 33 13
36 30 31 8
24 38 25 29
31 6 40 4
42 30 3 15
14 37 28 22
47 23 11 14
37 38 16 9
31 27 4 23
32 6 30 28
33 8 0 13
31 11 45 29
48 37 1 19
31 5 35 31
30 32 44 34
48 41 6 12
39 11 28 34
45 18 4 15
11 44 9 14
38 5 46 43
29 20 4 6
29 29 26 33
2 30 21 34
31 12 0 10
22 36 31 47
26 10 47 30
13 2 42 42
29 14 4 24
31 7 45 37
18 33 25 20
31 7 39 9
31 14 8 31
34 8 30 33
18 40 4 12
41 21 28 49
6 35 32 24
11 29 3 9
2 36 44 30
26 12 1 8
29 9 43 29
32 22 39 3
30 44 47 43
47 25 41 9
16 17 38 27
21 34 48 18
18 38 29 38
35 15 39 38
48 41 2 13
37 31 4 20
2 35 40 19
20 12 3 21
40 20 44 15
30 0 29 7
10 35 7 38
38 6 37 37
35 29 42 22
40 15 44 28
24 13 7 21
32 3 30 28
41 11 11 30
8 39 37 6
46 37 18 28
33 0 30 34
17 15 39 29
21 18 37 0
30 34 44 19
42 18 44 32
49 40 10 17
23 24 35 15
16 34 43 35
22 23 41 14
45 12 16 45
19 30 31 15
19 35 22 2
8 32 44 1
21 39 34 20
40 45 31 30
19 32 11 0
19 44 21 8
34 13 34 2
49 31 6 37
31 6 32 20
47 15 25 4
45 38 25 24
30 3 44 22
29 32 28 2
32 8 25 24
35 37 16 30
10 30 38 10
32 30 4 9
36 7 45 1
30 20 10 6
43 23 33 20
36 8 31 15
26 35 42 24
44 42 33 38
42 31 44 22
26 7 4 21
23 39 48 36
33 21 45 9
33 48 27 37
46 37 4 23
35 4 23 22
32 32 23 43
46 39 10 0
33 33 2 12
21 25 17 24
27 15 37 21
24 13 2 25
15 34 1 15
44 32 24 12
34 36 45 16
41 34 22 17
26 12 39 36
18 39 27 9
42 47 25 32
6 36 6 14
26 38 41 18
4 41 6 19
19 17 36 35
48 13 0 21
38 14 48 30
24 26 48 22
37 5 21 25
19 40 0 0
45 14 34 20
28 30 40 29
25 46 1 16
35 40 23 23
21 37 8 20
12 39 1 23
27 9 1 21
35 36 0 9
21 17 27 30
42 12 49 40
35 6 6 24
34 11 36 21
47 20 35 18
24 9 41 18
22 8 42 36
48 41 22 43
6 42 3 12
22 23 44 27
39 24 29 31
44 39 22 22
19 28 30 3
6 34 3 2
5 45 5 17
22 39 12 7
8 40 43 42
35 7 35 32
8 47 27 29
44 12 41 34
39 9 49 27
5 45 26 28
29 32 47 7
49 30 49 20
25 8 3 18
17 37 38 31
16 25 8 17
35 47 49 22
39 13 16 20
30 32 49 24
42 6 40 23
7 45 46 37
17 43 0 20
28 36 25 20
33 44 41 43
42 15 18 19
9 41 2 4
18 47 47 24
41 43 5 9
21 20 12 21
23 46 2 9
48 36 20 10
33 29 32 36
41 5 32 34
30 11 47 10
32 22 3 22
44 34 41 27
28 31 37 12
20 20 36 22
38 42 45 31
42 12 4 21
17 39 5 6
48 27 30 45
22 44 48 40
28 37 47 41
46 28 40 28
35 16 45 26
24 31 43 3
20 13 41 34
48 6 5 19
30 42 30 24
19 39 41 23
40 26 38 20
34 32 3 14
21 27 1 16
21 15 41 45
11 41 13 36
35 17 31 19
22 23 42 6
8 46 29 4
26 14 31 41
19 24 22 28
22 30 46 26
8 33 16 37
36 9 32 32
40 14 29 13
34 47 49 16
48 45 47 17
32 9 29 41
43 8 38 12
27 32 29 38
48 39 0 18
33 19 47 4
2 25 47 22
38 25 4 15
4 49 47 15
32 6 7 24
48 18 21 12
39 8 44 23
5 45 1 11
42 38 3 5
39 9 17 22
27 20 29 14
36 9 1 18
35 4 4 10
28 18 24 16
30 9 49 6
13 31 20 25
37 44 44 23
29 7 46 11
41 1 35 25
11 31 15 16
33 13 15 23
16 40 49 12
32 36 43 7
29 21 1 3
33 10 34 20
28 4 40 14
49 7 1 9
18 16 36 15
40 0 0 11
14 33 34 18
44 11 30 10
15 41 29 2
32 4 36 19
31 6 44 23
32 30 25 24
23 7 37 31
21 28 3 17
33 40 35 33
47 11 44 21
8 32 44 32
33 40 47 48
16 40 16 20
21 11 36 12
32 30 15 34
46 31 40 34
24 38 32 39
36 9 4 15
33 11 7 10
35 33 10 14
40 3 4 1
21 24 39 28
33 9 47 20
19 13 45 18
34 13 17 4
44 8 34 5
15 43 18 14
24 12 47 11
39 11 33 46
27 12 4 25
8 35 49 27
49 16 29 19
36 18 34 1
30 8 28 15
25 7 44 43
45 15 43 32
36 43 21 29
19 34 40 18
1 24 43 20
30 14 0 15
41 8 34 0
27 7 6 8
32 42 19 14
17 31 29 49
13 43 37 45
13 37 46 46
29 43 43 16
29 15 35 9
0 35 38 27
9 36 39 2
13 28 4 24
28 38 0 15
31 40 34 24
30 37 9 10
14 37 49 37
21 42 42 24
36 40 1 9
25 16 19 40
26 40 14 24
14 43 1 6
42 42 32 17
40 32 25 41
9 44 13 31
10 28 24 21
47 36 36 14
40 17 8 14
14 38 49 24
48 39 29 24
17 40 38 35
48 4 35 40
30 3 31 16
38 2 47 19
33 13 5 39
17 29 31 31
32 15 36 26
10 49 26 33
8 26 43 28
11 22 0 15
32 5 41 36
42 13 28 15
34 35 34 19
31 15 48 41
15 35 25 20
48 15 15 5
48 18 34 23
45 18 38 21
28 4 5 9
26 36 22 34
22 29 44 28
36 14 40 2
29 10 47 21
24 5 1 17
39 37 9 14
39 22 26 4
37 22 31 34
27 35 45 33
23 30 46 9
16 17 44 29
45 35 9 21
7 39 40 26
29 38 29 15
12 34 4 15
27 40 30 4
45 13 34 30
47 36 43 4
45 44 41 30
17 27 41 1
7 38 5 12
41 12 13 23
14 37 41 29
24 34 46 46
24 48 44 24
37 42 37 22
23 29 43 19
48 43 49 25
6 49 45 11
17 45 27 25
28 6 37 38
35 40 37 25
43 43 28 11
34 32 48 24
44 39 42 20
33 24 29 12
20 17 46 17
25 44 31 0
30 26 21 8
35 25 7 4
42 33 27 42
26 8 40 30
38 10 17 21
39 16 29 44
31 3 36 41
45 48 38 30
45 46 36 10
43 39 4 18
20 25 44 19
17 43 49 47
11 33 8 5
42 34 49 26
40 4 19 3
48 13 7 27
9 28 21 22
7 22 46 9
43 28 2 23
40 11 0 10
35 2 33 9
33 12 49 30
23 15 4 14
31 11 39 31
31 46 43 3
33 19 1 15
41 38 4 5
25 42 36 48
25 15 33 12
33 15 35 38
20 33 34 32
4 40 17 26
40 12 5 15
44 13 40 1
43 27 18 11
11 35 39 29
18 16 22 25
28 38 40 23
19 19 43 10
25 25 31 16
34 8 30 5
27 16 45 24
35 12 5 1
15 33 39 6
5 45 10 15
15 37 30 20
28 20 0 18
35 25 28 10
20 27 41 1
40 10 21 15
34 6 18 26
19 46 5 16
16 34 31 8
13 13 14 22
23 38 42 7
41 30 4 30
30 9 41 29
27 10 37 5
36 7 21 33
32 45 45 38
30 37 0 10
36 9 36 18
24 33 27 17
7 36 41 27
3 48 35 21
19 25 24 34
41 8 42 36
24 9 24 24
19 37 43 1
30 20 44 32
27 41 2 14
28 4 37 16
36 36 23 10
19 47 36 5
44 15 24 24
34 21 3 9
35 7 44 31
26 32 26 18
26 24 11 16
8 28 29 24
11 45 26 23
10 31 1 3
44 25 47 32
6 38 35 18
38 11 22 28
6 44 1 4
45 19 5 16
46 17 26 32
18 34 36 5
12 23 35 26
41 36 43 0
23 10 36 9
34 21 24 16
18 18 40 17
49 27 12 24
17 39 37 32
27 7 35 24
11 37 3 4
14 34 12 9
42 4 49 26
38 24 19 22
22 14 8 6
15 35 11 15
29 36 2 3
32 43 20 37
36 13 1 4
40 46 6 10
23 38 31 6
37 35 30 33
31 1 38 20
23 29 39 31
40 22 5 12
9 45 40 28
6 25 42 1
37 48 19 47
35 31 1 6
43 7 25 25
19 20 6 20
47 12 32 37
41 11 18 11
27 44 34 10
5 42 11 12
35 42 39 39
36 7 22 13
36 7 37 14
1 26 36 26
33 12 43 14
14 44 35 36
24 31 49 30
46 30 8 13
23 28 28 38
43 25 6 12
34 41 38 6
32 11 3 12
18 46 4 2
41 40 5 13
39 5 49 18
6 24 49 28
27 25 42 34
31 8 3 20
39 25 0 20
33 42 17 16
34 46 30 22
45 15 3 18
35 10 9 4
7 36 7 7
46 21 49 25
32 33 5 11
41 26 40 9
34 11 4 9
27 10 4 15
43 16 3 14
48 33 20 26
17 44 2 9
29 10 4 8
10 29 39 47
34 11 39 24
5 37 49 12
35 47 35 25
34 25 0 14
26 33 23 9
21 37 45 19
22 43 37 26
19 30 31 25
33 5 36 18
23 27 13 13
15 37 41 23
17 33 47 3
19 35 20 13
15 22 9 17
18 29 6 18
41 36 2 11
36 9 8 3
21 17 28 11
12 28 27 34
38 22 4 11
48 36 28 16
24 34 34 11
49 39 12 38
45 37 12 16
15 41 29 29
36 13 7 14
38 41 9 18
30 24 41 21
18 20 1 3
25 3 47 22
40 13 1 16
19 20 47 47
29 40 30 7
26 5 38 29
32 27 7 7
31 37 3 20
33 7 42 13
22 19 36 20
22 41 0 18
32 3 41 2
10 33 12 20
39 44 44 42
25 31 3 6
20 15 32 24
33 34 12 14
25 30 48 18
48 35 44 48
25 38 6 10
35 45 39 12
8 38 36 33
15 25 40 27
8 45 49 43
43 11 44 46
11 49 36 9
40 7 22 7
20 15 30 23
37 46 25 43
47 38 30 17
26 43 33 35
38 31 5 12
46 15 48 24
27 38 45 22
23 7 48 27
41 30 31 14
45 17 44 22
42 30 22 18
41 33 27 19
43 9 24 13
24 36 2 21
26 13 9 17
45 37 26 26
18 30 32 29
4 31 3 6
17 14 37 33
29 37 48 40
47 44 4 14
35 5 41 19
22 35 48 3
46 27 36 11
26 41 3 10
20 30 11 12
29 17 39 19
17 42 27 36
35 35 36 24
21 22 16 9
29 9 43 47
45 29 43 24
24 26 7 9
7 48 37 27
0 45 26 14
7 41 40 32
15 33 48 13
19 39 33 12
36 49 38 41
39 16 5 6
34 47 37 25
31 17 39 36
12 34 15 16
35 15 2 13
48 38 13 32
24 17 30 45
33 13 26 47
44 29 48 23
36 26 34 23
19 30 38 17
11 44 37 11
23 36 34 5
33 2 36 32
38 45 36 34
8 27 4 23
20 41 43 19
39 45 7 19
47 26 48 2
30 12 0 16
36 1 49 22
42 47 34 16
19 38 31 21
28 4 34 14
16 18 13 13
23 16 26 31
35 40 20 2
31 4 43 38
29 8 36 26
16 39 41 34
31 6 4 11
35 34 37 27
33 6 43 22
18 21 36 23
41 33 15 10
25 36 48 17
24 15 46 25
45 12 32 26
5 38 16 4
14 38 49 28
26 48 34 34
20 16 43 19
32 35 17 37
37 10 40 18
42 44 45 23
39 39 3 42
46 28 8 12
19 49 9 13
48 46 2 16
35 4 47 13
46 12 48 36
41 4 3 17
22 9 33 30
39 24 37 2
24 17 11 13
33 34 9 21
41 37 28 19
25 33 22 18
38 47 42 31
21 36 34 23
32 3 32 8
24 31 3 23
30 17 1 17
40 12 0 24
30 1 5 5
35 42 45 40
19 19 43 33
21 42 47 27
15 33 17 16
29 34 34 14
23 30 36 40
49 41 30 2
20 35 13 14
31 48 46 24
43 11 37 17
49 14 29 1
48 16 1 14
10 35 5 12
43 18 39 47
18 38 32 37
39 42 26 4
11 49 46 40
30 48 37 30
37 11 39 19
1 39 37 32
23 21 34 8
26 10 30 1
23 34 39 26
34 23 25 13
3 38 30 4
41 10 37 19
12 41 32 28
23 11 48 35
24 39 0 8
31 28 25 3
38 3 45 21
13 49 8 7
24 44 35 25
13 35 20 3
9 40 1 24
18 23 44 5
35 12 9 10
18 12 45 33
46 23 33 37
24 43 10 11
7 47 30 21
35 24 14 30
21 10 41 18
45 3 38 9
46 7 39 32
48 9 5 14
29 44 0 3
27 49 1 29
28 25 31 22
48 31 42 26
21 30 31 33
13 42 35 44
29 8 9 19
15 40 0 11
8 46 12 17
45 19 43 29
28 27 30 43
38 36 49 9
11 35 43 28
31 37 3 20
46 37 44 34
11 30 39 20
13 28 12 21
44 14 21 48
11 48 1 5
5 28 41 49
41 13 44 36
19 38 9 6
45 19 47 48
42 22 40 26
23 38 40 36
13 47 2 4
42 39 32 37
40 47 22 25
36 28 13 13
38 14 28 27
20 36 35 47
43 14 7 3
13 33 45 24
2 30 0 14
26 27 34 20
49 1 35 5
9 43 44 22
15 31 33 7
15 27 42 38
9 30 32 30
30 7 22 6
41 40 42 18
35 9 26 5
14 29 17 19
7 36 41 18
30 13 28 48
20 47 39 49
14 43 8 7
31 17 43 9
36 10 13 21
36 23 4 23
21 18 46 15
43 31 30 33
47 27 42 0
34 10 40 34
21 27 22 38
22 14 8 4
45 35 38 43
34 22 20 32
9 34 28 25
47 40 41 32
31 16 48 5
33 35 14 15
29 24 41 11
44 45 32 29
45 49 41 0
48 42 16 9
40 6 36 34
45 28 36 20
23 43 35 30
41 13 9 19
27 7 14 22
46 36 28 17
33 8 30 21
45 31 2 17
18 32 13 19
21 39 43 34
41 16 4 9
26 31 6 10
41 11 39 48
29 44 9 38
27 36 29 3
40 34 14 36
34 2 43 17
29 42 40 28
38 22 42 6
36 7 30 25
22 10 30 12
27 32 0 8
27 5 15 32
19 25 40 24
29 7 32 19
10 37 28 14
31 22 43 41
47 16 44 11
35 10 12 43
17 45 30 13
25 30 5 11
20 36 24 21
22 48 46 45
35 5 31 20
40 33 21 39
2 43 23 37
47 43 46 8
42 10 0 21
17 28 48 32
30 30 1 15
14 41 45 15
3 35 19 17
32 7 21 48
34 34 21 28
23 39 24 17
29 1 13 25
22 16 33 27
31 8 48 13
21 40 33 1
38 47 48 17
33 8 34 29
35 31 41 25
23 46 38 24
46 33 9 12
43 11 39 36
18 12 48 9
16 27 1 1
40 45 2 9
35 29 5 5
33 38 10 5
18 13 3 6
35 45 48 2
19 46 37 48
42 46 26 43
30 32 48 26
21 22 32 22
26 27 24 23
46 19 3 36
40 31 16 13
49 18 24 29
20 23 42 37
28 12 23 34
25 31 23 47
35 16 21 0
48 18 6 9
27 26 33 14
35 12 19 39
43 11 7 16
34 13 43 36
13 8 40 9
28 30 4 40
16 43 26 16
41 20 0 17
22 9 10 0
49 49 45 22
34 4 5 18
41 22 29 3
25 39 14 20
20 39 2 10
31 46 44 31
15 43 36 37
45 28 41 36
1 34 41 26
11 38 43 31
43 42 6 19
18 41 1 3
30 3 38 10
16 38 5 6
15 38 22 39
19 38 10 45
38 42 20 31
47 12 39 36
30 29 15 13
21 49 8 16
38 17 3 10
41 12 35 18
26 35 44 34
20 28 41 40
31 15 0 14
29 14 35 16
24 22 23 31
29 32 46 21
36 47 47 28
31 5 30 24
37 44 49 31
32 21 7 15
20 41 23 35
23 34 33 6
27 48 36 2
20 20 44 22
35 5 39 13
28 15 48 38
26 35 47 22
28 8 13 16
17 22 37 33
42 39 43 15
12 40 16 27
23 43 39 15
34 42 37 35
23 14 26 31
36 4 34 7
24 28 22 11
21 22 37 1
46 28 20 38
40 30 0 19
9 29 45 37
47 18 25 23
27 9 31 15
27 10 0 13
32 6 34 27
29 29 33 11
33 2 20 4
5 25 7 12
30 39 20 16
1 40 9 20
39 8 1 4
24 23 29 22
26 5 22 33
36 27 3 10
31 4 39 23
23 44 39 15
27 15 45 0
38 42 43 15
43 32 16 37
33 8 9 34
13 37 37 43
14 38 34 10
22 40 20 5
45 16 44 46
31 10 40 23
46 15 47 26
28 35 13 0
28 2 40 10
