50 318 11618 800
34 48 5 3
48 23 16 46
11 38 20 27
37 23 28 23
24 30 24 46
23 47 13 49
46 21 17 18
34 42 46 48
39 39 28 34
6 47 39 1
29 23 17 47
44 12 13 45
44 13 15 43
25 48 5 9
20 43 35 40
41 21 16 45
21 42 14 43
40 25 5 3
46 25 14 44
11 12 25 4
28 42 17 42
12 48 15 9
32 23 16 47
44 3 14 48
15 34 27 19
46 13 15 43
27 15 4 7
37 35 34 45
35 8 15 45
39 0 16 45
8 47 21 27
4 12 13 46
40 41 29 7
40 10 15 45
0 5 36 46
33 18 33 1
16 16 19 7
36 1 20 42
39 45 14 41
41 20 12 9
46 17 10 0
34 29 15 49
24 33 12 35
25 43 17 47
45 35 0 9
32 42 16 44
45 5 5 36
24 46 17 2
28 35 19 22
49 5 16 46
24 7 25 33
14 39 36 27
45 43 10 33
31 36 1 11
41 8 19 34
2 5 16 15
38 42 8 19
45 26 32 18
36 37 14 40
23 34 12 24
28 45 13 5
39 48 16 44
44 10 15 40
44 24 32 31
37 12 16 46
25 46 19 45
8 49 12 6
29 7 15 46
25 44 17 48
25 34 41 25
28 35 28 45
44 15 12 41
11 26 35 13
36 29 17 44
41 9 18 15
10 45 12 12
5 9 13 44
35 42 13 47
29 43 6 22
34 9 18 49
16 26 13 47
37 32 16 21
14 49 27 44
12 39 14 48
42 16 26 30
9 47 20 5
30 31 4 4
40 10 19 2
44 13 19 44
33 2 6 8
33 36 14 25
29 36 9 45
40 9 7 40
43 10 17 48
49 14 18 43
22 40 12 9
38 8 29 36
17 41 7 25
22 26 17 43
30 10 20 45
16 49 2 19
6 48 16 11
47 47 15 48
33 49 12 17
39 39 23 1
22 27 18 45
44 15 10 9
12 24 6 22
35 36 9 2
32 8 3 27
4 46 9 4
32 34 30 22
26 42 21 19
40 15 40 47
29 26 0 25
35 4 14 25
33 9 20 4
38 35 24 40
28 21 14 48
40 22 20 27
37 48 17 8
23 41 15 46
5 7 22 22
39 9 12 45
24 15 32 47
41 24 13 49
36 29 8 46
27 11 2 15
35 15 14 44
46 9 30 26
39 9 9 47
14 24 16 46
38 9 12 45
19 40 15 45
37 34 13 45
38 9 25 11
49 15 28 12
31 17 9 19
44 8 42 48
45 10 40 40
49 16 17 32
16 19 21 16
22 36 14 14
27 42 24 31
20 48 29 20
32 46 16 46
41 39 31 29
21 37 15 46
14 39 22 35
34 39 15 47
46 8 28 25
35 46 33 36
40 25 21 20
19 41 3 19
48 14 16 9
28 39 6 16
7 45 1 47
42 13 13 17
39 8 11 44
40 18 1 0
42 47 40 18
8 33 19 47
19 39 15 49
43 30 13 47
29 47 10 33
49 14 17 44
36 38 7 10
38 12 12 47
39 43 16 44
26 48 22 28
20 5 18 47
35 13 19 5
27 9 13 45
35 35 11 43
37 33 28 1
32 45 8 7
36 25 3 23
16 27 20 20
43 9 18 38
24 5 21 15
20 6 30 32
28 18 12 21
32 35 21 7
40 49 17 6
22 32 12 44
27 45 11 21
36 35 17 46
43 38 29 40
42 2 28 13
22 30 3 27
29 40 13 16
43 21 26 4
40 37 12 23
29 44 18 4
43 5 11 31
23 30 2 16
18 45 31 46
43 49 23 15
17 38 19 13
3 5 6 29
42 43 29 40
36 44 13 47
27 34 11 14
36 40 5 35
27 38 20 42
33 16 22 32
23 32 16 1
42 14 31 46
14 7 5 13
37 48 4 20
27 38 13 45
34 47 14 42
36 14 18 46
3 0 16 45
10 48 5 3
18 45 12 14
7 49 35 13
35 45 15 45
13 41 27 17
33 40 34 14
18 33 23 32
38 29 15 41
42 41 15 47
45 39 33 30
47 10 23 2
32 1 31 46
41 14 17 47
44 17 24 11
29 24 18 47
35 45 17 21
20 29 38 40
6 14 13 44
17 36 15 46
20 40 15 16
35 48 13 44
30 35 15 19
20 28 4 19
37 41 16 47
39 23 12 47
39 25 5 31
44 43 33 30
19 47 14 44
32 1 30 10
1 13 14 9
34 41 23 15
17 45 14 48
41 47 24 25
47 34 14 38
27 37 10 29
22 14 10 4
23 45 8 23
25 13 35 43
27 27 14 17
37 12 0 4
20 33 29 49
36 8 13 42
30 41 1 7
26 28 13 43
16 37 17 44
38 41 34 47
42 17 19 35
35 42 30 9
9 48 19 20
45 14 14 29
33 27 14 45
0 12 14 45
41 8 16 46
40 27 7 5
33 38 19 46
3 34 2 20
29 38 23 10
14 34 41 10
6 9 5 28
2 42 18 49
24 30 15 45
34 7 15 42
25 46 6 13
25 37 11 19
4 30 24 15
3 16 12 41
9 31 30 3
5 2 15 46
40 42 12 44
19 30 18 45
30 26 10 33
31 31 0 25
22 41 16 39
45 13 35 41
13 40 15 46
5 45 9 47
45 28 20 5
35 43 15 26
23 37 5 35
49 14 21 45
38 30 18 21
44 33 16 14
34 10 14 17
33 8 17 48
7 21 12 9
7 3 17 45
33 25 27 17
38 14 29 9
23 31 20 33
21 41 0 4
33 40 13 48
8 43 19 9
16 5 28 5
33 38 2 33
7 12 11 45
28 15 27 22
15 42 14 48
24 18 13 30
34 37 10 44
33 40 13 21
37 18 4 18
7 48 13 42
42 22 19 48
10 6 14 47
