50 107 17969 800
35 42 0 40
33 8 8 43
41 22 11 29
24 23 16 14
22 30 22 47
38 3 25 42
49 13 24 41
38 6 4 49
28 36 33 38
30 23 28 30
29 35 20 34
27 36 2 42
41 13 20 23
45 22 28 35
43 5 6 35
44 23 41 19
7 14 21 14
24 22 23 35
42 30 0 32
16 25 23 37
45 32 27 44
13 32 23 35
47 1 14 19
17 32 33 20
22 45 28 5
17 46 26 38
46 28 22 34
34 39 9 25
41 23 30 37
44 0 25 37
32 23 25 30
11 29 10 7
46 9 25 40
31 43 0 42
36 37 22 38
41 25 31 16
40 13 24 39
24 37 7 38
32 47 25 40
43 39 27 19
22 36 27 30
39 26 24 37
37 6 21 33
31 30 29 37
13 28 28 33
36 23 25 38
18 37 24 39
36 16 27 36
39 14 18 35
32 46 31 25
22 24 18 28
39 10 21 37
46 28 34 16
43 9 22 19
33 21 32 30
20 4 20 30
47 21 20 42
42 29 29 24
7 17 12 22
34 34 1 31
37 30 30 34
37 0 7 41
39 41 28 36
45 10 24 21
45 16 16 26
26 39 28 35
12 25 28 20
13 32 24 32
18 41 2 33
39 13 42 27
23 21 23 30
39 6 19 32
23 20 24 37
18 27 16 47
15 35 21 29
26 34 14 31
22 10 25 6
22 31 28 36
32 41 11 33
42 19 14 25
27 8 17 13
31 14 1 37
31 6 23 38
34 20 16 18
4 13 14 10
37 13 22 26
11 30 28 34
39 38 1 23
39 30 27 40
28 24 39 2
14 20 26 40
36 7 32 11
8 24 29 33
3 13 25 33
16 4 12 41
47 35 17 44
29 48 17 14
30 27 13 47
17 18 28 20
29 7 24 39
41 12 11 7
45 0 25 38
39 41 10 31
31 22 23 37
42 16 25 20
29 46 22 14
14 33 9 14
