50 194 16082 800
34 21 20 35
13 23 42 14
46 22 33 25
32 20 8 12
48 33 21 33
9 21 19 36
18 0 20 34
36 35 10 24
36 23 39 25
26 28 31 14
5 12 15 17
36 39 16 37
27 23 3 21
31 20 14 17
39 23 16 17
25 20 19 31
22 11 13 11
38 23 22 33
18 5 25 6
22 39 22 30
40 43 10 26
39 24 20 5
34 3 10 20
19 23 8 4
31 22 17 31
19 8 13 19
17 5 14 17
29 41 18 22
0 14 21 44
26 18 13 24
29 45 10 31
18 15 26 21
2 12 20 30
31 2 31 10
32 9 19 0
29 1 34 9
30 28 22 5
31 14 21 2
20 24 19 12
26 30 27 3
31 28 9 28
4 26 9 19
24 42 47 19
23 44 27 4
12 17 13 25
44 24 21 3
24 30 13 19
8 22 14 15
22 27 13 15
33 26 18 28
28 26 6 17
0 23 15 16
7 29 22 33
29 43 42 17
24 15 23 4
26 26 33 29
18 23 28 36
40 40 21 2
27 5 17 12
34 22 12 24
31 22 18 46
13 32 48 29
35 28 13 42
36 28 21 32
37 40 16 44
10 0 12 17
37 32 15 10
41 29 17 7
41 16 46 3
37 12 13 40
38 13 7 23
34 14 25 9
40 18 20 27
30 42 15 24
34 18 24 5
33 1 14 21
36 19 18 31
36 31 23 30
40 23 11 27
26 22 12 22
17 3 14 6
9 19 20 28
18 37 4 28
26 15 10 27
35 21 21 33
39 22 0 23
23 45 10 15
35 19 11 31
33 25 28 21
39 21 16 23
32 6 10 14
10 22 26 4
39 29 8 27
22 0 9 9
24 16 25 8
27 12 14 40
39 22 14 17
41 37 19 28
44 26 37 16
42 24 18 32
20 3 29 11
37 16 22 35
30 26 32 16
37 28 18 34
28 33 12 31
34 38 16 33
45 27 9 13
44 14 11 28
37 36 33 45
40 38 24 23
25 19 15 35
4 16 20 35
47 0 25 20
33 31 12 18
23 33 27 10
38 37 21 6
33 33 11 20
40 49 6 27
1 48 12 17
26 35 42 31
30 21 41 30
10 8 19 28
41 37 6 16
21 19 24 33
6 21 7 27
37 21 32 1
42 24 22 34
21 8 49 18
33 46 34 4
31 23 15 17
36 24 23 32
20 4 5 33
27 12 7 35
20 3 12 10
15 6 13 24
35 24 20 32
4 15 32 12
27 20 12 16
15 36 2 38
12 16 39 10
28 33 13 26
27 40 31 2
36 45 22 19
2 29 12 20
43 14 7 37
25 35 3 36
17 15 4 34
10 16 27 6
37 18 32 10
41 37 31 31
0 21 27 2
26 2 8 16
36 20 41 22
7 12 10 17
36 41 6 18
14 5 19 31
24 10 20 30
27 1 10 18
24 11 9 24
30 28 31 13
36 38 19 33
35 15 6 33
37 49 12 18
23 0 19 32
6 24 26 13
14 0 25 37
34 32 12 22
33 37 22 29
13 14 17 19
26 27 17 19
38 17 8 14
15 22 19 43
39 20 24 5
1 23 25 9
39 18 18 34
20 26 10 43
31 31 20 44
24 5 23 32
34 28 26 3
30 22 48 25
28 17 4 32
40 25 42 14
39 41 16 42
30 6 12 14
4 19 8 24
34 14 24 4
25 21 15 23
47 22 19 27
30 32 18 33
31 26 20 29
29 14 17 32
1 32 16 26
28 30 19 36
39 8 22 11
