50 816 19228 800
41 19 38 36
20 8 24 35
45 35 44 8
7 33 33 22
41 33 38 17
23 7 16 39
21 6 18 13
17 10 27 14
22 5 6 19
48 40 42 12
42 39 43 35
21 6 40 24
44 25 28 7
8 25 33 15
43 38 46 9
43 37 44 17
30 36 14 41
38 47 26 26
47 33 43 7
46 39 44 14
39 48 45 14
28 34 37 13
45 39 21 4
41 40 47 7
26 31 28 8
30 34 43 0
32 48 49 11
3 27 12 25
20 3 36 20
48 44 19 4
44 38 32 48
13 20 45 8
24 8 46 16
42 36 46 12
22 8 32 19
31 19 45 13
42 43 45 12
19 3 44 21
29 29 41 8
38 37 22 11
37 35 48 15
21 2 43 37
20 6 17 1
17 6 10 18
46 39 1 41
48 5 46 15
10 18 11 3
18 11 15 31
24 4 30 8
12 13 40 9
22 5 8 13
19 7 45 10
27 3 48 14
19 27 48 3
36 36 25 28
19 4 43 14
41 13 31 18
4 18 14 8
43 38 36 14
18 5 42 14
40 17 44 2
47 43 15 2
25 37 45 7
42 31 8 20
24 10 47 14
49 19 17 4
37 38 42 9
44 38 27 6
42 29 49 3
26 36 19 2
21 1 10 3
38 13 45 14
36 36 41 14
42 32 23 46
21 8 30 28
47 17 40 41
44 39 18 11
40 44 40 7
45 22 38 6
45 21 35 11
17 4 14 29
38 49 48 42
41 2 45 22
46 43 24 10
32 39 36 27
22 47 42 36
40 10 41 39
32 45 42 45
45 35 46 6
38 39 14 34
48 44 17 14
31 40 24 2
24 38 42 47
40 28 17 22
45 48 45 5
46 39 37 30
20 6 44 37
20 49 43 35
17 2 32 34
22 7 46 12
38 38 10 13
24 0 13 21
12 34 49 9
20 7 31 31
23 43 41 37
44 6 23 19
47 14 42 10
40 45 45 39
41 41 13 4
1 15 46 32
39 8 28 26
44 34 47 12
44 3 43 12
48 38 44 11
49 14 25 49
20 4 41 6
13 1 14 25
20 9 42 12
41 38 35 16
41 32 35 36
41 31 21 0
26 3 47 14
47 45 25 3
21 4 47 35
21 48 15 26
40 44 38 34
39 35 43 11
42 38 46 16
37 49 27 12
41 18 35 36
3 5 24 22
20 6 44 32
12 7 32 1
34 29 45 37
29 16 48 10
35 29 25 40
33 44 43 0
8 22 26 17
18 45 25 38
27 30 42 11
18 6 15 8
7 25 9 35
22 37 18 21
19 12 49 0
3 28 6 17
41 33 39 16
38 37 46 8
30 37 12 14
42 48 28 23
24 2 44 12
7 31 48 12
46 42 17 8
40 46 23 31
15 24 25 37
36 34 46 15
19 2 24 49
17 43 12 3
42 26 44 34
18 7 34 31
25 14 36 20
32 4 44 4
31 46 49 14
31 42 27 43
23 6 39 34
30 46 44 12
25 6 41 14
45 49 45 10
45 10 40 4
5 27 42 15
47 33 46 5
45 49 34 6
44 21 41 14
44 22 30 40
48 39 28 23
42 21 37 6
39 44 36 4
45 41 44 37
25 10 24 41
34 46 41 11
8 17 41 36
25 29 40 41
20 11 48 12
16 9 26 9
36 25 25 3
46 22 8 8
21 6 38 2
4 39 18 0
49 45 44 14
49 38 17 3
47 35 28 26
19 10 47 16
9 26 41 8
29 18 20 0
22 6 42 36
48 44 12 6
32 47 36 11
20 7 38 18
19 9 42 10
43 47 46 13
38 13 17 6
32 49 41 16
44 34 29 2
45 33 40 29
33 36 42 20
43 45 49 1
47 49 30 37
41 5 11 38
47 34 34 20
45 46 22 15
46 31 34 30
39 36 8 19
23 5 13 6
46 46 31 32
47 35 45 24
22 43 17 23
21 4 9 8
20 6 21 15
5 27 44 13
14 8 44 11
47 19 36 0
38 41 46 10
42 39 46 11
22 8 27 24
38 24 29 9
48 36 45 11
48 49 26 46
43 33 26 46
27 43 37 31
36 29 49 10
13 10 13 0
39 23 23 13
32 22 44 15
39 44 44 11
26 30 21 12
25 2 30 24
41 34 3 1
8 14 43 12
43 31 44 24
43 43 13 2
42 48 23 28
28 41 38 17
44 28 35 21
22 1 10 8
40 48 42 33
39 40 26 29
40 41 43 12
27 35 45 36
37 44 27 39
33 47 40 9
23 30 17 40
15 22 27 37
42 30 42 35
45 32 31 11
34 28 35 41
17 25 43 2
47 42 21 18
35 38 34 3
3 27 43 35
28 46 20 28
44 42 42 37
19 6 33 7
30 32 35 42
36 46 23 17
47 38 35 12
43 38 41 1
44 29 41 12
23 25 43 10
22 1 23 12
37 17 49 8
4 26 22 14
35 42 42 36
33 37 18 6
40 8 26 18
45 46 20 42
34 37 18 32
29 42 41 13
7 31 44 39
22 6 35 40
49 29 32 38
43 41 21 1
25 12 38 3
12 16 44 15
37 49 42 12
17 4 28 31
23 2 18 6
21 12 16 10
44 39 20 29
20 2 22 29
38 33 35 20
38 37 34 8
14 34 47 10
22 3 30 8
3 18 6 36
42 46 44 6
20 4 20 29
19 6 39 27
6 23 48 18
43 30 46 12
22 4 27 40
39 34 22 3
29 42 2 22
21 7 42 42
43 46 36 26
24 6 44 13
32 31 40 37
44 39 44 11
19 7 43 33
21 6 19 0
33 48 43 9
47 42 23 2
26 32 18 18
18 5 17 9
25 8 13 31
25 30 43 17
4 15 33 28
39 45 18 5
19 6 22 32
5 3 46 13
40 15 26 30
25 46 44 11
45 37 45 13
22 7 21 0
1 9 45 11
39 41 25 47
42 34 43 11
29 33 35 24
33 35 16 11
8 32 44 15
22 3 28 18
33 8 44 11
19 4 47 11
25 29 27 23
28 31 43 10
41 28 46 17
34 28 21 2
23 8 40 1
43 13 47 8
48 28 44 13
28 45 13 5
42 11 21 35
33 36 44 13
20 4 8 3
30 38 40 8
46 18 9 36
45 14 25 0
32 16 16 2
37 33 10 28
22 1 40 8
4 1 9 41
15 13 42 6
45 15 23 25
44 29 15 31
33 8 44 10
45 39 34 30
47 43 44 5
42 37 10 16
24 29 30 5
25 8 10 12
40 35 33 28
21 29 28 39
22 5 44 11
41 29 42 14
46 48 46 8
31 26 45 12
31 34 22 12
33 41 32 27
25 34 41 37
37 42 47 14
43 43 13 14
44 26 46 13
41 42 43 11
8 11 41 12
19 4 38 10
44 25 40 34
21 27 39 19
27 43 44 11
17 9 41 15
41 28 11 19
37 47 47 26
32 35 46 12
41 49 27 14
49 1 35 8
46 37 38 0
48 31 44 11
42 24 17 38
25 1 6 33
1 30 34 7
42 44 13 35
31 38 42 40
32 34 20 38
40 36 8 39
8 24 34 10
43 19 46 16
28 36 19 10
44 17 37 43
39 35 23 7
31 47 35 13
12 27 22 3
35 13 30 18
20 13 29 16
30 27 44 11
22 6 30 13
39 44 48 13
24 8 22 43
25 8 23 18
17 4 16 12
23 2 41 49
5 28 22 6
41 27 23 1
19 7 23 36
16 4 4 6
1 2 47 13
30 48 10 4
31 22 43 2
45 42 46 10
7 38 16 39
47 41 18 27
45 49 18 31
18 6 18 24
42 49 13 6
44 42 43 34
45 44 31 4
26 29 0 11
33 40 13 13
41 30 46 14
18 15 42 14
46 46 36 36
49 39 37 42
46 45 24 8
33 33 47 49
41 17 43 9
43 18 28 28
43 39 43 14
46 46 29 40
36 39 47 16
4 27 46 10
6 32 29 25
35 47 49 25
47 34 36 6
45 41 23 11
30 40 36 3
43 38 17 41
35 20 33 24
42 28 42 12
40 40 45 14
36 38 43 9
7 32 23 3
2 1 26 41
43 44 49 7
27 8 45 12
49 46 15 5
37 46 20 37
36 38 26 32
48 43 13 28
33 8 44 36
46 29 44 17
47 32 44 13
42 43 44 12
40 33 33 17
21 10 10 4
41 45 12 24
47 40 31 20
46 41 24 1
30 10 17 30
41 14 38 25
43 42 44 11
42 41 19 13
16 17 41 13
3 29 23 9
47 38 21 39
42 33 16 28
44 36 41 13
38 27 40 3
24 35 39 35
33 46 44 36
1 26 15 11
40 40 17 43
15 39 34 0
33 28 48 2
7 18 43 7
18 27 46 10
23 8 46 14
42 49 10 45
20 1 42 10
48 41 19 7
43 42 22 33
49 46 7 22
27 23 45 26
27 3 36 5
28 39 30 8
47 45 34 8
34 23 3 17
18 39 39 3
45 17 44 8
40 24 34 12
19 0 27 22
42 31 47 12
20 8 43 19
20 29 16 6
33 30 9 41
48 37 45 12
48 47 38 5
23 7 44 3
42 13 44 36
23 4 23 12
48 33 27 1
40 46 24 4
47 15 38 27
24 48 4 28
24 1 30 22
26 8 44 15
38 44 22 2
44 7 21 33
40 34 43 7
38 43 48 15
7 10 32 13
34 30 47 8
45 49 30 7
36 35 8 3
7 0 33 34
25 5 11 11
46 43 39 15
21 6 47 32
20 6 45 14
49 38 26 28
46 38 48 0
28 39 38 4
33 41 29 3
48 10 21 30
41 34 40 15
45 30 20 38
44 41 20 7
27 22 44 12
18 2 43 6
17 7 31 24
43 47 22 31
44 38 18 0
24 6 26 24
16 5 19 22
45 32 24 6
40 0 41 13
47 34 45 14
43 14 15 23
29 37 33 6
19 10 41 13
48 48 20 11
41 32 14 48
20 7 45 13
47 37 34 37
21 4 43 6
25 47 43 12
38 25 44 12
37 36 33 1
38 22 6 14
0 14 44 10
10 25 11 4
37 33 20 41
40 45 30 39
44 48 44 29
24 48 43 9
38 38 34 8
31 18 43 8
44 32 17 6
4 29 14 11
45 47 38 15
42 11 13 6
38 38 17 11
9 31 44 32
24 48 13 2
39 42 32 46
46 45 40 37
6 24 28 6
40 29 44 38
33 37 20 18
28 35 47 23
5 27 25 1
25 18 37 14
40 39 29 15
3 27 35 20
44 45 47 15
44 38 47 13
39 31 45 5
13 6 40 13
25 7 44 11
18 6 45 30
38 29 43 15
47 35 7 38
4 11 16 3
46 30 24 6
47 42 19 41
40 41 47 32
47 43 26 24
48 38 44 37
32 36 7 4
21 47 38 46
35 35 45 14
25 8 40 36
32 42 28 30
43 40 23 18
34 40 38 13
20 8 26 20
42 40 39 31
14 5 43 32
41 33 30 4
38 30 19 21
23 6 44 33
35 30 30 31
48 44 37 25
33 37 44 31
3 25 28 32
19 34 47 5
19 5 39 32
29 15 44 9
49 45 18 6
34 6 12 13
24 6 31 27
48 3 41 13
7 22 40 29
42 24 38 14
20 4 45 17
40 38 25 3
45 0 8 24
42 40 44 12
37 49 18 30
48 49 41 34
40 49 6 23
42 25 33 42
48 43 29 28
36 41 18 4
20 5 46 13
45 41 45 34
49 47 44 19
19 6 45 15
16 17 35 26
45 7 22 23
30 42 45 11
23 6 18 6
32 35 34 15
14 7 29 47
22 5 43 8
13 6 44 11
45 19 34 3
39 34 35 8
19 2 37 6
9 24 25 41
20 6 35 22
33 41 43 11
41 41 39 4
42 33 42 9
43 24 11 5
23 0 41 31
43 33 22 2
44 49 46 22
34 35 39 42
35 4 26 21
25 12 19 20
24 9 42 34
26 31 45 9
46 39 43 30
35 32 13 2
38 37 29 26
27 43 44 10
30 26 29 12
43 44 43 12
47 37 44 9
45 30 25 39
42 27 21 3
28 43 40 17
36 31 46 12
23 7 34 23
22 5 18 3
40 46 38 11
21 42 9 0
32 19 25 32
46 46 12 20
22 27 36 11
43 29 44 10
38 40 43 16
22 7 17 35
44 41 35 17
45 32 43 36
22 10 48 8
18 5 45 13
40 47 32 47
46 33 23 3
48 41 27 6
41 30 43 38
44 31 26 31
27 3 44 32
46 30 43 12
14 40 48 3
24 4 29 23
39 27 29 18
7 39 41 32
39 11 35 31
25 18 46 8
15 3 43 37
5 25 42 35
46 49 20 11
21 11 43 12
47 46 41 12
22 5 15 5
46 45 32 3
49 44 38 37
29 37 40 7
37 13 36 9
49 48 25 28
22 6 30 34
35 46 33 38
11 19 24 8
48 40 24 41
28 28 45 1
3 26 35 24
48 8 43 31
45 44 4 31
30 25 39 38
44 48 42 36
37 14 48 4
39 28 47 13
42 14 36 29
33 30 47 15
19 4 35 8
33 44 33 21
46 24 49 13
32 18 43 32
44 29 26 39
36 36 38 20
39 17 43 13
42 28 42 10
39 11 18 6
41 37 22 5
14 22 48 5
46 35 41 37
15 6 43 32
49 32 43 39
40 26 16 15
35 22 49 10
10 24 34 27
19 2 22 11
41 4 21 6
24 11 41 17
47 21 39 36
43 36 34 29
47 23 33 23
44 48 37 29
40 38 40 10
44 38 43 3
45 42 45 14
17 9 6 33
41 36 22 3
44 47 43 10
49 33 32 15
24 4 43 13
3 28 48 11
22 5 8 42
32 41 41 36
19 3 48 14
23 20 44 33
40 26 22 6
39 36 49 16
46 45 20 10
24 6 40 9
48 40 30 19
13 5 42 10
38 27 45 34
36 36 22 19
41 24 45 2
35 37 39 13
19 5 40 36
19 34 20 10
47 11 42 33
22 2 42 10
29 6 43 44
3 14 46 10
48 35 44 9
47 45 23 14
27 4 32 45
22 0 20 42
36 5 30 6
31 30 44 34
45 48 44 11
39 40 38 35
36 25 45 14
18 5 31 22
5 12 10 11
26 9 39 9
9 24 31 24
35 35 44 10
16 7 37 43
26 10 40 42
20 5 28 25
22 5 42 39
27 6 40 33
22 34 45 19
35 30 28 33
36 11 10 9
45 42 45 12
35 7 42 14
11 21 48 42
37 40 21 25
44 21 46 34
41 24 5 20
41 43 44 38
45 32 12 33
37 22 14 36
23 36 44 13
35 17 23 9
46 45 41 13
17 3 28 39
15 43 13 48
5 28 47 10
43 45 47 13
21 3 25 31
16 28 42 13
47 22 26 30
27 30 46 25
