50 290 14455 800
14 17 26 10
3 43 33 41
34 39 17 46
19 32 4 40
40 28 29 38
21 4 28 0
22 2 14 43
33 24 29 7
22 20 7 38
41 32 32 42
38 37 28 6
43 25 21 2
40 37 42 29
33 43 12 41
3 45 17 14
5 45 43 29
26 41 20 40
3 32 9 43
35 31 19 36
0 32 9 45
49 20 6 13
24 24 44 12
14 5 25 1
14 29 29 17
13 30 28 37
37 41 28 13
47 38 19 5
9 28 29 49
17 17 3 35
20 14 30 14
8 36 34 7
34 15 14 47
23 42 13 24
36 44 33 4
14 26 19 8
1 13 10 37
18 41 21 46
40 20 44 25
40 17 19 39
22 6 35 42
40 27 30 18
31 38 21 45
34 41 47 7
23 44 10 43
2 13 21 2
26 29 18 13
9 40 3 37
49 14 8 36
17 37 33 26
31 10 23 37
10 25 26 5
11 10 26 7
16 34 10 34
32 17 29 31
8 19 36 22
26 15 35 41
11 24 6 38
21 32 17 11
17 48 33 43
37 41 18 40
30 36 22 9
40 39 43 47
37 29 26 17
43 25 26 30
22 37 49 13
28 44 32 2
31 31 18 22
25 2 26 48
29 30 34 40
17 45 35 9
36 38 34 43
4 31 25 7
17 30 30 43
5 30 29 13
9 43 15 35
34 30 33 46
14 15 4 32
31 5 34 45
9 33 15 14
2 34 19 43
49 27 31 40
24 45 3 40
5 26 5 43
25 44 40 1
46 1 25 10
18 36 4 35
38 34 19 44
42 25 6 34
28 44 28 9
17 26 32 44
5 17 23 3
31 36 22 2
29 19 11 0
7 31 34 45
45 35 34 8
44 33 13 39
7 11 12 2
9 11 19 44
39 35 46 2
18 10 31 42
33 33 32 40
24 40 2 2
27 42 16 46
17 24 48 32
23 29 49 17
23 45 25 5
33 17 36 13
6 37 26 20
32 18 31 39
41 27 18 38
15 34 11 11
2 31 1 37
21 28 15 17
6 25 32 7
38 6 6 41
21 30 21 44
11 2 34 43
5 13 11 44
8 33 36 42
41 34 22 12
30 6 14 5
32 40 30 31
27 36 37 27
36 35 17 45
9 26 0 41
37 34 6 33
21 28 27 12
34 6 41 37
38 5 15 1
22 6 31 23
37 30 22 10
26 43 19 46
36 21 33 43
37 37 4 32
8 49 31 46
36 37 15 44
31 17 19 13
28 17 9 0
25 22 19 36
3 10 45 6
43 23 27 2
11 33 8 42
6 0 29 2
34 31 29 1
40 33 17 0
30 39 15 27
42 33 30 43
39 8 32 48
15 30 34 13
31 30 10 27
19 28 6 34
20 40 3 38
30 42 34 19
2 40 19 10
18 45 26 11
39 33 15 44
3 15 4 34
24 13 22 9
35 47 17 36
10 28 37 6
40 19 29 44
34 8 11 46
31 31 36 2
24 7 24 2
3 10 3 39
15 22 9 38
34 33 24 42
20 31 38 18
38 37 44 31
45 6 20 10
29 33 31 43
20 30 13 33
29 29 18 43
18 31 19 3
7 28 29 45
32 33 44 11
18 19 11 13
16 6 30 17
25 24 13 41
4 24 14 40
20 27 14 40
36 34 39 48
36 4 49 5
25 3 22 43
12 19 28 43
4 23 11 43
3 15 15 44
26 42 32 11
31 23 19 20
1 12 32 41
29 33 34 47
35 14 29 9
29 0 29 45
32 46 33 42
19 42 39 3
6 37 12 37
29 39 34 44
40 23 18 41
39 41 14 46
5 21 1 39
30 20 9 44
36 28 10 44
29 14 19 38
27 37 24 11
37 8 26 4
49 27 31 40
1 14 20 34
0 12 23 5
35 37 34 41
24 5 10 39
27 36 17 20
28 17 15 43
33 33 8 32
19 26 0 48
35 24 21 7
16 9 34 43
32 35 10 47
34 38 31 7
25 36 28 2
8 30 21 37
3 7 40 19
22 35 32 45
30 31 15 7
28 40 27 10
26 24 22 0
3 26 33 40
6 24 23 5
31 37 13 42
33 38 0 36
36 32 32 40
40 27 26 8
16 28 34 41
29 23 12 41
12 46 34 44
40 34 32 44
32 30 14 17
19 42 20 1
15 26 27 5
16 29 32 8
21 7 17 48
1 10 25 19
1 21 9 44
34 39 28 41
7 16 26 45
40 19 16 38
37 41 18 3
25 44 2 34
15 26 11 7
24 13 33 8
40 33 26 7
9 25 37 29
5 36 20 13
6 37 13 2
28 43 21 11
13 31 38 31
42 45 7 43
32 18 17 1
40 22 10 49
31 7 42 6
18 23 3 41
28 39 34 2
34 31 11 42
35 1 31 46
7 20 5 36
19 13 12 36
6 29 37 3
22 29 28 8
33 32 20 44
0 31 14 11
29 23 33 42
38 40 34 45
20 40 15 43
21 49 27 8
12 13 9 37
24 38 10 44
19 47 44 8
11 30 30 32
36 8 18 6
17 2 32 43
5 17 35 12
27 14 45 32
35 42 26 1
24 11 19 44
13 40 14 46
32 45 35 3
24 31 9 38
6 14 41 27
38 3 39 10
30 40 7 41
14 4 17 14
