50 97 13041 800
43 44 26 1
40 34 26 0
27 43 35 42
37 32 34 44
47 46 13 5
39 33 24 4
26 36 32 19
35 32 6 13
40 31 14 10
36 36 22 0
40 29 31 3
12 27 27 2
24 38 37 13
27 44 11 3
24 36 37 49
27 48 17 13
47 48 20 7
41 32 26 2
2 33 7 21
39 29 28 0
6 28 32 10
16 42 23 12
10 26 27 3
39 32 8 4
20 46 22 4
15 27 28 2
32 38 24 18
18 38 36 11
36 39 27 0
31 38 18 11
11 30 12 4
18 38 33 12
33 34 23 12
33 33 36 11
7 30 38 35
24 43 7 5
38 28 28 2
38 34 12 17
33 29 26 0
40 32 19 11
36 32 37 14
20 48 18 15
6 28 25 3
19 46 39 40
4 27 35 13
23 42 34 14
22 46 24 12
35 32 28 13
10 28 23 5
43 44 37 9
36 33 33 12
27 39 26 1
35 29 33 47
14 36 36 11
22 30 35 15
23 41 33 49
7 28 28 15
20 33 36 47
40 30 33 42
31 37 15 3
22 49 7 41
27 49 24 3
34 30 27 0
36 28 17 10
36 46 8 1
24 47 29 6
34 41 32 10
26 31 15 24
25 48 20 6
25 40 36 12
15 43 14 26
31 32 12 14
25 48 49 42
31 41 36 18
39 30 33 42
38 32 36 13
19 45 38 46
30 36 21 7
40 29 37 12
19 28 7 21
19 25 15 11
26 41 27 3
15 28 8 13
23 46 25 2
30 46 33 10
28 48 21 13
8 29 24 1
36 36 41 48
12 27 28 5
39 31 37 13
8 33 40 37
17 38 32 11
6 29 28 0
40 30 25 26
31 35 24 3
21 48 22 4
22 45 25 1
