50 141 18086 800
49 46 3 47
25 10 6 15
33 23 39 46
25 8 18 25
30 25 43 45
46 44 39 44
24 6 40 6
33 26 8 46
25 8 44 4
21 21 3 37
27 9 40 5
5 4 34 28
16 8 29 48
35 39 25 20
29 31 5 39
42 38 9 26
6 4 20 11
1 9 43 46
33 7 9 27
33 30 20 29
3 4 7 28
26 7 44 1
11 14 10 21
36 34 1 46
36 22 12 40
5 35 27 39
35 27 46 1
43 32 8 4
23 5 42 8
37 6 13 41
37 37 0 34
39 5 39 27
27 4 32 33
44 29 43 10
30 44 40 41
28 11 0 26
25 30 1 26
43 17 1 37
32 30 14 37
33 30 44 48
46 7 5 33
12 3 12 26
37 22 24 48
39 35 33 48
8 4 5 39
26 28 46 24
31 33 6 44
44 2 34 21
7 6 32 16
22 7 1 22
33 33 5 44
31 34 17 27
27 32 15 35
34 34 8 34
27 10 6 35
41 34 0 5
35 28 46 9
34 24 42 9
44 40 9 34
41 6 43 3
27 11 11 39
45 27 3 13
46 25 26 14
32 29 13 38
42 3 47 28
30 29 46 9
3 13 33 42
37 29 48 23
22 4 32 29
33 33 41 46
28 31 9 7
27 9 39 44
31 28 24 13
37 26 42 5
39 4 17 3
33 26 39 7
42 46 48 43
27 9 44 9
9 17 15 32
17 6 12 33
5 13 22 22
35 30 18 23
37 28 6 25
46 1 38 15
26 11 15 4
23 7 38 5
37 33 26 26
47 40 20 48
47 27 42 4
40 35 40 28
34 40 32 43
29 29 27 46
34 30 43 30
39 28 43 46
34 1 37 37
36 31 17 2
35 32 13 37
25 3 28 38
49 29 14 0
44 33 6 33
45 45 38 35
42 0 35 40
31 31 1 42
30 29 5 31
25 13 48 24
45 36 3 34
48 8 10 41
21 25 47 1
40 23 7 27
40 42 3 33
11 6 30 44
35 36 28 46
34 26 4 40
41 39 6 19
35 2 41 0
22 11 12 29
23 2 43 9
15 12 41 23
14 22 42 7
29 37 41 2
33 30 27 20
41 17 27 31
34 35 14 34
20 0 39 12
23 15 43 24
41 0 3 19
2 3 36 45
26 8 25 14
47 46 21 37
34 35 42 0
29 38 23 43
3 2 35 36
47 39 38 5
45 35 10 34
47 22 26 2
32 40 1 35
28 23 3 23
47 33 20 7
26 6 47 4
1 19 39 18
42 47 18 36
