50 999 14832 800
36 43 49 4
37 43 10 48
42 24 9 23
25 8 27 14
37 42 31 18
34 43 29 40
34 2 41 33
35 45 10 41
7 6 37 16
0 5 43 33
33 39 17 35
18 20 13 42
8 21 8 30
17 12 30 21
25 42 35 19
26 40 20 30
13 15 44 37
29 30 26 10
19 11 34 14
29 14 36 44
20 15 36 17
22 11 26 39
25 7 36 18
27 37 10 22
35 24 23 35
34 30 36 16
47 26 32 18
48 19 16 18
27 49 33 41
32 3 20 41
27 40 27 23
27 14 36 20
33 42 35 17
31 46 11 31
24 7 38 17
23 10 17 24
34 46 49 9
49 30 37 14
34 41 21 25
4 5 27 19
20 8 34 49
14 45 34 17
27 38 37 20
22 17 28 18
39 48 18 34
26 10 6 3
3 5 9 32
35 11 36 42
33 45 34 19
18 42 18 26
44 47 26 34
25 10 41 39
10 18 16 34
39 46 7 29
28 17 36 18
34 48 38 23
30 47 39 47
1 5 42 6
20 2 12 41
25 11 33 11
12 11 27 40
36 20 11 22
24 11 19 49
34 33 33 45
22 8 36 43
34 5 30 17
48 34 34 35
25 2 37 19
30 23 11 36
30 15 18 41
22 14 32 20
32 42 10 30
12 12 35 19
14 35 40 16
31 16 13 27
41 32 29 25
36 46 30 38
10 11 14 30
36 46 41 5
11 49 36 18
16 3 39 41
29 6 2 5
25 11 12 23
35 47 39 36
23 14 5 48
32 19 33 46
33 5 37 19
18 16 49 48
33 0 0 0
37 46 6 21
16 12 27 43
32 12 11 22
16 16 25 18
32 3 39 16
20 24 33 46
33 42 15 41
32 45 32 19
1 8 28 15
33 44 28 36
41 35 30 19
27 16 35 48
17 13 38 20
20 7 9 25
49 40 37 18
33 28 31 16
22 2 35 20
16 6 29 46
36 9 6 25
34 43 27 42
31 13 36 20
36 43 39 15
32 48 28 13
11 37 35 18
26 12 25 42
13 47 38 18
37 38 36 18
28 11 19 14
35 42 16 33
41 40 34 38
37 8 26 40
16 22 14 30
19 21 30 15
0 2 31 18
35 42 33 22
21 32 38 9
35 44 35 25
23 9 27 48
24 9 18 48
32 8 36 14
36 29 24 30
33 45 24 44
31 35 29 15
35 12 8 5
36 47 37 19
19 13 30 18
23 14 24 39
32 40 34 48
26 6 35 17
8 8 38 17
16 34 15 22
14 10 36 15
22 12 4 4
35 45 6 18
24 10 31 36
20 11 11 43
35 43 35 20
46 33 32 20
29 17 9 49
25 1 37 47
7 18 24 42
23 10 11 22
34 44 38 15
3 6 6 4
15 14 34 37
49 34 33 18
48 29 36 20
32 45 20 23
22 10 33 18
26 7 24 17
22 23 25 39
19 17 7 47
22 6 11 35
26 9 30 16
42 13 31 13
17 14 12 36
33 45 20 40
32 44 18 45
27 10 29 16
33 49 42 37
34 18 17 42
29 9 6 36
39 6 28 20
28 48 32 13
14 3 30 14
22 5 22 28
33 17 27 15
37 6 10 47
40 38 35 21
28 12 27 18
0 6 1 31
31 45 22 35
43 28 33 23
7 44 34 17
43 49 35 19
19 15 32 34
26 12 33 18
5 42 43 12
43 44 34 43
46 31 24 34
28 22 35 15
39 9 42 39
7 9 36 19
43 4 0 11
20 17 16 25
3 4 28 42
26 45 16 48
23 28 25 16
30 43 24 23
1 38 8 21
35 12 38 15
32 15 25 14
33 40 33 9
35 39 36 17
22 47 32 16
24 1 48 21
0 11 15 37
18 41 14 33
23 9 36 17
33 47 35 18
23 20 3 47
36 44 31 36
15 20 38 17
14 40 25 15
16 43 2 4
18 5 15 24
25 12 14 23
18 25 38 18
32 41 20 21
36 7 37 14
40 41 24 30
24 20 15 40
33 45 36 18
26 13 30 14
33 39 17 43
34 49 37 41
40 38 32 21
16 19 19 45
33 48 32 41
21 10 35 19
8 8 20 27
34 9 41 45
43 26 34 21
32 45 15 30
23 2 33 37
29 47 38 19
35 45 12 22
32 11 31 19
15 9 33 23
48 8 36 19
35 47 36 19
33 15 13 25
15 3 4 42
23 22 37 41
38 8 22 48
28 47 26 22
40 33 32 17
19 13 0 30
15 12 31 41
17 8 30 13
35 18 28 15
26 19 29 24
32 42 3 25
34 37 28 47
40 32 23 45
36 45 21 48
23 6 0 38
42 46 0 9
33 43 15 47
21 41 11 26
36 46 34 18
22 14 44 46
33 45 0 8
19 43 22 0
36 45 36 16
11 10 35 16
12 27 36 20
22 4 39 16
48 48 31 43
20 17 37 17
21 9 34 14
49 41 28 13
30 29 29 18
18 18 0 44
18 17 9 37
29 5 19 24
24 2 8 21
33 0 22 41
35 38 2 30
24 43 40 16
47 36 33 45
7 24 1 4
33 44 27 22
18 12 22 26
15 20 12 23
20 12 35 20
40 33 37 44
44 29 13 23
26 10 6 22
36 44 23 35
33 44 31 23
26 3 32 20
18 49 12 20
44 29 30 42
46 28 30 13
12 11 35 21
37 48 37 19
33 36 34 17
27 14 4 40
36 29 40 46
14 16 31 41
4 24 11 25
25 8 25 46
19 11 35 23
21 12 25 45
19 20 9 18
15 12 5 16
2 26 37 17
14 38 10 45
26 19 9 33
39 43 21 22
30 17 9 7
31 43 22 32
32 38 5 13
0 0 40 28
5 43 23 47
35 23 39 18
45 32 37 19
34 4 30 37
23 12 35 20
38 32 29 45
34 13 38 19
46 30 25 27
34 4 36 15
28 9 35 18
27 40 35 20
10 35 10 44
38 43 20 31
20 8 9 24
33 2 35 18
38 17 30 16
30 1 16 46
6 3 37 21
31 46 34 15
38 45 26 38
33 16 36 43
32 42 30 17
28 19 29 12
11 3 32 40
46 38 22 44
21 16 15 30
10 13 6 21
34 11 33 37
42 38 29 19
47 40 33 19
37 1 30 19
21 23 35 39
37 43 14 41
36 8 37 17
19 46 24 20
18 18 30 18
20 8 42 33
45 40 32 17
32 9 34 15
6 18 34 20
35 46 33 19
22 39 39 17
15 27 30 18
25 14 16 32
33 35 6 31
45 30 33 36
37 2 40 37
9 20 37 16
32 45 4 41
5 16 31 24
43 47 33 20
36 9 31 21
18 8 31 21
32 44 23 32
8 20 19 26
14 9 9 34
17 38 27 25
34 5 4 19
23 10 6 17
30 11 33 16
23 6 30 15
26 19 3 3
26 26 28 20
11 37 37 20
49 45 36 18
35 44 2 31
31 32 35 46
35 43 35 23
35 45 22 30
32 43 34 20
30 8 14 41
35 44 9 7
18 13 31 17
29 15 36 16
22 12 35 13
27 3 3 31
33 5 23 49
44 12 28 43
34 0 32 15
27 6 24 34
21 49 38 14
36 44 18 42
28 9 9 29
32 44 35 17
20 15 9 34
24 6 32 14
41 41 9 38
38 35 14 32
32 15 15 25
35 45 44 19
25 8 16 14
5 10 25 36
34 45 12 26
35 1 33 22
7 12 32 16
33 44 26 34
13 13 33 18
35 45 39 17
25 16 18 24
31 46 43 44
34 44 29 17
13 13 41 16
24 18 39 18
23 1 14 36
43 35 35 17
26 8 28 49
38 45 32 13
17 17 22 37
33 43 33 17
48 47 14 43
32 45 33 0
39 48 18 30
19 42 32 20
33 44 33 19
32 44 18 21
25 18 7 22
23 1 32 23
4 11 13 39
20 6 39 38
35 43 22 22
17 47 0 48
36 44 25 42
3 6 38 33
9 7 26 32
16 17 7 30
32 12 37 20
26 14 10 20
22 18 31 18
17 5 23 47
35 30 38 17
28 16 16 42
10 8 2 29
29 19 27 31
33 47 37 21
33 21 39 14
27 41 29 20
39 4 26 22
45 43 41 29
38 9 38 17
23 15 37 18
35 46 11 25
36 43 32 22
33 46 27 42
31 45 34 19
29 15 47 44
35 45 36 41
34 47 23 18
35 43 25 14
33 42 42 44
22 0 33 19
32 46 8 42
11 44 37 15
32 15 39 36
31 47 28 38
21 4 36 42
49 30 27 26
32 43 13 26
13 13 38 16
30 7 37 18
23 16 9 36
40 37 22 34
11 20 25 24
21 15 33 15
36 43 32 15
35 15 39 39
10 10 33 16
36 42 32 15
42 37 39 15
34 44 37 17
40 11 35 19
21 20 14 26
35 43 29 43
32 8 31 19
28 39 26 42
29 40 13 23
34 45 14 37
41 33 34 18
15 10 26 44
36 5 35 14
26 14 35 20
23 15 9 2
11 19 33 13
45 22 6 46
33 31 6 25
20 15 32 9
34 5 37 18
29 11 4 23
16 3 41 15
35 1 34 17
27 37 35 28
33 41 40 4
19 12 34 39
41 43 16 19
29 15 24 35
9 14 1 7
32 13 4 31
48 44 19 42
46 3 15 27
32 0 13 34
36 2 21 38
32 5 11 23
43 47 4 40
18 34 34 14
26 6 35 3
28 10 28 19
22 4 38 33
26 12 36 21
19 7 33 41
35 43 9 25
47 40 39 14
25 36 40 34
34 45 6 18
26 6 9 30
18 46 8 17
26 1 29 19
44 33 35 37
46 34 40 23
25 19 16 26
34 10 3 40
34 5 33 47
36 43 5 39
10 0 14 24
35 45 22 45
36 6 26 11
22 20 28 45
18 17 10 20
34 47 40 18
43 48 28 18
44 47 8 23
32 5 36 19
39 41 0 43
29 44 32 47
32 45 2 29
19 8 34 21
48 33 36 13
24 1 29 40
22 38 8 41
32 4 15 20
33 8 35 19
33 17 32 13
24 21 38 19
2 3 12 27
32 41 39 19
24 1 10 23
25 10 16 41
38 48 3 39
20 6 2 10
39 41 27 17
36 47 28 38
25 23 38 18
32 12 13 12
36 36 29 21
34 48 38 20
6 17 37 18
8 26 17 44
25 6 30 20
37 4 6 32
12 27 35 17
37 44 12 39
10 1 18 32
32 6 28 20
36 46 21 46
29 46 34 17
32 44 15 45
36 47 2 6
9 17 27 16
45 26 11 26
11 47 29 20
18 12 35 42
36 13 20 48
27 4 39 15
25 9 36 18
22 6 10 25
12 21 17 40
25 14 23 49
15 10 34 16
39 22 7 38
38 8 29 44
10 16 35 17
29 44 36 18
37 45 34 14
41 28 7 35
28 37 17 30
21 31 9 30
35 40 41 0
27 13 29 21
35 8 43 46
32 44 5 25
10 12 6 14
34 45 34 0
34 49 42 44
29 14 12 22
34 41 35 21
32 11 29 20
35 6 41 8
29 6 37 14
33 42 32 18
32 7 13 18
23 25 6 13
2 1 3 23
18 11 23 38
44 29 29 9
20 6 10 25
30 7 23 40
33 35 36 14
39 35 15 19
37 47 38 15
17 6 6 41
33 7 15 46
35 47 40 16
45 8 17 33
45 42 7 37
37 47 11 22
22 16 39 17
22 12 34 18
33 14 38 42
36 39 47 34
38 48 33 19
37 8 23 39
24 9 11 26
27 32 16 11
29 49 36 18
27 11 40 16
12 15 9 45
35 41 31 35
19 13 34 17
34 1 37 36
33 14 34 45
28 44 35 17
35 0 15 25
40 15 1 34
32 48 39 23
19 15 34 19
23 10 35 21
37 46 31 38
36 13 38 43
26 7 35 18
35 6 22 28
45 32 36 17
28 44 23 35
33 10 37 17
43 9 3 0
19 5 5 26
41 27 2 30
35 45 22 29
11 5 3 6
37 7 39 19
15 20 31 40
24 9 0 46
35 11 37 20
31 39 34 14
17 41 38 44
32 46 14 38
2 8 35 23
37 45 36 22
31 42 33 15
7 12 14 28
38 45 36 17
47 24 1 45
33 38 30 13
32 6 36 17
32 43 35 14
17 26 37 34
34 6 33 47
26 17 32 36
30 1 34 12
44 31 14 41
13 7 38 21
31 1 14 38
49 34 36 18
13 26 2 32
28 41 30 16
33 44 34 19
10 19 41 45
35 42 39 45
37 43 29 18
20 18 13 26
31 6 15 28
29 36 20 44
31 15 39 17
32 5 26 34
38 41 16 32
34 45 11 21
36 7 29 22
47 25 23 36
21 42 28 18
20 17 36 18
24 5 29 32
17 26 13 27
49 45 20 45
36 43 34 17
48 17 35 16
39 6 38 14
31 44 13 13
34 44 45 48
26 14 33 21
7 17 35 14
33 44 24 17
43 49 35 40
47 49 42 34
18 16 29 47
5 15 32 22
35 11 3 17
10 37 41 17
39 39 20 44
14 9 18 35
27 12 18 36
29 44 5 17
39 8 3 13
1 9 34 17
30 46 47 33
25 14 21 31
32 45 9 21
26 2 25 46
40 38 25 34
35 46 37 19
38 36 30 15
9 10 33 16
32 6 2 7
7 32 36 18
24 17 18 39
12 18 35 19
19 25 8 6
31 17 36 19
30 14 32 17
6 8 30 16
28 8 29 45
34 43 37 13
41 7 36 14
30 8 13 22
28 47 31 17
34 3 30 42
40 5 35 14
19 1 4 27
34 44 27 27
8 10 31 16
27 31 21 25
26 43 16 28
19 9 7 26
24 5 33 19
40 12 32 16
31 4 41 18
36 9 37 16
36 45 34 16
33 45 13 35
37 21 16 21
19 21 19 45
36 34 39 19
39 3 25 38
33 45 33 14
38 4 41 38
14 12 27 38
25 8 36 19
14 11 34 18
36 1 17 38
18 19 19 2
24 45 38 20
27 10 32 17
36 1 36 18
3 10 37 16
28 41 21 47
40 31 13 6
31 4 4 10
27 9 5 14
10 13 39 18
8 21 4 10
35 5 36 41
26 16 37 16
36 1 28 42
31 16 39 22
35 7 25 18
34 41 27 37
21 13 43 41
44 38 16 22
49 33 11 31
35 8 18 29
43 13 6 34
24 12 37 18
41 12 19 23
44 12 11 43
30 45 36 10
41 39 16 27
36 45 40 18
33 36 38 17
36 43 48 34
39 32 3 11
30 16 32 21
37 43 13 37
32 16 39 17
46 35 8 36
6 6 29 18
30 42 32 18
28 20 1 6
29 9 1 31
32 42 34 19
28 11 35 37
33 46 18 40
33 42 30 13
42 7 10 18
18 23 24 43
41 31 41 42
49 29 35 16
44 28 38 16
11 25 5 39
29 41 29 17
20 13 26 38
30 16 35 19
33 41 48 44
33 43 37 18
30 15 30 31
14 10 25 47
31 5 43 19
19 16 33 42
19 30 32 19
15 21 36 21
35 47 3 49
14 17 7 41
41 40 11 35
31 28 6 21
22 6 32 19
12 5 34 35
45 19 12 39
29 49 27 18
30 8 29 17
5 12 29 15
43 0 1 19
42 29 37 17
25 16 24 37
26 1 14 41
14 9 35 19
43 49 49 49
28 8 34 17
35 47 31 18
25 18 39 15
32 10 14 22
47 27 13 32
26 1 25 16
9 7 32 20
36 10 15 23
22 44 2 38
43 16 37 23
6 30 5 18
31 45 6 29
24 29 33 18
21 43 19 38
20 11 38 19
0 8 12 20
40 43 43 41
33 12 30 17
30 11 33 23
20 16 36 20
30 5 37 22
29 30 28 18
11 15 31 40
31 6 9 32
19 15 39 17
34 43 37 14
3 8 36 46
47 45 16 38
30 38 22 48
34 44 13 23
26 8 30 16
43 17 16 25
42 42 19 16
28 4 32 16
17 22 29 47
31 15 8 30
33 49 12 47
43 7 37 17
27 23 14 22
4 3 1 30
30 4 37 19
9 49 27 17
33 42 35 17
33 46 36 16
34 19 23 24
22 8 36 24
34 40 15 49
33 11 41 37
32 5 34 21
36 38 37 18
48 21 35 21
0 6 15 33
18 19 22 43
1 49 35 16
36 26 35 17
12 13 11 25
34 44 41 30
27 36 14 48
23 24 3 32
33 44 35 19
36 48 9 19
35 42 5 1
29 0 18 23
5 19 12 29
12 16 35 20
37 5 13 35
22 9 36 18
12 15 14 26
19 48 35 15
32 42 4 16
29 16 24 42
15 17 4 26
44 41 29 37
30 46 20 25
13 13 18 49
35 48 33 21
34 5 27 18
37 14 5 42
36 10 38 16
37 46 10 22
37 46 13 43
34 26 37 17
36 1 20 25
26 20 21 32
33 44 40 17
28 2 35 19
33 46 7 14
16 29 19 41
30 35 38 15
17 5 31 49
5 8 40 17
42 46 12 21
19 40 31 15
49 33 38 14
33 21 37 18
19 18 15 27
42 37 30 20
25 14 23 44
17 22 15 31
20 12 35 20
19 49 31 16
24 5 29 13
30 42 13 19
31 6 39 45
22 16 29 47
25 44 30 21
17 6 35 47
22 6 0 5
25 17 21 47
35 43 21 46
34 48 37 19
22 19 36 18
20 4 35 17
15 16 7 25
16 17 30 17
27 12 19 29
34 43 14 19
34 47 11 25
16 32 14 24
16 17 6 31
27 11 38 20
5 3 13 32
34 39 21 33
22 13 7 18
46 23 28 40
42 2 3 5
9 31 34 18
29 1 40 39
27 17 4 23
34 43 27 21
35 6 13 43
30 44 12 29
9 13 37 49
34 43 18 41
34 4 10 26
39 25 15 27
29 41 34 44
41 33 38 42
35 7 37 18
23 16 11 29
30 48 38 43
26 8 35 18
38 23 37 18
21 16 28 46
10 47 6 34
42 33 5 7
19 47 35 20
36 45 36 15
26 15 34 18
35 47 30 18
30 45 1 5
34 42 8 31
37 33 21 36
19 20 25 28
