50 190 15932 800
30 40 28 8
48 47 15 23
26 40 35 49
4 19 31 44
22 16 29 37
19 10 37 46
11 9 40 34
14 12 43 49
27 37 18 27
29 37 40 38
28 26 31 20
16 17 8 42
43 17 33 40
14 14 6 43
32 28 27 27
11 8 26 35
44 48 13 19
33 35 47 46
22 34 38 41
36 25 19 48
32 36 45 36
7 8 38 48
32 42 22 24
11 20 5 47
33 17 26 31
26 17 12 18
2 10 6 20
15 19 28 28
31 5 19 26
20 19 22 28
11 23 28 25
19 19 13 25
36 26 29 23
12 1 29 28
15 11 9 37
17 44 46 30
16 35 12 43
5 12 18 30
10 21 34 28
27 41 42 36
48 11 27 30
19 12 47 30
21 17 20 29
32 1 34 34
26 26 24 15
2 2 8 39
28 17 32 47
26 37 20 49
33 9 16 37
39 13 41 47
21 12 28 32
10 25 33 23
10 14 20 27
28 42 12 36
10 41 31 28
4 35 22 31
20 24 31 34
29 48 39 39
3 11 44 49
27 46 21 47
42 31 20 37
23 3 38 35
23 33 23 23
30 33 29 40
32 7 27 28
38 15 44 37
34 18 18 26
14 5 21 35
17 3 23 30
7 32 28 26
25 34 41 49
3 36 28 48
17 21 12 31
15 14 43 32
18 9 7 24
34 47 25 24
41 39 46 49
29 32 40 31
17 2 14 24
23 40 43 32
32 11 31 30
12 10 37 23
14 15 10 19
34 5 5 22
28 35 30 24
40 42 17 40
38 47 41 49
26 10 17 27
42 45 35 37
23 41 5 33
20 49 24 45
24 46 36 49
19 12 41 30
37 21 49 48
4 23 31 33
9 23 35 28
27 47 30 32
26 16 21 28
13 12 39 35
25 34 19 27
4 22 6 39
33 11 21 24
26 39 29 21
9 12 5 28
24 40 25 28
25 33 40 28
28 35 26 23
27 38 28 32
38 38 35 30
34 41 49 27
14 15 5 33
39 21 31 31
13 16 15 39
21 46 29 34
18 14 23 29
18 30 15 32
19 21 7 41
26 38 14 44
18 46 36 46
29 37 19 48
11 13 43 28
27 9 33 27
15 16 26 27
29 41 22 22
3 3 46 46
7 10 9 27
26 36 21 18
49 29 40 46
34 23 3 26
11 26 28 30
18 47 27 27
39 17 32 32
29 42 26 28
27 5 45 40
23 35 27 26
16 21 41 29
33 13 7 14
29 12 45 27
12 13 18 27
31 18 25 27
45 4 42 46
16 12 8 19
15 23 39 46
44 38 9 29
10 23 27 23
19 22 17 30
15 5 1 15
37 38 33 29
14 20 34 44
36 39 40 46
31 18 39 46
15 18 30 38
28 17 35 28
26 36 42 44
43 42 29 29
20 44 27 23
15 24 43 41
16 37 30 28
40 6 37 40
48 22 39 40
9 15 31 21
14 3 30 20
33 19 42 39
33 29 26 30
24 24 39 39
20 32 35 32
10 11 27 26
28 13 28 26
40 9 24 38
29 2 10 46
25 41 25 21
4 15 28 25
6 8 28 28
43 25 45 30
5 13 17 24
16 6 12 36
33 22 27 22
19 39 48 40
17 14 27 22
24 12 16 19
33 36 46 41
31 30 19 29
8 13 38 31
6 5 47 42
43 9 37 32
1 11 23 32
12 4 39 22
18 29 32 35
26 36 39 37
34 19 29 23
