50 51 18287 800
15 31 45 47
3 30 12 12
32 35 13 18
11 26 44 13
15 18 47 20
17 34 40 27
38 26 19 29
46 40 32 25
19 28 15 34
34 19 24 34
49 30 48 2
28 36 35 20
12 4 22 35
14 19 41 16
13 28 8 29
35 42 21 9
27 24 17 23
17 15 8 39
7 23 25 1
14 19 6 1
7 20 20 14
7 22 17 49
11 17 26 10
8 22 31 15
28 46 45 18
32 31 41 35
46 36 27 42
26 24 49 15
5 33 43 10
11 31 4 38
35 35 38 17
13 25 39 22
48 20 10 48
5 26 22 46
27 35 9 30
3 21 28 38
25 8 47 19
23 39 49 44
28 32 46 10
38 21 28 11
14 39 24 5
19 26 30 19
48 39 26 38
43 39 18 39
21 14 46 24
44 33 9 38
16 31 36 45
16 10 8 36
48 28 43 28
41 22 20 17
24 34 32 12
