50 275 11467 800
16 13 45 30
17 44 17 36
42 47 49 26
33 39 40 2
1 31 41 0
41 16 34 38
11 15 31 36
28 30 34 21
17 13 8 24
28 7 48 26
5 26 26 38
9 29 29 46
4 33 16 44
12 27 11 48
8 13 35 23
17 26 47 30
14 36 44 32
31 20 27 17
13 41 44 38
36 39 37 25
8 11 43 36
9 18 38 0
48 24 38 38
8 35 42 0
1 29 3 32
18 16 45 16
5 24 46 16
13 28 37 0
11 31 35 27
33 47 33 34
27 26 40 8
8 39 45 20
30 47 40 28
8 25 24 17
7 33 43 25
4 12 48 30
3 7 38 14
3 19 35 42
48 33 16 43
39 41 44 41
0 30 48 25
31 41 38 36
49 25 34 37
35 13 40 18
2 23 42 30
4 21 2 2
13 36 4 2
13 44 36 15
8 17 1 24
0 16 39 36
0 21 17 22
14 16 40 33
16 20 40 37
1 22 37 29
13 20 46 19
36 33 43 13
5 22 22 36
2 31 30 0
5 29 38 28
7 23 0 36
30 22 48 31
32 36 7 37
2 11 32 0
4 38 40 6
45 23 29 6
0 19 45 23
18 23 3 33
38 34 28 20
10 17 9 48
6 16 26 31
11 17 31 38
4 21 3 3
15 22 7 3
8 18 46 27
13 16 41 3
0 31 30 15
1 0 17 33
23 16 41 8
32 20 45 5
8 20 20 21
24 42 38 40
49 39 40 26
5 17 46 26
4 33 34 21
49 23 38 37
42 11 4 2
4 37 24 36
14 24 37 26
3 24 9 14
1 41 22 38
48 41 1 2
15 23 34 37
47 15 15 32
12 28 28 34
38 14 30 40
39 29 28 23
2 32 46 23
3 26 2 0
6 14 7 33
14 24 39 1
43 48 3 2
6 21 33 41
37 44 45 29
47 45 1 4
16 25 32 37
8 32 33 8
17 16 35 2
20 3 38 26
14 22 25 25
27 30 37 35
22 43 34 1
38 49 40 38
38 14 34 12
5 11 43 27
13 29 16 46
18 21 43 32
21 39 24 30
47 11 37 38
16 19 1 47
15 25 41 37
33 20 37 2
18 7 48 18
8 12 43 23
45 17 36 42
43 30 38 5
6 24 34 20
5 2 35 37
4 14 36 0
27 19 26 46
6 12 39 22
36 2 46 17
29 18 6 28
17 5 33 1
17 19 35 40
14 7 37 40
27 27 37 38
5 12 39 15
26 21 27 46
2 26 37 29
16 14 44 31
11 14 28 13
47 14 14 24
3 27 37 30
17 17 10 39
38 48 8 36
5 23 44 1
40 44 34 24
27 16 48 28
10 12 11 37
44 27 1 5
5 17 39 42
10 18 10 28
10 9 1 0
38 16 30 26
46 24 37 37
10 16 38 2
11 14 12 42
14 32 44 34
14 1 34 33
8 5 32 40
3 19 32 37
25 16 28 43
34 24 32 45
8 31 33 12
26 6 19 22
27 41 2 2
25 24 39 30
34 14 4 43
10 28 37 36
33 40 30 36
15 41 45 11
1 6 35 41
19 14 38 36
44 47 24 30
7 25 29 44
38 32 37 16
16 12 44 31
11 15 23 33
18 38 14 28
18 19 49 33
14 28 40 37
49 36 16 45
3 30 34 40
14 23 36 32
5 29 35 40
49 22 28 35
47 33 39 39
15 11 46 41
42 49 8 47
16 22 40 23
42 18 36 40
29 35 4 33
1 10 44 20
34 29 36 38
2 29 0 3
18 15 5 42
20 24 34 32
6 35 29 4
31 46 40 28
9 28 26 29
28 32 38 24
28 23 36 5
7 35 26 26
33 33 30 29
13 40 32 22
19 41 42 31
28 23 37 37
27 8 47 16
9 5 29 31
11 19 17 27
21 26 34 35
44 12 41 16
32 15 10 15
23 30 37 31
36 41 0 45
1 32 43 27
43 1 33 30
14 23 14 48
20 27 13 32
7 14 47 21
3 16 33 14
4 12 43 35
47 49 26 17
48 36 40 34
20 17 10 37
46 31 38 25
12 16 16 32
15 28 39 35
10 40 27 38
33 37 22 8
5 29 43 35
26 31 18 34
5 20 39 24
23 6 40 2
43 23 39 40
10 16 35 40
32 22 39 38
47 16 26 33
12 5 23 31
14 15 27 39
42 41 2 1
46 13 12 41
23 42 43 39
2 38 21 20
2 13 44 22
35 43 23 29
16 18 29 26
13 32 16 35
48 7 48 23
21 31 35 28
19 17 39 41
44 23 17 45
18 17 22 30
41 43 39 8
49 20 6 40
36 12 36 36
47 33 37 2
47 26 31 2
10 20 34 38
9 34 18 33
15 0 41 29
0 23 35 48
7 23 38 7
19 27 43 26
3 21 41 25
18 27 24 43
11 9 18 37
6 23 38 40
26 20 42 25
2 17 38 19
37 17 44 17
1 30 41 26
31 28 48 38
19 18 43 1
6 34 41 2
