50 54 16988 800
23 27 11 19
28 21 30 45
21 17 19 30
43 27 38 36
18 27 45 30
49 35 49 18
15 20 17 25
46 38 30 47
18 37 26 23
20 3 8 22
20 11 20 44
40 32 13 19
0 37 10 20
14 12 30 28
28 42 14 8
17 2 42 20
24 5 20 25
21 9 21 42
36 35 11 19
39 36 35 49
34 29 9 23
47 35 7 10
30 35 39 16
21 9 41 8
25 4 19 39
29 18 18 24
37 31 22 21
41 34 23 24
21 30 46 35
18 4 19 23
5 45 21 22
21 7 31 47
42 34 43 26
5 28 11 14
46 18 23 37
16 21 35 29
4 32 10 5
23 39 15 25
29 39 15 25
21 47 19 42
14 25 42 40
46 28 34 30
46 43 20 24
20 4 29 38
44 2 13 22
36 34 37 39
28 45 8 15
12 0 10 19
26 25 48 9
32 21 33 41
18 3 13 14
24 4 10 23
9 22 17 25
19 2 7 9
