50 345 11331 800
6 14 3 3
5 11 22 30
43 30 29 31
6 15 19 5
2 10 5 41
35 44 28 43
36 20 18 8
42 35 0 37
42 27 4 29
5 4 9 19
16 29 47 13
10 6 18 4
2 10 3 35
30 28 38 44
9 8 38 12
41 30 20 26
39 37 10 38
19 19 19 37
14 10 49 16
4 15 22 26
5 11 43 2
37 36 5 3
10 19 37 38
29 39 41 26
33 45 34 31
6 9 41 45
27 20 10 1
1 8 3 37
16 20 3 7
44 36 26 12
49 37 23 42
32 19 38 10
7 13 38 39
4 13 0 44
34 30 10 43
31 39 32 46
2 8 36 23
36 32 32 14
19 42 4 44
44 21 14 42
36 24 7 40
1 9 33 21
33 31 2 16
5 12 3 2
12 7 17 29
10 43 26 2
44 25 13 7
20 8 38 5
13 17 26 49
5 14 7 33
26 17 0 32
45 45 21 41
7 12 2 39
39 6 42 18
4 15 41 14
4 9 5 14
5 14 13 17
49 38 13 6
31 21 40 29
5 11 13 12
1 12 15 6
25 41 32 19
35 24 2 34
6 11 14 32
46 36 18 25
4 13 6 38
28 36 9 25
29 17 34 19
11 15 40 28
10 13 14 48
26 27 44 40
5 7 10 2
23 15 40 40
19 32 22 34
12 13 5 6
15 37 43 45
33 34 3 43
28 21 23 4
48 30 20 27
31 20 34 46
9 39 38 12
47 37 25 12
9 11 4 17
10 9 16 40
43 35 13 47
2 4 22 44
29 17 17 26
34 20 12 10
6 13 44 45
5 15 11 38
23 36 44 14
31 35 26 38
8 5 8 32
41 35 40 44
41 36 10 35
6 5 1 40
6 15 24 19
10 9 3 40
40 25 10 16
32 36 25 32
49 39 28 26
41 21 22 31
48 36 1 36
32 14 1 36
10 10 0 34
36 27 31 43
26 43 3 3
8 11 12 47
5 3 15 26
12 11 6 36
3 12 35 18
2 8 34 15
27 19 12 33
6 10 6 36
8 11 12 6
29 36 11 32
28 42 1 34
5 15 24 37
33 44 31 34
0 2 28 22
18 19 0 7
48 37 25 47
33 28 2 3
6 9 32 6
27 48 29 41
39 35 7 32
47 37 4 43
27 16 14 10
32 43 35 12
42 32 32 16
36 44 14 13
13 11 13 33
28 11 6 17
2 12 14 36
27 26 20 41
21 26 0 39
32 7 8 45
25 34 15 49
28 40 28 18
28 25 39 3
1 5 36 44
16 22 8 0
12 39 11 6
8 13 12 9
0 2 16 30
38 43 36 7
5 9 12 25
2 30 26 7
11 24 44 16
14 20 5 32
34 41 30 46
23 49 42 12
39 25 23 21
3 10 8 3
41 33 10 46
18 8 46 43
40 33 33 10
2 4 10 41
36 33 23 12
6 9 36 9
38 42 28 35
18 42 19 37
9 11 0 47
2 3 46 35
36 36 20 14
34 13 48 15
7 14 5 42
3 8 11 27
17 12 42 4
27 37 6 49
23 30 43 8
2 11 25 22
38 42 0 39
34 30 7 35
8 16 2 29
26 19 5 39
32 38 7 32
32 14 34 47
38 38 0 28
5 12 37 49
5 13 34 44
6 13 5 37
47 23 3 32
2 14 16 26
17 33 41 43
7 15 0 19
18 12 4 37
39 40 10 5
29 32 15 5
34 37 18 1
14 39 1 1
37 46 7 29
39 25 39 12
3 9 5 14
2 0 35 41
26 10 17 30
4 14 5 5
16 14 44 6
42 32 23 18
44 36 27 16
26 29 18 40
35 5 49 20
15 19 21 6
31 41 40 40
40 37 18 30
45 44 17 28
14 1 9 34
25 35 17 42
45 27 40 14
49 29 41 31
8 8 37 18
5 4 6 41
33 39 3 1
35 40 5 31
6 13 18 38
27 44 28 28
1 3 46 18
4 9 42 9
18 21 35 15
14 18 8 15
33 11 48 8
25 26 30 29
28 26 24 43
36 33 15 35
24 18 6 48
25 19 3 20
23 14 49 16
6 12 28 32
33 18 2 44
22 8 40 13
22 39 13 13
8 13 12 38
31 22 14 33
1 6 19 38
3 3 1 37
29 18 39 46
6 6 0 4
8 13 3 35
41 44 24 14
38 32 43 42
11 37 14 14
42 34 36 43
17 3 3 35
15 24 15 39
32 8 37 13
19 39 1 4
49 27 29 44
18 34 11 44
48 31 23 18
42 7 10 18
7 10 29 44
41 15 13 22
7 11 21 13
4 11 7 40
6 12 47 47
29 29 48 8
36 37 48 12
8 14 40 4
27 24 36 19
6 9 7 33
6 11 37 15
2 12 23 8
2 8 10 28
42 42 12 34
35 37 14 46
3 15 30 39
0 6 28 41
44 28 39 45
25 12 16 42
34 33 27 13
43 34 0 33
37 35 8 42
4 3 34 28
3 11 32 12
6 28 11 31
32 36 4 38
8 10 34 48
38 17 3 28
45 32 3 26
6 12 49 8
21 17 14 41
7 10 2 10
5 10 45 23
34 32 9 35
17 5 4 49
0 5 45 19
48 49 30 41
11 12 22 2
31 16 43 9
28 14 30 45
8 10 13 1
41 45 5 7
45 31 29 34
1 3 33 2
3 3 38 8
6 9 4 5
16 31 36 16
30 7 12 27
38 6 11 27
6 11 22 41
26 39 17 19
9 27 27 17
45 39 10 39
32 42 48 0
14 49 35 11
5 18 29 29
24 11 13 26
25 13 29 23
35 16 17 35
39 35 18 26
3 10 5 45
40 6 23 14
25 21 19 29
5 12 17 27
41 30 16 41
37 49 39 19
4 14 5 41
23 15 16 30
42 41 18 29
6 10 34 48
36 3 1 1
46 34 20 31
8 15 41 10
1 2 40 17
17 21 19 25
15 17 10 4
32 40 22 41
33 6 22 24
45 30 26 17
7 14 13 13
25 11 22 14
25 18 17 19
4 12 35 46
7 10 11 21
44 40 6 40
45 37 34 10
0 7 12 29
23 14 0 12
34 22 37 7
40 30 31 17
18 11 33 7
25 42 9 41
18 16 6 5
2 3 19 8
7 8 41 12
