50 415 12653 800
6 24 49 17
47 49 12 17
3 18 0 42
9 15 42 22
7 27 14 17
35 43 39 32
49 43 44 25
43 27 31 41
45 19 25 2
7 19 22 2
25 17 31 38
48 21 45 41
6 4 29 25
43 35 22 35
6 15 46 8
10 23 25 8
34 47 30 48
13 28 24 40
14 22 22 27
22 38 24 33
8 20 35 29
26 41 48 27
18 26 37 37
4 46 44 22
42 49 40 40
7 25 39 32
28 33 25 0
13 24 42 43
12 2 47 28
9 25 38 27
43 17 35 28
8 23 34 33
12 37 32 32
9 24 25 8
32 28 49 33
5 46 43 34
43 41 36 36
43 33 21 18
49 24 36 42
31 49 48 26
35 19 39 29
5 23 22 34
17 36 33 40
16 23 41 40
45 48 31 0
41 38 41 33
15 28 18 43
9 43 22 31
30 20 40 25
20 28 38 33
8 21 18 8
15 14 33 31
16 13 31 4
15 26 15 13
18 21 43 44
5 22 13 9
9 23 24 0
5 24 29 36
2 21 47 28
30 39 24 44
7 25 39 37
13 26 22 27
8 26 21 41
5 22 34 43
23 14 49 33
46 29 39 30
17 31 29 33
43 20 45 30
15 22 24 4
16 24 22 6
9 27 39 44
10 18 34 33
8 47 40 33
32 40 33 34
36 47 6 28
21 41 31 37
13 34 25 37
37 49 49 48
26 20 11 19
49 21 21 2
38 44 26 38
9 42 47 29
11 19 24 42
18 28 46 12
37 49 49 13
21 3 36 29
8 29 24 28
18 45 44 37
16 19 37 30
17 18 44 25
37 38 34 22
38 43 29 4
28 40 38 29
21 33 48 7
25 12 37 24
48 41 35 27
9 28 34 33
45 49 43 6
31 38 43 39
38 42 13 29
3 23 36 34
1 45 33 27
29 24 40 31
37 46 40 28
10 22 34 16
32 37 10 48
42 33 41 42
6 23 34 9
14 28 35 33
18 22 47 29
16 16 27 33
9 23 26 34
9 39 45 33
20 34 47 16
7 25 46 35
29 42 28 1
34 43 22 11
5 25 37 31
13 22 25 32
16 21 25 4
5 23 49 26
2 17 35 31
9 21 17 45
22 6 49 38
19 25 6 38
6 22 44 39
30 47 38 40
5 16 19 14
33 18 35 31
41 39 5 8
18 25 2 5
4 22 47 0
11 22 7 26
5 12 47 38
14 14 42 30
11 46 30 21
15 47 42 30
31 49 45 36
11 47 22 4
27 30 15 49
10 22 17 0
12 48 49 27
7 24 34 11
12 23 22 33
49 29 20 48
12 23 44 34
26 39 28 36
36 18 14 29
11 33 28 38
8 23 29 5
11 25 24 33
12 22 40 32
22 16 26 41
1 15 46 28
26 23 7 47
10 19 28 33
18 18 0 21
4 18 20 34
34 44 27 33
18 20 12 0
20 25 41 41
15 22 11 45
30 29 48 19
32 45 26 43
31 15 21 8
48 17 31 29
35 44 49 31
27 30 25 36
36 44 42 45
17 39 46 19
7 16 43 11
24 21 29 6
13 21 7 8
9 21 44 32
17 29 42 31
6 42 39 38
24 12 25 34
4 25 47 7
23 32 26 34
5 25 48 2
11 20 44 17
34 29 39 34
18 34 26 8
20 33 41 4
9 46 43 29
4 49 1 35
19 48 2 7
20 24 41 34
25 49 38 36
22 13 49 4
17 27 8 21
28 19 29 47
38 39 47 36
17 23 45 28
21 43 42 29
25 25 7 10
17 24 24 6
3 10 22 48
3 22 49 36
8 22 37 35
15 33 43 26
5 33 20 29
24 28 48 31
17 29 29 31
19 30 24 36
14 45 41 35
48 35 41 32
20 38 29 1
10 22 28 1
8 25 24 24
35 48 39 26
6 24 27 8
3 14 22 38
8 23 43 36
30 23 36 26
17 14 27 33
35 14 45 29
7 24 43 31
44 41 35 29
15 24 29 43
37 48 21 49
49 27 43 6
16 26 16 2
10 27 15 43
26 34 37 27
8 24 37 41
8 18 37 32
36 47 49 12
13 16 32 7
33 36 43 35
7 25 36 43
39 38 47 43
1 19 26 34
17 41 1 11
7 2 28 34
37 45 30 3
46 44 24 8
13 21 33 21
16 30 48 33
31 32 43 36
18 15 29 17
14 29 23 34
11 23 43 27
11 25 36 32
2 16 48 31
21 22 20 2
39 40 37 32
5 39 19 34
10 25 12 47
17 20 47 29
21 27 39 46
29 38 38 35
8 24 30 34
14 28 44 29
3 29 46 33
8 20 21 34
9 23 36 10
27 37 26 47
25 24 28 10
24 32 36 25
11 26 36 27
9 22 23 37
29 32 20 45
11 25 46 32
35 47 42 7
19 19 25 33
26 25 26 34
29 43 46 37
29 34 36 27
5 12 23 34
20 8 26 32
31 39 19 3
13 17 18 6
12 26 46 4
6 28 38 31
12 23 31 7
42 41 39 34
40 43 6 37
10 24 26 40
24 5 24 41
17 26 7 5
8 21 40 34
7 8 4 12
23 14 34 24
7 19 32 34
7 23 47 14
35 47 36 30
49 42 49 34
28 43 45 25
44 39 45 18
47 33 16 44
14 30 19 35
7 25 42 33
37 21 34 37
7 21 38 26
12 26 32 49
11 41 43 34
8 23 34 47
14 24 40 40
49 21 44 26
14 15 17 47
29 40 33 43
11 10 36 28
13 41 40 32
21 16 26 36
8 26 46 8
14 21 43 34
49 30 37 32
22 26 37 42
21 35 19 2
18 27 38 40
17 10 35 5
0 39 43 7
29 11 22 44
11 25 7 44
24 26 32 20
34 41 28 37
14 1 46 22
9 39 29 30
10 23 46 39
44 31 40 40
19 16 43 7
26 37 26 7
26 34 27 8
12 25 28 33
18 28 13 39
41 31 47 9
8 44 11 39
32 32 24 40
46 32 36 20
27 33 44 2
7 21 39 36
3 49 37 36
17 19 8 17
8 23 25 34
17 20 36 30
5 27 40 13
15 27 6 2
19 45 40 36
36 26 30 38
43 30 25 38
6 25 30 38
33 44 27 0
23 22 9 29
9 22 28 49
40 29 34 45
5 45 22 35
31 42 49 20
3 47 42 36
16 20 37 30
17 21 28 8
9 21 42 19
36 41 13 45
33 37 24 34
34 40 44 10
9 27 40 34
8 20 12 48
15 14 48 11
23 38 38 39
36 36 44 30
39 40 49 34
38 41 46 27
42 34 2 33
17 22 45 5
34 13 33 33
34 45 48 28
14 36 2 24
4 35 44 33
49 18 29 38
9 22 40 40
19 26 26 28
39 34 23 3
11 26 9 43
44 27 34 25
13 37 23 33
35 35 49 48
39 40 37 48
5 25 41 25
22 43 22 10
35 11 3 41
15 37 38 28
5 48 42 27
15 32 43 19
14 43 40 30
44 44 41 31
16 24 39 25
20 43 26 33
21 28 42 36
48 24 19 48
19 22 37 11
31 44 23 3
22 30 39 38
0 17 22 35
31 39 34 41
40 25 40 7
7 22 37 37
7 19 25 40
15 23 39 27
33 34 32 4
10 24 38 31
29 37 25 34
27 24 21 26
8 21 23 6
7 24 48 6
21 31 11 16
8 12 25 5
28 34 23 31
1 24 42 37
25 49 48 32
9 29 18 21
18 31 27 37
11 36 15 1
18 36 12 20
16 38 36 22
16 27 49 37
