50 64 19384 800
45 16 18 0
43 29 12 47
40 10 37 23
18 22 9 32
40 25 2 27
38 32 31 7
39 26 13 7
39 33 15 4
46 6 4 29
37 33 49 8
24 11 39 34
26 21 37 18
21 9 31 33
36 31 36 46
32 34 3 36
35 28 2 42
30 28 26 29
45 9 22 29
40 34 48 32
39 23 14 41
43 34 7 13
38 31 20 11
15 28 20 22
18 24 6 13
42 37 42 31
41 2 38 21
41 33 29 40
32 14 36 36
43 4 11 8
38 28 11 21
24 23 39 24
41 13 42 19
33 31 7 28
19 11 4 31
38 37 45 38
43 8 10 33
21 19 17 3
19 14 35 30
35 29 19 28
37 27 21 23
33 32 10 36
45 11 35 35
40 28 27 11
22 12 34 30
44 32 35 47
19 11 33 36
25 32 11 17
31 28 42 29
49 33 29 37
41 32 26 7
40 34 19 32
42 36 24 10
44 5 7 33
14 31 23 20
20 5 22 36
34 2 20 25
31 35 8 10
35 33 12 27
44 20 19 9
44 33 42 49
34 37 4 26
32 31 8 41
25 21 32 29
35 29 45 4
