50 418 19074 800
21 18 15 28
11 29 42 31
38 27 6 1
41 25 33 32
41 20 35 30
18 45 17 22
16 44 43 37
32 19 29 30
19 13 32 42
48 18 7 33
20 17 35 8
28 24 19 45
41 24 16 23
43 20 29 48
22 22 14 26
28 23 44 35
31 19 21 40
24 35 31 30
48 26 29 40
29 15 38 34
33 23 7 44
45 18 18 13
31 21 36 46
45 18 9 26
43 32 41 36
35 23 1 23
43 18 37 38
40 33 43 10
41 19 10 19
48 19 18 43
35 21 44 36
44 15 19 43
35 41 15 17
33 11 8 44
44 23 26 45
9 13 9 46
33 10 20 29
34 38 12 42
30 27 14 24
36 27 30 46
40 15 22 31
39 28 45 21
38 16 28 45
43 22 37 12
2 14 46 12
39 17 48 36
44 20 43 42
27 23 9 21
44 22 37 24
18 37 3 28
4 37 32 30
33 22 16 25
44 15 34 33
35 35 21 44
43 19 10 31
42 10 44 33
48 18 32 30
3 27 46 21
39 20 10 33
33 33 40 32
31 14 26 35
47 24 9 26
48 26 22 18
29 25 28 37
30 17 35 32
36 24 13 21
29 20 40 33
26 21 14 28
42 30 15 49
20 20 34 30
42 42 2 46
48 8 21 32
0 13 26 46
42 37 24 32
30 20 13 21
39 20 3 7
9 45 32 26
41 22 31 33
9 26 21 10
29 30 13 13
28 25 26 35
20 37 43 36
18 26 18 14
36 34 24 43
49 16 18 21
30 16 46 29
31 21 30 6
34 20 19 46
6 22 25 13
9 19 9 24
6 35 25 21
46 18 17 7
19 45 37 22
36 10 47 25
39 28 22 33
11 37 13 12
3 35 25 39
37 8 30 48
33 31 19 34
5 22 30 34
7 31 12 15
35 35 2 42
24 35 14 25
7 33 16 27
40 32 25 19
45 34 1 3
37 20 27 16
37 33 17 21
46 12 14 25
36 16 21 46
34 46 8 21
40 27 34 8
41 5 13 15
27 15 7 8
26 21 43 23
14 42 17 48
18 2 36 24
31 36 6 35
48 11 41 27
40 5 42 38
14 13 16 18
34 24 32 28
28 17 9 35
39 7 25 15
25 16 24 39
46 21 5 44
20 47 42 39
11 30 16 22
39 14 31 29
48 26 6 48
32 24 13 34
34 40 16 23
30 17 40 40
25 21 13 47
43 26 38 43
14 31 2 8
49 13 29 29
40 15 23 46
27 46 16 10
46 25 27 39
16 30 20 23
34 20 18 9
47 37 7 44
41 28 12 24
29 38 18 12
26 17 44 35
26 47 8 28
13 13 18 37
47 35 40 44
29 12 15 16
35 21 29 22
36 21 27 28
37 20 41 35
10 47 14 19
42 39 37 34
29 25 11 36
35 27 18 26
31 35 27 23
42 26 16 17
39 6 34 30
5 39 13 39
43 6 10 8
29 29 49 27
35 17 17 25
10 42 41 15
18 44 17 40
41 13 16 45
4 37 12 32
47 29 35 30
21 29 12 24
38 17 15 7
49 22 40 26
19 17 35 27
34 24 24 31
39 12 34 15
38 31 17 40
36 18 13 32
37 39 8 17
49 23 31 32
23 14 22 30
31 11 12 28
40 34 16 15
34 43 47 43
39 28 15 20
23 20 31 31
40 25 22 43
44 17 46 33
35 27 24 28
29 13 43 32
42 14 35 35
31 6 11 18
29 19 31 36
25 9 10 29
22 29 24 42
29 36 41 34
38 15 26 25
35 28 19 35
45 19 33 22
30 26 15 49
41 26 12 32
27 16 8 46
38 27 45 31
35 33 11 25
9 42 25 35
1 35 20 10
43 12 18 43
15 48 12 9
34 17 20 18
43 28 18 18
15 21 11 9
10 41 42 38
47 21 2 47
27 18 28 32
23 21 32 32
46 18 32 29
6 46 33 16
41 22 27 28
41 13 44 29
9 41 37 36
28 42 23 44
40 27 31 31
8 18 4 44
32 20 11 4
37 38 23 46
25 19 11 31
48 24 41 22
29 31 16 15
36 19 38 39
43 31 22 32
17 7 42 14
35 18 9 14
27 35 35 28
7 44 32 30
31 20 44 28
41 21 15 5
45 13 30 41
27 18 14 18
42 16 25 12
42 12 9 30
40 36 18 42
43 23 17 26
23 26 15 33
38 30 4 15
38 23 27 23
8 15 27 38
22 28 44 43
13 13 21 22
0 19 8 11
45 24 40 27
46 0 25 22
48 0 48 27
36 25 35 30
2 34 19 14
18 15 16 40
28 17 17 31
37 18 21 16
8 34 10 20
29 13 44 18
16 41 46 11
32 17 47 37
48 20 29 26
29 22 35 32
2 35 23 22
42 10 12 20
43 10 19 21
12 36 13 12
44 29 18 33
14 45 4 45
30 27 7 23
38 16 19 18
35 8 26 14
33 22 21 24
39 24 10 18
0 48 27 40
10 3 26 41
13 18 13 48
42 18 29 14
39 2 41 19
16 42 21 37
39 22 11 49
48 24 36 14
44 21 22 20
33 23 21 23
28 19 46 32
6 44 15 31
14 21 26 27
33 23 34 14
10 49 8 34
36 24 34 30
42 29 4 43
34 29 4 20
36 13 21 21
39 32 26 34
18 7 42 23
45 37 19 42
34 39 38 28
4 24 23 18
44 18 11 49
16 22 8 19
39 35 13 31
14 19 25 12
46 4 28 39
24 29 41 22
46 16 24 46
30 26 39 32
39 20 40 5
48 12 36 23
34 7 12 7
48 33 3 23
29 19 38 41
37 10 10 29
47 21 22 49
26 30 11 29
20 38 11 20
40 17 16 6
48 15 19 47
41 32 17 47
34 14 18 37
26 37 32 40
40 25 12 2
9 31 17 6
30 36 8 22
47 24 33 31
40 35 17 34
38 24 15 28
36 12 38 39
49 22 45 5
4 47 23 16
16 42 31 29
34 23 21 22
36 27 18 46
15 33 36 28
45 22 24 32
47 30 18 6
23 31 8 25
38 18 8 43
47 30 8 9
32 42 30 31
37 5 11 16
44 18 11 13
46 26 20 10
30 28 9 3
47 35 5 38
44 7 29 30
32 16 31 30
4 19 17 39
42 14 21 10
12 9 10 22
37 20 21 22
34 8 17 15
44 22 19 42
29 28 5 30
39 6 33 37
29 36 42 16
28 33 28 1
27 15 24 40
11 40 14 48
34 15 9 48
45 8 47 27
21 40 14 48
28 24 17 31
48 10 38 19
33 11 13 24
37 31 0 4
22 12 32 31
11 31 49 35
43 25 12 26
30 9 20 25
49 7 30 30
21 25 5 29
49 13 31 28
37 23 44 34
29 31 14 25
39 20 34 29
5 44 8 26
25 40 33 17
33 35 48 8
13 4 6 29
43 22 13 22
35 16 22 16
45 18 46 29
19 31 22 15
47 26 26 45
28 22 29 32
37 28 14 17
39 16 16 49
35 30 14 27
28 32 11 32
40 5 25 46
28 16 31 32
19 28 17 15
17 14 35 28
39 28 16 24
34 18 12 10
47 16 45 12
43 40 31 29
39 37 36 32
31 27 20 23
28 13 43 36
1 3 17 21
39 25 28 20
39 15 11 6
6 28 41 38
4 31 14 44
36 22 13 44
46 17 4 26
30 14 41 33
3 14 12 32
42 13 13 28
33 18 13 29
41 22 11 32
21 20 11 28
44 14 12 20
42 17 20 17
34 23 18 23
36 18 40 2
44 28 48 40
45 28 37 32
