50 54 18239 800
45 24 18 4
25 45 44 28
16 10 38 31
12 32 35 21
44 20 25 15
48 18 5 34
20 40 4 32
46 26 23 29
13 47 39 31
20 30 45 35
29 44 40 33
36 36 44 2
8 23 33 10
20 34 27 22
15 37 43 32
33 26 12 24
20 40 39 34
48 47 31 22
40 45 45 32
44 21 24 6
47 22 22 9
20 32 31 9
46 22 11 27
10 29 28 20
40 41 0 28
28 27 17 7
37 25 0 33
32 32 24 20
26 42 48 24
9 4 38 23
26 12 37 28
18 28 22 22
20 31 30 21
44 21 34 24
44 1 7 32
12 14 41 8
49 25 21 12
47 24 5 36
8 33 40 30
45 14 41 34
15 23 11 26
49 26 37 33
45 25 22 15
37 20 24 1
25 42 47 39
16 39 4 25
32 16 48 29
46 23 30 9
20 36 44 24
44 19 49 33
49 24 1 19
44 48 11 11
46 18 23 17
28 33 47 26
