50 427 19629 800
46 28 6 41
30 6 23 24
40 11 48 23
37 36 6 0
32 16 44 16
11 24 26 26
6 47 35 25
41 11 9 35
30 28 6 9
20 26 10 48
45 5 6 49
30 32 15 29
2 33 1 37
4 5 20 38
34 18 41 19
37 5 3 46
19 30 11 1
19 33 2 13
21 25 3 42
41 33 3 33
37 29 2 29
19 43 0 37
41 23 28 33
24 42 21 7
2 14 26 32
45 35 40 34
15 26 24 16
7 17 30 3
32 23 26 18
47 11 36 22
10 21 10 44
17 33 38 33
33 6 2 31
17 33 1 48
12 19 48 19
48 6 13 9
0 19 4 6
7 10 3 43
14 14 4 46
3 22 9 45
40 11 29 13
39 8 4 6
24 22 13 35
24 26 0 42
5 42 4 46
12 49 3 35
48 15 1 39
43 23 28 24
34 7 0 35
2 36 41 23
32 23 47 22
12 45 28 38
44 1 25 7
18 13 3 38
9 38 27 19
24 23 36 25
5 11 40 34
2 28 45 19
23 14 8 33
10 23 21 18
41 15 0 36
46 32 47 25
21 36 4 46
25 4 34 0
40 32 11 44
17 22 31 43
18 10 1 34
23 10 45 11
30 13 0 36
31 20 25 20
44 25 28 21
30 3 35 16
13 25 36 17
9 25 5 37
19 39 5 36
9 23 38 39
15 25 32 14
45 24 18 1
29 16 42 29
24 22 3 29
38 15 41 21
16 32 31 28
13 19 8 45
13 20 36 21
32 10 15 1
38 21 32 31
41 34 1 10
24 43 0 49
41 26 4 30
35 21 2 38
18 36 45 16
21 34 13 3
2 31 5 42
8 28 6 11
38 8 9 46
37 14 3 46
29 18 45 19
24 11 10 23
46 21 12 41
40 26 7 39
9 12 3 39
24 33 40 29
16 27 3 45
11 17 3 27
1 15 3 37
12 17 19 9
17 34 4 36
17 15 1 38
19 21 47 25
22 3 4 30
32 41 38 20
11 26 7 2
20 46 4 14
37 8 43 19
48 2 34 19
13 23 31 30
38 18 43 5
37 5 29 20
39 8 9 48
33 22 3 44
37 26 44 17
38 12 36 24
9 19 16 25
20 40 21 13
39 11 29 38
17 26 0 21
48 24 31 4
40 16 3 30
45 14 12 45
26 33 7 38
34 27 14 5
5 18 2 29
29 3 17 2
18 30 30 28
15 31 36 27
9 23 40 7
42 34 16 12
49 2 5 10
41 20 17 2
29 20 3 29
27 27 3 34
35 21 38 33
12 32 1 32
7 1 43 19
6 24 40 17
43 15 0 49
35 7 6 14
31 11 40 13
22 18 14 3
34 25 43 11
35 34 26 14
7 23 38 22
26 29 1 45
15 5 25 32
47 12 8 45
42 31 3 43
25 10 17 17
30 30 39 43
22 26 28 5
17 13 3 46
36 27 0 34
36 24 37 42
3 22 1 36
33 4 8 41
16 14 31 27
20 40 17 4
7 45 36 37
0 28 40 31
30 24 18 28
40 28 31 6
21 34 46 18
14 19 30 26
49 7 42 13
24 9 38 9
4 17 48 27
19 34 32 17
37 33 2 36
23 30 47 8
3 24 2 41
24 1 45 28
32 16 1 22
27 10 13 6
25 7 29 3
21 9 28 33
29 19 3 34
47 41 26 25
35 13 2 35
33 20 41 24
23 21 6 32
47 31 16 42
2 42 41 21
4 48 5 34
19 13 2 35
14 3 34 28
29 31 43 2
6 25 32 27
35 11 37 5
18 39 36 35
34 11 18 31
18 16 7 32
33 22 33 7
49 16 6 45
22 14 42 24
38 49 41 9
35 38 31 30
31 27 44 22
39 20 46 30
35 39 14 37
25 3 8 34
41 5 23 29
17 28 0 37
27 21 13 4
26 40 43 28
26 21 5 7
17 30 30 26
29 22 3 44
7 23 31 5
6 38 7 13
40 17 36 11
16 22 9 9
23 43 40 38
3 11 1 44
22 24 0 33
15 49 25 26
1 24 31 30
32 16 7 28
37 3 3 36
43 20 45 29
2 42 3 48
13 14 7 29
11 23 9 40
5 23 2 3
32 38 14 15
20 9 35 12
20 36 37 40
24 11 26 14
34 21 31 23
36 39 1 33
24 11 45 26
43 40 46 27
38 20 26 27
35 14 26 17
16 11 4 35
17 29 1 10
34 27 44 20
7 13 5 36
17 23 28 20
36 15 27 30
23 9 6 9
38 27 38 11
11 31 6 25
13 30 19 15
35 44 20 33
40 27 9 32
43 6 36 44
34 20 29 16
8 14 45 19
27 33 3 47
33 16 38 18
45 18 4 9
6 25 43 38
27 35 5 46
26 36 35 20
27 24 3 35
38 5 6 31
33 15 28 3
18 19 36 28
24 11 30 0
8 30 3 38
18 26 4 36
24 11 46 26
42 7 3 29
3 35 33 38
34 23 27 15
22 49 38 17
16 20 38 9
47 15 6 37
34 19 31 28
8 21 20 22
40 10 11 41
30 11 0 42
32 15 2 32
36 19 8 2
4 22 10 17
37 32 17 15
5 21 6 14
32 16 4 36
13 22 31 26
36 17 44 26
30 18 27 5
29 11 2 3
31 39 2 42
9 22 4 32
42 9 2 46
15 36 15 3
16 21 6 35
40 27 3 39
48 17 4 35
41 40 0 39
15 16 9 36
21 31 36 28
8 36 7 19
15 23 2 34
30 15 33 17
11 23 38 28
23 14 8 46
48 28 36 33
45 17 40 23
18 13 47 26
20 27 11 5
25 25 23 35
35 42 49 19
30 23 16 0
35 7 0 33
42 27 10 48
22 41 0 38
43 35 19 23
43 27 1 34
47 29 38 7
17 22 49 27
23 4 2 44
13 24 24 34
10 10 3 45
10 48 4 47
49 23 20 16
4 23 6 35
6 34 46 15
8 32 20 2
37 22 8 41
49 11 31 1
49 32 23 20
25 34 2 42
31 43 30 32
9 1 2 30
26 8 33 30
18 13 4 31
29 14 28 21
26 34 4 35
31 31 49 16
43 17 2 40
17 27 35 22
23 16 49 25
24 23 23 16
9 24 47 24
16 44 37 4
14 22 41 10
5 29 0 42
26 29 40 12
31 22 16 29
20 44 30 32
11 31 2 34
18 37 0 43
29 4 33 2
6 17 11 42
33 27 45 38
12 45 3 35
38 13 36 0
18 23 19 5
2 43 4 33
30 34 4 43
18 6 12 1
4 29 39 35
33 39 35 32
40 30 8 3
12 14 9 44
32 19 6 48
28 29 6 35
10 35 5 10
46 16 6 0
40 10 1 33
28 35 42 12
36 44 5 32
19 45 6 13
15 15 0 5
7 34 42 22
20 25 7 43
28 38 39 24
8 25 43 29
46 17 3 47
14 27 31 34
23 17 13 46
42 36 47 15
38 11 38 36
13 26 3 32
2 27 17 42
16 19 4 13
26 31 5 18
37 9 23 6
39 35 36 17
31 30 25 31
47 18 7 33
14 16 44 21
44 18 36 25
3 42 36 0
11 25 16 39
46 12 43 16
34 16 0 49
40 24 31 26
46 33 34 39
7 22 14 21
48 25 27 13
21 34 5 41
25 32 21 22
19 32 11 4
42 17 0 30
13 22 4 8
36 23 10 16
13 19 1 3
49 30 2 45
16 31 28 4
23 25 46 29
11 20 3 47
48 29 12 20
6 12 48 24
21 35 30 35
25 21 33 31
2 42 36 15
42 10 1 29
26 12 7 30
48 11 7 31
36 38 23 5
24 21 11 5
11 7 1 33
7 7 24 19
1 26 1 35
23 18 8 44
34 6 48 19
