50 1069 17135 800
30 33 31 37
5 11 36 10
21 43 13 35
27 41 39 23
3 11 31 43
7 28 34 6
6 49 34 10
10 48 21 5
23 42 27 4
18 38 15 34
7 30 26 40
17 39 20 46
14 41 16 4
15 36 17 29
20 39 16 24
29 45 21 3
31 40 0 31
15 25 7 38
43 41 31 2
34 44 44 9
23 36 11 38
15 42 26 24
32 42 29 49
26 34 41 4
8 27 29 9
21 40 31 33
42 7 33 23
8 41 31 0
8 34 40 39
18 23 19 34
30 19 17 18
5 44 23 5
15 44 28 22
34 44 18 2
26 39 31 46
23 44 8 36
18 40 42 8
12 48 6 9
21 32 19 2
41 27 31 34
11 42 20 3
29 40 24 15
29 38 42 15
18 37 7 38
19 41 26 25
38 9 14 30
19 21 9 38
19 45 31 25
24 43 18 1
6 13 26 4
21 38 47 9
17 45 28 47
7 27 27 44
34 39 18 0
23 39 10 30
28 40 40 35
46 36 20 1
25 44 10 47
9 42 28 38
6 40 26 47
45 13 48 1
29 43 37 10
20 36 28 48
21 43 46 23
34 47 42 46
12 24 23 30
10 41 42 19
24 44 22 16
19 47 9 36
24 38 4 30
20 36 24 49
20 23 12 33
24 34 19 14
20 37 1 4
4 22 30 5
4 25 18 2
44 37 45 3
25 16 24 28
26 37 37 21
4 15 20 26
18 40 35 17
34 1 27 33
33 33 36 12
16 40 26 17
40 9 46 7
13 37 28 35
21 44 47 8
20 41 24 4
37 39 38 33
14 40 15 5
28 37 33 47
30 39 30 44
21 44 24 20
30 10 26 15
19 39 28 45
18 43 17 11
8 32 46 1
8 31 41 4
25 45 41 27
16 37 25 38
30 36 5 38
7 13 33 32
3 13 47 22
18 41 2 49
19 45 38 22
15 15 17 1
45 13 11 26
21 15 39 34
24 40 32 9
2 42 10 31
29 5 22 9
18 45 4 38
17 42 48 12
12 46 10 36
28 2 10 40
45 35 35 35
44 27 7 34
37 36 43 26
23 13 0 14
17 42 27 43
20 44 49 29
12 39 29 2
23 49 27 24
11 23 23 44
31 41 8 48
26 40 23 38
18 38 10 37
38 1 30 7
14 39 21 19
4 44 44 22
29 44 23 24
31 42 19 17
7 42 3 46
21 32 41 29
34 31 29 45
21 17 17 34
17 44 29 47
13 41 22 35
32 8 2 37
24 38 27 18
21 25 48 11
32 42 49 40
17 40 21 19
33 27 19 19
5 16 41 15
11 7 15 8
15 45 19 0
43 24 14 3
16 36 42 0
19 39 43 43
20 41 42 5
19 43 24 46
28 36 43 46
28 39 17 3
11 37 29 9
24 12 39 15
29 38 32 13
9 23 36 4
28 38 40 3
20 38 14 39
4 46 49 17
45 42 20 49
9 5 36 15
43 26 12 15
1 14 22 27
20 41 9 35
10 26 24 6
17 36 49 11
25 38 11 39
22 40 15 2
22 42 16 26
5 31 24 11
14 35 32 44
20 43 17 1
18 37 14 2
23 19 36 20
27 18 18 4
15 39 23 19
17 46 33 4
31 33 46 1
17 40 30 19
30 41 30 46
20 40 11 35
33 14 16 1
15 42 34 8
17 40 30 48
10 0 30 49
26 38 32 6
27 38 21 3
15 40 2 31
26 48 20 38
23 32 42 45
27 41 36 17
24 41 16 6
19 27 16 45
7 35 11 36
21 45 41 31
20 41 29 0
12 49 22 31
27 27 12 43
11 15 10 39
28 38 37 42
7 25 44 25
9 34 16 34
39 8 37 38
23 37 46 32
22 45 35 26
20 41 18 16
18 11 32 11
32 23 34 9
26 43 38 13
17 34 48 44
7 26 20 49
5 18 35 1
20 41 15 21
35 14 29 1
19 40 45 7
23 29 20 18
27 17 46 5
17 38 19 1
19 37 23 27
34 37 36 28
0 30 40 10
21 28 33 29
33 44 15 4
18 42 24 49
9 41 36 40
22 11 49 39
45 35 48 2
23 43 27 14
9 15 29 44
18 39 17 9
25 4 19 29
9 25 24 12
39 11 44 39
25 41 23 45
11 28 39 48
6 41 22 42
31 48 36 2
16 37 44 5
18 38 37 41
33 43 29 35
21 14 10 40
20 36 49 11
42 44 32 36
41 30 24 34
18 14 15 4
13 16 5 45
18 44 32 42
7 22 31 10
15 43 27 45
3 35 15 30
18 16 39 46
22 36 12 37
20 39 33 2
25 37 21 41
41 25 24 38
12 22 40 30
14 42 6 34
29 42 48 13
43 18 26 44
20 37 22 14
32 41 30 15
22 36 16 3
33 32 20 36
19 38 14 13
12 9 31 4
18 41 27 26
28 34 18 37
22 24 18 0
1 35 28 29
28 37 27 6
26 46 16 2
45 2 30 44
27 39 44 9
15 40 21 8
17 42 25 48
49 5 29 46
30 45 5 38
0 28 38 20
8 45 7 40
25 20 3 35
33 43 2 46
47 16 17 29
13 42 16 2
13 39 17 6
15 20 31 31
18 39 17 2
15 42 30 6
24 43 15 43
14 27 19 49
44 16 16 38
30 42 33 0
20 38 14 3
36 41 42 29
17 43 26 47
29 0 32 45
39 31 7 14
15 38 29 13
35 8 40 16
21 37 13 27
22 44 27 16
20 13 17 6
23 40 16 4
25 39 43 16
18 43 49 19
43 27 34 42
21 41 36 24
20 40 7 39
19 48 22 41
25 36 30 10
18 36 3 0
28 43 36 37
39 8 36 12
10 26 36 36
4 11 32 41
17 42 15 0
27 40 8 27
22 38 33 4
11 41 33 26
9 6 13 12
27 35 17 2
23 43 25 46
36 6 35 20
18 40 49 5
1 25 45 15
23 41 18 38
25 38 14 25
24 43 15 3
23 39 25 8
15 20 19 10
19 36 40 15
28 46 30 3
19 39 30 45
31 45 21 3
22 34 21 2
27 47 0 24
12 45 38 45
28 35 22 46
38 3 46 35
31 4 27 43
2 34 29 13
7 36 30 9
25 41 49 37
30 38 37 6
13 44 22 15
6 11 46 15
16 43 14 3
24 16 8 34
18 41 32 47
31 40 25 49
17 44 42 5
26 44 22 33
21 39 27 6
22 36 10 32
21 41 31 43
23 39 25 48
13 42 27 43
10 28 43 45
30 36 20 3
19 38 42 38
18 41 9 34
46 32 26 0
18 40 18 3
17 43 26 8
9 41 31 6
9 32 16 2
8 45 17 4
22 43 40 13
12 47 11 43
24 37 7 34
26 24 8 3
17 35 43 47
15 37 39 7
20 39 30 43
2 32 35 13
22 43 30 45
18 40 3 34
8 49 27 43
16 40 31 18
29 38 26 48
26 36 9 37
32 39 43 24
8 44 44 15
17 15 6 34
15 43 24 10
19 42 16 25
35 44 30 38
21 41 15 33
3 44 17 4
20 41 11 47
21 43 22 35
5 34 40 2
32 40 36 12
28 45 15 4
31 38 33 5
16 49 26 15
26 43 9 33
23 39 15 4
21 41 26 5
30 41 24 13
22 10 12 5
37 27 17 31
16 40 10 36
36 28 42 47
32 39 14 38
21 15 28 44
49 14 44 31
21 42 33 16
10 38 21 16
18 41 33 17
10 49 8 35
27 39 18 2
21 46 19 2
34 45 28 7
12 40 35 36
12 45 29 49
21 42 18 4
18 39 18 1
16 49 46 49
24 42 24 17
15 47 4 35
23 34 40 2
21 38 41 5
20 44 15 4
38 40 42 24
9 25 38 34
32 48 27 40
10 30 34 26
26 41 44 29
29 43 45 20
20 36 39 32
35 25 8 40
31 38 12 27
13 38 28 48
5 38 39 41
15 30 37 17
15 38 17 3
31 47 28 45
36 7 22 11
26 39 38 45
20 40 44 34
33 43 11 7
12 27 19 1
2 22 31 7
18 41 34 2
20 40 27 49
33 39 33 14
10 24 24 45
17 36 30 25
6 16 48 21
21 40 8 41
17 15 30 12
17 34 41 43
3 15 39 33
12 25 10 37
9 39 25 9
8 17 23 32
27 41 5 31
24 41 5 33
28 39 49 26
29 42 43 42
20 42 36 3
23 34 34 11
26 40 29 48
10 4 38 0
5 10 22 17
20 32 28 42
22 44 30 14
28 39 9 34
25 44 15 0
14 6 41 26
44 7 42 19
37 41 47 49
20 45 44 6
12 44 18 40
13 38 29 45
4 20 37 21
13 28 18 1
21 41 14 36
19 14 10 33
31 41 38 34
17 43 45 15
21 15 15 18
9 6 46 46
42 40 7 40
23 40 20 36
31 35 36 11
25 46 5 21
9 37 39 23
21 49 47 27
21 41 17 32
22 43 34 34
21 40 37 9
21 47 47 6
32 41 4 39
20 38 46 10
23 40 4 35
47 20 9 32
29 33 9 35
17 38 22 35
23 42 30 20
1 17 39 15
13 28 34 15
42 7 42 49
20 42 16 2
20 41 27 46
4 34 49 28
16 38 11 29
32 42 48 38
30 44 19 23
20 37 21 25
19 39 4 44
14 45 43 48
24 8 22 17
25 41 45 38
3 48 28 36
21 40 37 3
49 25 8 38
14 41 17 5
14 14 17 26
16 44 41 46
10 11 15 48
18 41 38 6
31 41 16 3
31 42 31 23
17 42 22 41
23 42 36 42
47 20 21 11
23 43 27 31
25 24 15 1
16 43 19 20
31 0 16 39
18 35 6 32
20 45 41 12
37 25 46 35
7 19 14 33
21 37 47 40
20 35 22 3
16 38 14 3
0 39 16 1
26 37 25 12
43 0 20 0
47 37 44 29
27 31 22 44
28 43 36 5
16 40 32 46
17 37 32 36
24 36 5 24
32 5 41 27
11 48 26 6
18 39 20 10
32 39 34 4
18 34 25 17
29 37 45 7
22 41 34 34
26 5 23 16
6 6 24 9
20 39 31 21
27 0 22 33
9 43 27 11
6 15 29 45
32 31 43 22
20 29 46 18
39 39 26 31
16 41 8 26
43 9 26 20
8 14 10 27
28 43 34 6
49 7 48 30
13 26 17 4
37 45 28 31
10 35 10 30
16 41 25 42
32 37 17 1
32 42 26 46
5 31 29 34
30 35 16 6
11 15 19 3
36 41 30 47
24 41 22 6
36 21 12 35
19 36 9 17
36 18 34 5
13 40 16 0
37 38 44 11
22 16 41 5
23 49 33 48
5 40 47 4
25 38 17 0
16 22 12 33
22 38 32 21
18 41 8 38
26 30 17 0
30 40 17 3
21 39 42 2
48 34 5 30
39 31 36 46
15 43 35 24
47 36 36 7
35 34 36 9
13 27 15 36
35 30 26 32
43 15 37 1
34 1 10 35
18 38 34 5
29 43 47 40
12 42 2 22
10 41 27 42
13 30 23 48
9 27 46 4
42 12 32 4
21 36 8 39
34 36 46 7
20 38 18 1
13 45 9 33
49 29 42 12
10 49 32 21
24 39 5 39
10 25 36 6
32 42 43 8
19 39 28 46
29 34 20 8
28 39 42 5
20 40 34 37
25 6 27 18
19 39 19 1
24 46 35 6
13 48 23 44
22 37 25 42
9 41 15 4
32 21 25 48
20 34 31 6
28 40 31 48
26 27 25 43
31 38 17 3
20 38 13 23
25 10 13 6
19 41 15 35
18 40 29 18
46 26 11 29
41 29 35 34
20 33 25 46
41 43 28 44
29 48 23 43
23 41 48 30
30 39 16 3
17 40 44 10
17 36 32 5
43 5 10 27
5 13 23 42
24 41 19 36
13 43 25 41
26 17 2 29
25 11 12 10
21 40 12 38
18 41 9 40
18 10 25 15
6 42 18 39
44 4 2 33
17 43 30 23
10 48 20 2
38 3 29 23
18 44 19 6
32 38 17 4
48 13 21 0
46 23 16 4
11 37 39 3
2 12 48 9
43 33 33 13
12 45 34 16
26 16 32 23
40 48 47 21
3 24 25 43
40 22 24 13
48 9 9 39
43 35 17 2
22 41 18 43
24 37 44 28
28 43 46 9
48 0 45 34
33 32 28 3
31 42 20 36
30 43 42 9
6 47 35 6
14 34 38 13
12 29 46 1
23 38 7 36
20 44 4 25
20 43 13 6
22 40 27 49
49 31 10 36
5 11 29 21
44 35 38 20
24 15 36 4
22 38 38 5
19 43 28 17
42 31 24 42
32 38 25 25
15 42 35 22
8 13 22 47
27 46 19 1
17 41 45 0
6 37 40 36
11 41 30 4
24 28 35 43
38 2 15 3
10 27 22 9
0 27 17 2
47 36 34 18
0 38 26 32
13 44 49 33
32 38 31 46
32 14 39 31
18 36 17 0
22 18 27 0
21 42 43 1
28 41 23 32
18 38 10 44
46 30 22 48
22 42 40 12
0 43 49 13
18 44 44 12
0 10 37 18
24 43 20 29
19 43 33 49
29 33 24 46
28 38 1 40
17 39 24 8
15 40 19 28
18 34 21 12
0 20 35 27
38 0 17 1
7 44 10 36
49 13 11 37
18 48 3 26
24 39 26 12
46 5 16 3
20 41 38 18
17 37 40 6
15 42 5 32
14 34 33 4
17 11 45 17
37 9 31 39
10 35 36 6
19 14 49 19
47 12 17 2
7 49 22 18
49 36 17 4
18 33 15 0
17 14 14 36
21 40 6 37
30 41 2 34
19 36 16 1
30 37 41 13
19 25 19 6
19 44 40 45
15 46 29 15
46 19 27 46
32 39 48 41
14 41 38 3
23 43 31 47
34 33 38 17
30 44 47 3
27 35 33 9
34 43 27 23
22 37 14 2
35 11 26 0
4 27 32 24
10 42 29 41
44 38 18 2
45 33 34 6
26 39 34 24
10 36 42 23
18 35 35 35
3 49 15 2
21 39 18 35
16 40 28 23
31 44 10 35
6 32 24 42
20 14 28 45
32 8 27 11
23 33 18 3
13 14 26 28
33 44 6 32
25 26 28 17
20 39 28 45
20 39 12 34
25 39 43 22
20 44 3 34
22 41 22 32
30 37 25 16
12 16 23 48
12 45 7 44
23 36 4 35
20 42 34 12
29 40 14 1
17 41 43 3
39 47 26 34
12 40 28 34
0 43 8 35
23 44 35 34
28 41 23 41
19 45 34 46
18 39 26 9
18 40 7 31
18 40 29 18
23 48 6 29
34 43 45 7
10 40 3 41
33 42 14 1
7 37 37 32
28 42 35 23
46 32 21 1
27 43 41 2
9 27 43 7
8 21 25 11
19 46 3 35
20 24 13 32
21 40 17 1
9 20 4 33
17 36 16 0
34 4 9 35
9 27 35 26
14 40 29 36
26 19 41 15
16 39 17 0
32 44 36 4
9 24 29 16
6 46 30 0
20 44 16 0
11 43 36 12
20 40 34 12
24 8 14 32
27 35 7 30
36 2 34 12
47 49 27 46
48 38 20 39
47 48 19 0
8 33 30 31
25 45 26 49
5 26 32 9
15 32 31 23
33 37 31 5
27 17 27 47
13 45 13 39
23 40 34 7
32 38 44 38
30 36 33 17
25 15 22 42
27 26 9 17
10 34 26 38
27 36 33 48
38 17 24 2
13 42 19 46
11 20 33 47
21 37 25 34
40 0 29 16
20 38 18 4
30 39 41 14
7 45 22 9
13 26 34 34
24 41 36 22
1 41 30 5
22 40 24 17
8 45 27 4
46 34 18 3
21 12 38 44
20 39 42 16
18 45 4 34
12 35 33 46
24 44 36 19
6 41 8 24
15 34 17 3
25 45 22 21
23 39 39 13
31 49 12 31
29 39 31 7
15 37 8 45
2 41 27 3
30 12 33 17
44 47 16 3
19 42 33 25
25 38 16 6
27 43 44 13
19 44 1 26
19 40 3 30
20 39 33 36
33 36 15 1
21 40 15 28
24 38 18 1
10 26 15 33
46 48 32 45
11 35 18 44
12 45 12 39
27 34 34 9
7 41 18 37
23 40 13 2
15 11 18 21
18 24 24 36
18 37 25 10
23 36 38 7
49 22 10 33
19 42 31 23
31 41 13 30
28 44 40 1
23 41 48 5
39 48 27 18
22 40 28 11
15 40 31 37
20 46 41 10
26 36 46 22
40 28 26 49
30 12 16 2
40 39 30 22
35 3 19 46
22 41 26 48
31 43 6 30
31 38 39 4
21 32 14 2
19 37 14 45
29 43 35 5
22 17 21 0
20 39 15 2
29 43 18 8
21 36 26 2
30 45 23 42
19 45 40 29
44 9 35 18
31 33 35 14
15 39 41 0
18 28 22 10
49 19 17 1
11 43 43 47
4 21 11 37
25 43 30 45
25 45 43 25
29 40 40 26
8 31 13 4
21 37 16 3
3 2 16 0
32 37 41 7
27 44 18 48
22 48 21 4
23 43 36 24
33 37 18 1
29 40 33 43
18 43 48 13
16 41 25 39
21 35 17 2
34 9 22 2
22 43 24 21
29 23 27 47
16 37 31 47
39 13 42 26
20 41 11 45
22 40 42 39
31 39 49 9
18 45 27 24
10 48 28 28
15 36 28 20
6 25 17 1
13 42 15 34
43 39 21 46
22 39 31 37
11 20 24 7
14 49 29 44
13 48 35 32
31 10 26 49
17 38 48 17
21 43 26 25
31 41 31 18
34 39 24 13
33 37 45 5
48 29 45 11
27 44 36 46
9 22 43 25
17 35 22 49
26 37 32 47
17 19 5 36
4 39 30 20
31 38 25 41
45 34 33 35
19 39 29 24
13 48 37 10
19 41 31 49
17 42 20 21
10 43 28 16
17 47 32 0
19 37 29 18
43 37 7 34
18 39 11 35
25 39 43 19
12 30 32 1
16 39 27 48
0 29 32 36
21 41 37 17
24 19 17 4
29 41 2 29
22 47 9 29
25 42 19 1
8 26 16 1
16 39 38 5
24 40 33 22
30 40 19 3
0 25 24 47
18 41 28 6
13 21 30 47
40 35 22 40
23 42 7 31
34 30 25 25
40 9 12 32
22 45 37 17
34 42 13 22
24 39 44 27
25 31 39 25
47 13 22 27
29 43 34 16
10 37 18 2
16 44 26 44
12 44 2 35
43 27 24 18
45 43 31 47
15 27 20 4
32 39 7 32
15 32 16 1
28 42 23 15
22 44 48 11
39 10 35 12
30 42 30 0
20 39 19 4
23 19 31 42
34 33 26 44
29 44 16 40
12 37 32 49
33 44 29 49
22 45 17 2
21 37 14 40
21 47 31 7
28 39 29 45
20 42 21 19
48 2 43 42
42 10 27 19
16 29 16 1
19 44 13 10
16 38 28 45
7 36 43 41
34 40 22 47
19 43 22 36
9 48 38 44
16 36 32 9
16 39 31 3
11 43 12 39
32 32 6 32
21 39 17 38
6 37 42 11
38 2 45 7
29 42 12 38
24 40 30 41
22 36 26 1
32 46 33 9
28 36 4 36
25 47 6 38
17 47 43 0
4 37 12 30
13 11 31 7
28 13 44 8
19 34 14 39
17 41 8 29
