50 327 14701 800
21 29 6 10
12 9 22 4
36 30 7 28
40 45 11 30
46 20 24 28
27 15 11 37
19 28 7 42
48 46 8 39
37 22 6 32
26 35 28 1
30 37 43 42
37 32 10 12
35 27 36 38
33 14 17 41
29 16 41 26
15 49 14 36
43 13 21 23
14 33 24 22
18 44 39 20
38 15 47 47
24 37 14 44
28 23 44 42
25 43 19 39
24 33 19 44
37 41 14 41
9 36 19 13
20 47 28 49
26 29 5 15
45 16 20 39
21 48 41 13
15 35 40 21
48 32 32 1
40 0 22 8
34 10 27 2
40 11 32 12
36 14 38 36
49 40 23 29
41 19 41 46
36 13 13 22
15 25 45 43
37 23 26 31
43 18 30 0
10 27 44 44
14 22 37 16
26 4 40 37
35 24 34 29
34 23 22 2
38 12 7 31
33 40 20 12
24 41 19 48
28 30 5 9
44 48 40 6
36 46 7 48
23 34 37 37
32 40 40 22
22 40 36 35
20 17 11 49
24 23 33 0
39 17 18 2
29 9 31 40
24 22 37 40
33 25 13 33
16 18 34 19
23 32 19 25
44 44 21 41
35 21 31 42
35 3 26 27
12 20 16 24
42 14 28 33
31 34 24 37
44 18 0 43
38 26 33 26
42 37 13 9
27 27 16 17
36 14 8 37
30 13 3 33
10 24 19 36
14 19 15 39
25 31 22 12
34 17 27 35
38 18 26 38
41 22 23 10
26 13 22 23
47 40 10 44
32 14 23 43
36 31 16 1
39 44 31 45
29 31 22 29
6 34 35 22
46 24 16 12
34 17 20 6
29 19 12 23
32 19 14 26
47 25 36 41
32 39 49 46
24 14 11 41
35 16 36 39
32 14 27 40
30 6 43 49
38 13 17 38
39 40 37 43
29 22 15 37
35 21 33 40
42 14 40 39
17 31 39 32
47 41 40 36
46 3 32 4
30 23 4 28
41 41 15 35
44 45 15 16
28 49 25 31
12 43 39 36
20 37 40 28
4 16 20 30
42 33 23 24
36 46 34 31
16 39 32 25
43 49 4 15
30 26 37 36
33 8 36 17
38 24 22 21
44 20 42 44
46 25 15 15
43 6 14 14
22 29 17 36
16 45 32 38
19 26 17 31
25 22 27 46
43 19 49 45
18 31 5 35
48 16 13 48
39 22 35 23
41 14 16 21
28 28 7 37
32 15 18 11
39 23 33 44
26 12 14 15
8 30 24 40
42 30 41 17
21 16 20 48
37 18 41 48
40 22 21 35
27 15 26 22
47 22 39 42
18 29 31 13
38 17 4 39
13 9 27 19
36 16 38 49
49 40 49 34
34 44 30 30
17 24 49 42
19 45 19 4
10 43 33 47
35 16 27 5
16 22 21 24
10 42 5 47
16 29 21 19
13 19 21 15
15 28 18 2
46 38 22 30
41 34 45 40
41 24 39 40
32 16 29 41
36 16 20 13
12 41 40 39
22 27 21 12
28 19 29 8
38 17 34 6
36 32 47 33
39 41 32 15
35 24 18 20
33 46 24 36
10 34 18 14
33 31 37 16
26 34 15 21
37 19 30 24
37 41 9 31
39 5 36 30
32 31 18 42
42 43 29 9
38 36 24 8
33 16 12 31
38 36 29 16
38 48 38 37
20 41 42 19
26 6 28 9
15 37 15 45
8 35 17 48
12 29 36 41
37 44 23 39
28 19 21 38
33 20 38 42
15 20 10 19
35 40 23 7
31 29 23 12
38 33 18 14
45 2 41 35
34 12 22 7
40 24 43 45
26 20 39 45
11 1 21 34
33 1 19 39
17 45 5 42
23 23 42 44
11 32 17 4
41 41 8 44
19 30 11 5
38 17 13 1
39 8 25 8
40 14 39 45
46 22 19 30
23 35 26 15
32 14 46 21
15 28 31 26
27 29 21 30
18 34 16 21
40 34 20 1
44 18 39 33
29 26 41 38
36 16 10 44
32 20 38 47
42 44 17 29
18 36 13 29
21 33 38 46
26 34 14 38
15 35 21 23
38 10 18 44
37 42 0 30
23 39 43 36
5 9 19 30
44 25 20 26
38 16 20 6
42 38 24 16
37 2 6 41
41 38 23 17
19 23 29 39
26 20 35 13
32 17 34 13
38 27 12 44
27 7 43 48
37 17 21 3
36 46 46 48
42 19 8 22
40 44 22 10
36 45 11 33
29 23 1 23
13 29 7 15
38 31 7 36
23 18 35 39
0 29 39 47
41 12 30 25
25 24 32 43
21 18 33 31
49 33 37 42
20 41 37 42
35 11 10 37
38 44 32 18
35 25 0 32
32 39 28 40
12 13 41 43
22 26 22 40
36 35 22 16
39 25 27 13
42 43 22 38
18 39 9 18
11 34 29 9
37 39 11 20
38 18 9 27
35 38 25 21
13 34 36 49
36 14 7 49
17 15 44 30
17 24 25 45
21 36 33 25
48 38 8 24
28 9 11 40
41 36 9 15
40 39 18 12
19 41 13 23
36 16 41 30
45 24 6 46
22 30 42 37
46 26 3 12
16 22 19 31
43 25 6 11
38 31 3 38
27 29 46 35
23 39 7 30
9 11 24 44
22 30 7 35
44 19 35 33
39 40 27 38
23 39 14 30
7 26 15 12
23 40 19 19
37 19 32 46
33 13 47 20
38 9 31 10
33 39 33 26
32 17 20 21
49 10 17 6
41 43 27 6
21 37 5 27
35 41 23 2
37 23 23 37
44 45 6 30
24 6 24 12
35 45 27 37
32 19 28 27
37 42 35 26
18 25 38 45
46 8 42 36
34 21 14 38
38 45 35 14
37 47 31 17
17 28 48 37
28 16 12 21
48 18 41 45
20 18 15 30
28 32 20 14
18 14 43 49
39 47 10 5
28 26 36 22
39 16 31 7
15 36 36 32
30 30 8 36
8 42 36 27
