50 603 13081 800
29 5 4 46
9 26 32 35
16 28 35 42
48 26 26 24
26 5 33 27
32 17 4 43
16 33 26 18
7 38 5 47
10 40 40 38
41 7 33 6
29 25 29 34
26 41 14 49
41 27 15 38
38 8 24 31
41 6 36 24
15 39 7 47
1 36 3 44
3 45 29 43
17 49 32 30
9 35 22 21
24 7 29 46
6 39 35 35
13 35 31 29
20 39 29 29
4 36 33 25
42 3 20 29
13 32 24 36
9 39 42 38
27 44 34 41
12 27 37 28
5 33 25 35
5 30 0 41
42 8 18 29
30 40 25 37
38 12 5 45
24 17 25 38
2 34 44 35
8 39 26 28
22 46 0 46
19 43 38 32
37 15 10 19
25 10 6 47
20 5 45 36
11 35 5 45
16 25 2 47
15 45 32 30
21 37 24 33
10 39 5 49
15 16 28 45
40 38 4 43
8 35 29 30
24 0 5 46
25 36 28 46
6 49 4 45
6 39 38 35
29 38 7 48
42 30 12 39
20 40 19 35
32 34 43 35
35 43 2 45
36 28 1 43
40 36 33 15
26 35 31 24
18 38 4 45
19 36 5 42
27 2 2 43
35 47 27 31
3 36 5 48
19 41 20 33
13 35 25 37
16 43 33 36
39 40 18 27
38 6 30 38
42 25 24 24
15 48 7 46
48 30 1 39
42 8 19 17
13 31 6 45
18 35 25 40
9 41 2 44
28 8 24 31
33 22 3 46
28 36 3 48
3 48 1 45
8 36 4 43
37 12 25 45
10 36 24 29
49 16 37 35
12 33 3 46
13 49 30 39
24 38 23 33
21 5 10 8
11 37 30 24
45 35 26 33
21 37 48 22
8 36 33 39
41 1 33 35
9 37 0 14
30 3 4 48
4 33 11 33
11 38 25 35
30 42 1 46
33 7 28 35
20 5 30 34
18 43 31 31
31 11 21 38
23 42 22 24
21 29 2 44
41 34 3 44
31 3 30 30
12 40 12 25
30 11 6 46
21 9 43 45
4 40 29 31
7 32 10 17
31 0 3 47
29 11 25 17
10 33 2 46
35 3 33 33
37 2 30 24
27 19 4 44
26 6 28 13
29 22 28 30
12 31 5 47
37 18 23 38
27 20 33 38
36 2 24 32
16 35 7 45
19 46 5 44
6 37 2 46
36 38 14 30
16 39 25 31
39 41 24 35
8 36 49 46
22 11 6 46
36 18 14 39
7 42 32 33
1 32 32 30
36 28 28 20
3 43 20 37
28 0 26 22
45 7 4 48
4 31 31 35
38 48 2 46
5 34 2 42
21 39 32 34
25 13 16 17
44 15 4 45
33 10 43 33
7 31 2 47
27 3 25 37
41 25 18 30
3 31 29 40
6 47 38 18
30 17 28 27
29 29 41 28
45 26 11 44
25 14 4 48
10 30 40 39
39 39 2 46
3 34 1 48
24 4 3 43
32 1 3 44
26 6 28 36
27 35 6 42
4 39 28 22
26 44 3 46
49 42 6 46
5 38 2 47
8 28 46 29
15 32 4 47
48 13 3 43
26 6 26 36
18 49 35 37
12 45 1 47
18 6 34 5
23 12 28 36
12 35 29 25
10 30 1 45
19 47 3 47
49 35 4 45
43 15 27 35
6 28 2 43
48 10 27 42
28 49 4 46
44 26 32 37
24 17 3 44
24 43 3 45
3 34 30 26
13 30 22 36
31 3 2 47
43 36 32 34
37 23 31 39
11 42 23 35
42 48 20 43
19 26 31 37
32 9 4 46
44 32 26 36
39 8 0 45
16 40 5 44
2 42 19 48
40 9 28 31
38 35 27 35
27 33 38 39
46 2 4 41
12 46 38 9
22 10 27 30
34 9 25 42
40 12 27 20
5 42 38 36
43 19 29 41
7 33 24 37
30 3 31 29
10 36 29 33
9 37 23 42
17 16 26 38
3 31 4 42
45 3 28 45
0 20 5 47
37 0 19 40
9 47 35 12
44 12 38 31
0 44 4 40
44 22 27 31
21 34 8 46
17 44 27 23
18 37 41 45
40 3 28 7
9 45 31 31
23 40 1 43
8 36 32 39
7 43 33 32
11 23 23 37
20 1 26 36
26 21 34 30
41 12 22 36
43 43 5 45
40 43 32 33
16 23 4 44
33 48 3 47
8 30 5 46
35 7 5 46
40 29 29 48
20 2 7 31
23 19 13 9
35 7 9 29
16 39 5 46
35 22 30 42
34 20 49 44
45 40 32 30
32 0 13 31
17 41 25 35
44 13 5 46
41 14 11 25
10 44 23 23
27 46 35 4
41 22 3 48
14 33 26 33
31 15 2 42
23 49 24 26
10 33 31 10
21 33 27 26
4 29 21 27
11 36 28 21
44 38 36 21
47 25 13 43
47 35 32 40
4 37 12 39
26 47 3 42
1 46 35 40
12 27 39 24
10 44 2 49
31 42 19 41
37 22 3 45
33 13 23 35
12 47 23 35
9 34 5 45
27 31 2 31
3 32 22 39
14 46 36 23
32 10 26 18
15 45 27 40
34 44 30 48
1 37 36 31
40 18 1 46
37 3 24 35
28 27 6 46
44 23 16 21
10 43 2 48
22 43 30 36
45 5 19 30
8 43 34 15
12 33 37 44
30 1 9 49
25 14 31 23
25 10 6 49
44 22 4 46
23 48 24 35
21 40 48 16
15 27 5 46
4 8 32 41
12 35 6 45
41 0 26 26
28 9 34 39
5 26 26 23
7 27 10 20
6 37 35 25
2 31 32 10
3 27 29 32
25 28 28 30
16 30 27 11
8 46 25 33
3 43 40 25
5 25 2 44
2 34 4 44
31 11 27 38
23 37 34 39
35 10 42 41
2 25 26 33
18 43 33 39
31 18 2 42
49 5 33 43
12 35 26 36
32 29 13 39
15 41 3 45
30 44 38 26
11 42 41 44
18 35 30 43
8 34 27 29
39 12 33 21
21 39 8 30
40 4 36 29
32 6 4 46
32 21 27 39
31 21 3 44
4 30 11 44
24 28 36 35
36 18 39 41
28 33 21 35
15 38 34 40
0 27 4 44
36 4 44 25
39 35 3 44
15 24 31 36
48 48 3 46
38 9 19 32
25 48 29 37
42 31 33 30
40 44 3 46
19 34 2 45
6 30 4 42
16 36 3 45
4 36 3 48
29 46 33 37
1 27 4 47
11 36 32 38
40 23 27 43
5 48 34 33
32 11 5 44
46 33 28 18
1 32 27 36
31 8 37 34
36 5 13 25
22 30 12 27
16 40 35 29
36 5 5 47
18 38 4 47
31 20 23 14
26 28 25 22
17 37 2 45
43 38 36 31
8 44 35 32
18 47 25 37
4 38 21 28
7 39 38 33
7 43 4 48
2 31 5 45
35 23 22 21
39 21 32 35
24 23 34 22
8 29 14 40
18 41 30 33
42 30 49 36
39 17 16 16
4 25 40 7
41 11 36 35
26 5 5 9
14 43 37 35
10 44 2 47
22 45 31 37
34 25 16 25
34 6 3 44
34 41 29 42
20 14 28 28
2 44 49 42
20 7 5 46
30 7 28 22
41 10 40 16
27 38 6 44
9 38 0 45
38 3 3 47
31 8 21 29
12 44 13 19
2 44 34 24
45 30 0 47
25 43 22 30
28 37 10 45
21 35 8 45
29 1 6 44
41 6 3 45
16 37 3 45
45 47 21 41
13 32 1 44
24 10 31 38
31 46 35 40
6 36 4 46
30 6 20 18
5 35 22 18
3 30 36 32
40 47 31 41
26 33 32 41
12 35 25 24
11 34 29 32
25 9 23 37
14 49 32 16
39 34 23 30
33 41 29 34
0 25 11 32
45 36 7 43
11 33 15 34
37 37 23 42
24 27 29 32
33 35 25 33
34 29 39 47
17 38 4 45
1 36 29 30
18 41 32 35
36 22 23 28
15 32 35 18
41 9 32 43
24 23 7 46
32 12 30 18
6 47 26 29
10 34 6 45
46 1 29 32
12 42 4 45
43 49 4 45
30 27 7 47
47 31 21 41
34 5 4 44
4 32 33 40
41 24 29 35
25 22 23 40
0 44 40 32
13 39 37 21
35 31 21 9
11 46 0 48
32 2 24 39
41 29 46 23
8 27 27 37
44 5 2 40
35 43 26 31
46 18 17 41
13 32 18 37
34 30 5 46
31 0 15 45
32 42 39 49
27 44 27 33
16 45 5 41
22 42 11 19
6 9 32 37
8 31 38 35
29 4 17 14
24 34 3 44
10 35 6 44
39 14 44 43
39 17 34 38
21 0 9 32
47 7 3 44
8 38 33 38
34 2 5 44
30 42 19 31
30 4 6 48
27 4 0 46
28 36 5 43
0 22 14 19
25 43 37 14
15 49 5 43
41 10 4 42
9 34 6 45
43 33 30 26
13 48 29 25
13 38 27 34
44 33 5 45
15 36 31 45
9 36 17 40
29 5 3 45
28 26 35 26
8 8 2 48
18 36 35 43
15 42 8 49
45 17 25 33
41 9 26 40
17 36 7 47
14 35 5 46
15 36 2 47
27 3 31 26
19 42 29 35
16 27 23 21
13 47 27 35
22 36 11 38
38 36 14 33
28 22 2 47
9 22 3 46
37 14 30 16
28 38 25 29
21 44 24 41
12 47 32 29
42 6 6 47
13 30 17 37
7 23 40 37
16 49 31 15
36 15 6 45
27 24 37 24
22 45 34 44
32 36 15 22
31 44 6 47
11 39 25 38
39 18 2 43
27 13 28 43
6 18 10 47
20 44 38 27
43 17 3 47
33 34 3 41
12 27 45 13
19 40 44 34
26 33 30 49
32 18 27 36
33 43 4 45
35 11 39 40
14 41 34 37
37 16 5 47
46 4 30 34
25 32 32 23
24 45 15 10
15 44 2 43
35 9 4 17
17 38 13 34
33 48 29 18
6 44 3 46
9 32 25 27
34 38 3 46
31 14 29 28
32 30 30 33
17 47 33 10
28 46 31 28
38 34 31 31
34 13 28 45
27 22 31 14
32 37 21 31
12 42 18 30
37 26 27 26
47 28 32 40
49 14 40 12
23 41 22 27
16 25 41 43
39 2 34 23
25 4 11 44
6 33 3 41
30 24 6 45
43 19 31 35
34 15 22 33
4 33 34 36
20 41 14 18
37 3 6 45
37 11 2 43
39 36 30 21
22 25 26 19
30 9 11 42
6 31 9 42
17 27 39 32
15 9 7 44
46 36 30 34
49 1 5 46
48 3 9 44
39 12 26 33
14 36 32 16
12 48 32 39
36 20 2 47
10 25 37 29
17 25 25 34
6 33 27 25
35 30 17 49
39 3 29 28
27 43 29 39
28 18 36 12
34 0 23 38
7 33 29 30
27 13 30 31
24 43 40 40
35 30 39 32
7 45 38 30
31 42 5 29
