50 52 18212 800
12 23 40 12
8 33 34 3
16 30 6 16
11 14 9 5
29 12 33 8
0 23 35 10
10 29 5 6
13 33 37 36
15 25 31 32
31 12 24 11
7 25 31 10
7 20 9 6
26 30 35 32
18 29 26 20
10 32 37 14
18 18 18 33
12 30 43 37
15 7 37 10
11 36 48 16
18 17 30 18
23 18 19 31
9 32 31 11
16 18 39 21
13 34 8 6
32 10 25 6
17 4 22 21
8 28 41 15
34 16 41 6
11 26 47 11
32 16 26 9
13 27 23 12
10 28 20 4
8 25 25 32
11 32 39 22
7 32 35 41
48 8 26 28
17 22 10 22
36 10 37 14
25 11 35 15
10 27 38 31
25 14 37 39
21 26 9 23
10 37 31 4
36 25 36 5
17 18 2 42
15 11 14 7
10 31 46 38
8 28 17 37
40 29 5 1
3 30 20 26
16 40 32 9
11 10 43 15
