50 1600 20000 800
41 24 39 47
10 19 34 39
23 29 6 45
38 41 12 37
9 35 41 20
22 35 26 31
40 28 7 39
5 18 3 44
34 3 32 12
39 18 6 43
19 32 0 42
22 22 48 35
45 12 6 24
22 41 2 39
48 33 36 44
48 37 5 16
43 25 39 34
48 34 0 45
49 33 3 23
10 13 33 26
10 37 37 37
25 39 42 42
45 22 10 41
33 28 1 43
27 18 11 39
14 13 40 44
26 40 37 32
11 21 26 10
39 39 24 3
41 20 7 41
46 28 1 38
34 33 11 35
44 28 10 6
48 31 48 19
35 22 11 46
7 11 9 42
7 29 2 48
32 42 27 24
6 16 3 38
3 10 39 4
5 23 33 37
47 28 27 14
30 0 34 38
46 37 18 36
35 39 19 34
16 49 7 48
46 30 0 37
5 23 5 44
19 17 10 32
23 23 3 47
48 33 49 39
47 28 0 13
18 19 48 28
20 28 2 40
39 32 20 23
7 35 2 46
32 34 3 47
33 23 32 49
11 7 48 25
36 31 39 49
19 14 48 29
39 8 11 47
6 15 9 11
26 35 5 30
5 28 27 48
44 22 31 48
23 35 16 31
31 30 43 37
35 28 17 13
33 27 8 35
42 16 8 9
29 27 8 44
34 15 45 45
45 27 40 37
36 30 10 47
47 14 4 44
31 42 47 24
27 35 12 16
22 39 9 13
21 29 3 47
34 33 11 34
46 29 45 42
44 33 25 9
34 20 13 5
35 6 10 30
24 25 41 29
11 22 42 26
37 30 44 34
29 19 39 30
21 28 23 6
45 31 13 45
32 25 47 22
17 32 2 44
6 5 25 15
46 17 5 39
3 15 41 30
18 20 2 38
5 40 30 40
23 35 42 12
41 30 46 21
19 47 3 45
23 3 13 34
25 48 30 13
23 10 41 46
46 33 27 44
17 14 0 1
3 45 8 42
27 11 2 39
15 34 47 27
45 30 26 27
47 32 47 25
8 18 15 25
19 17 6 42
43 34 37 18
3 7 11 41
30 41 29 28
44 28 35 17
47 30 0 18
22 20 1 37
28 41 3 42
14 8 37 25
27 24 40 29
37 32 6 40
33 34 45 19
49 32 48 20
15 34 7 47
16 32 8 40
42 44 5 42
40 22 22 13
43 30 32 48
49 13 41 25
28 35 29 49
2 26 29 46
35 29 37 25
35 30 48 27
1 9 45 32
26 15 45 26
40 15 9 33
41 15 46 26
49 37 45 35
38 23 16 46
4 33 36 36
26 41 47 13
47 32 5 40
46 29 34 49
36 40 45 13
49 27 7 43
36 20 0 9
15 24 31 46
16 31 13 48
5 36 33 42
41 21 48 17
36 38 1 46
20 27 30 27
34 20 20 28
10 37 34 36
4 43 2 46
29 37 36 26
30 39 4 20
39 29 9 10
16 44 11 16
9 18 2 43
48 32 9 22
4 29 47 35
29 21 8 41
17 24 22 5
23 18 9 42
41 31 5 32
37 33 12 12
48 23 40 46
48 29 49 19
16 19 19 10
10 7 6 40
39 23 25 42
34 21 5 46
25 36 41 16
9 13 5 49
6 28 9 49
14 11 17 19
18 20 2 44
35 38 13 22
34 17 24 8
37 20 24 30
49 34 3 41
32 28 4 47
42 36 45 21
37 27 37 48
42 21 27 16
21 25 38 40
28 28 32 43
30 19 47 25
18 28 48 27
47 28 4 49
35 44 7 33
49 31 38 18
24 39 30 49
20 13 37 46
42 37 38 33
8 22 18 4
27 24 8 43
42 25 0 45
23 41 22 23
35 30 38 25
32 38 40 46
46 27 37 26
43 35 42 25
9 18 27 16
49 28 20 7
42 29 17 42
38 37 3 6
8 17 42 31
12 28 1 40
35 42 2 46
14 25 1 38
31 16 20 2
40 29 5 37
17 45 1 44
14 19 43 43
48 22 29 44
27 30 32 44
7 16 45 32
17 25 23 27
15 45 24 23
39 12 2 39
27 36 48 31
39 25 49 16
42 48 27 39
48 25 24 46
45 19 0 44
31 30 43 26
32 21 3 42
29 19 30 8
38 14 5 42
10 13 0 39
27 27 29 40
38 16 31 48
21 43 36 19
26 28 4 44
37 22 4 27
35 38 1 36
18 14 38 30
19 2 10 13
11 15 48 29
48 18 8 38
35 18 48 22
9 26 24 39
7 9 48 25
13 36 9 18
18 39 42 18
21 33 4 45
40 31 31 45
45 13 26 31
26 28 43 48
33 46 42 28
40 24 25 9
11 25 41 38
29 34 39 25
46 28 39 45
49 29 40 34
35 31 32 13
19 20 32 42
27 26 4 35
39 40 11 11
43 9 48 27
35 38 3 49
6 39 41 12
47 28 7 49
30 8 35 24
35 24 27 40
39 28 42 24
32 23 5 39
48 23 45 45
17 39 38 45
48 27 5 29
30 38 19 13
45 21 22 6
45 29 3 41
26 21 5 23
27 26 3 44
45 30 38 49
0 16 15 27
18 22 21 42
39 4 41 38
49 30 1 37
31 42 5 45
29 3 19 3
34 47 40 29
10 7 0 36
49 17 13 16
40 12 41 32
29 29 43 9
44 29 10 40
20 4 11 10
21 18 1 37
9 16 39 22
21 17 23 42
22 36 41 31
25 15 28 49
30 39 7 47
11 13 18 23
48 32 41 47
26 26 43 21
37 15 45 16
38 32 22 0
2 13 43 28
30 30 25 27
42 27 8 42
40 30 24 32
33 28 17 15
43 30 25 24
34 38 16 15
24 25 37 37
46 29 41 19
29 7 7 42
44 16 37 32
18 16 25 9
7 23 10 41
27 13 47 37
31 39 5 21
41 19 7 38
31 33 45 18
9 28 10 40
40 22 17 7
11 34 36 24
33 28 7 8
33 12 1 2
3 25 14 20
47 24 37 31
31 44 44 18
46 30 1 41
37 21 4 32
40 13 37 25
17 40 7 27
22 35 37 15
12 41 36 14
47 35 1 28
44 25 14 26
44 31 0 20
43 31 27 1
24 23 21 27
31 13 16 36
31 28 1 38
39 20 17 22
10 20 45 27
49 11 15 13
38 34 38 24
12 26 42 30
29 30 7 40
29 34 9 42
15 8 36 49
35 26 49 20
9 28 39 17
32 38 40 49
29 34 5 9
48 47 8 47
48 32 28 28
18 44 14 42
8 37 48 39
27 39 42 26
9 24 44 12
42 17 42 35
12 13 0 40
45 28 3 39
33 25 49 25
31 37 37 49
30 34 16 24
45 30 6 46
3 21 49 38
28 26 1 45
49 22 39 39
32 33 9 22
11 44 7 28
34 37 1 41
42 18 37 20
28 26 4 5
38 23 25 25
14 36 9 44
32 25 1 43
13 42 11 47
9 13 40 15
30 29 29 24
32 33 32 43
17 33 1 41
27 42 49 19
46 27 31 23
46 27 13 14
42 16 21 18
1 29 5 43
39 34 44 40
27 23 19 31
22 9 49 27
32 33 16 7
43 23 1 39
28 1 40 28
30 15 1 43
5 4 26 41
5 49 45 32
27 34 17 8
42 18 14 22
48 35 31 35
15 15 6 48
30 20 32 44
37 41 5 44
44 23 3 23
49 29 1 41
5 10 48 23
4 34 36 43
5 31 2 46
30 39 13 9
27 19 26 24
43 14 44 29
12 42 8 46
27 37 43 25
10 29 20 32
28 34 46 19
33 48 47 39
31 42 24 24
8 40 47 27
46 25 1 46
7 31 6 47
32 32 12 9
47 2 16 13
44 24 22 37
45 30 30 42
1 32 25 49
8 24 22 27
11 25 48 16
42 15 4 38
5 22 3 45
3 9 2 48
46 31 36 42
37 20 2 48
29 41 49 26
40 23 18 24
22 40 14 46
43 13 0 46
28 35 19 42
47 16 35 45
33 18 31 43
19 20 3 38
4 21 28 17
13 12 39 39
28 21 6 9
47 28 10 4
35 48 0 14
18 26 41 19
43 34 3 41
16 40 4 42
8 28 2 44
24 13 5 42
29 15 18 37
9 15 7 42
35 28 4 36
9 31 6 43
9 43 13 42
14 11 12 48
42 22 2 0
36 28 29 38
2 30 23 45
4 9 34 31
29 43 2 46
15 17 1 47
24 22 10 44
48 31 0 29
43 19 43 49
25 18 3 35
35 32 25 10
23 29 26 39
18 36 47 21
0 23 41 29
47 35 32 47
40 22 5 49
46 45 17 5
37 25 35 37
35 38 15 9
3 24 7 46
38 35 14 6
40 33 1 42
21 24 39 28
42 33 42 22
41 17 1 8
18 30 13 0
46 26 16 37
42 36 38 20
18 14 35 22
46 27 0 47
42 26 30 43
15 27 22 16
23 0 33 43
49 36 7 44
13 42 20 29
47 30 42 16
27 29 6 41
47 14 8 6
9 29 21 24
36 19 48 33
40 22 48 28
48 30 15 17
23 38 3 37
8 13 2 49
28 48 39 31
16 5 13 26
17 1 39 0
32 34 14 47
48 25 41 22
25 14 8 37
18 33 46 38
41 34 11 6
31 31 25 19
29 23 5 46
1 7 8 49
36 21 27 25
48 19 37 11
44 24 2 9
5 33 0 33
40 37 37 43
6 36 10 33
13 29 1 42
18 44 35 20
7 32 49 27
30 37 44 27
9 32 40 36
17 5 9 8
42 28 42 36
13 37 19 16
10 10 45 31
12 13 37 45
22 8 3 41
44 26 5 46
45 30 10 22
47 23 0 46
6 2 12 49
33 32 0 40
23 33 0 45
19 42 23 32
32 42 6 45
29 34 38 25
49 29 0 43
23 25 34 45
35 45 2 46
41 19 20 18
49 31 38 24
47 26 0 44
11 7 43 30
36 32 46 29
17 45 3 34
45 22 13 10
32 28 28 44
19 25 47 34
38 18 29 41
32 36 41 19
25 14 2 46
14 23 3 41
7 39 36 28
48 34 7 33
32 30 30 38
15 24 27 45
26 23 0 5
21 22 6 44
13 30 37 26
40 33 42 22
18 16 22 15
3 8 49 20
44 33 46 37
23 14 48 24
32 2 34 42
15 10 22 45
42 18 11 43
39 39 16 3
44 20 37 37
8 21 1 43
32 32 20 27
33 30 4 46
40 19 48 15
38 9 38 23
44 23 17 22
28 30 47 27
22 25 47 9
32 46 42 10
15 16 3 40
39 29 43 32
24 36 11 46
41 20 27 23
46 35 15 37
34 33 42 23
35 35 7 41
43 28 1 42
35 41 11 47
9 41 46 44
43 49 40 29
39 27 3 7
29 38 40 33
28 43 15 9
8 28 46 31
47 30 22 29
47 30 26 31
44 32 27 3
18 36 2 46
35 43 3 40
37 27 4 44
38 37 46 20
39 25 3 42
28 40 28 13
30 32 4 44
15 35 46 24
47 31 38 27
24 6 37 23
30 40 2 43
15 18 7 40
19 26 34 32
49 26 10 43
47 29 36 48
27 33 45 16
6 32 40 18
31 31 23 19
32 19 39 29
4 9 0 46
24 33 39 24
42 35 47 35
37 19 42 33
39 23 1 19
31 38 6 44
42 13 47 21
14 44 0 26
1 8 41 35
42 31 27 19
37 8 42 28
11 22 22 0
41 41 47 27
22 35 38 49
48 28 0 13
0 11 46 17
45 25 24 23
33 34 3 46
32 20 6 13
48 6 5 41
27 45 48 24
14 48 24 40
31 21 9 38
13 26 18 7
11 12 48 34
10 13 2 42
8 11 44 27
30 15 7 1
41 31 29 42
39 18 21 23
47 34 32 45
43 28 5 11
32 25 21 2
20 32 49 23
14 34 0 28
37 33 2 43
46 27 45 16
27 35 7 43
10 48 19 20
49 30 12 22
38 30 49 20
6 5 43 35
13 31 7 47
45 28 8 45
17 29 24 47
47 26 36 44
24 28 1 48
49 32 6 45
32 37 0 30
8 22 19 32
31 44 12 40
32 32 2 44
33 26 2 47
18 39 2 43
35 32 4 45
28 32 47 40
22 31 6 46
22 21 47 17
8 25 0 38
41 21 11 28
29 31 14 36
20 18 35 18
35 24 5 38
30 19 40 40
43 31 45 40
49 29 12 23
13 17 34 47
47 29 43 18
21 18 4 47
44 34 3 36
47 29 37 32
46 12 10 44
30 39 46 23
41 15 6 41
30 26 28 38
30 14 7 45
20 25 6 44
47 24 3 44
3 29 5 37
46 28 38 28
49 31 30 19
37 10 3 38
17 44 32 33
31 33 37 43
17 34 43 34
28 35 14 1
38 38 1 43
14 39 34 32
26 11 21 17
9 43 33 3
30 16 14 42
47 30 22 34
35 37 1 41
43 18 29 43
13 43 46 20
21 23 7 26
9 40 4 42
28 17 6 39
7 36 37 29
39 18 22 9
31 13 2 35
15 48 9 42
2 22 36 3
37 18 2 48
41 48 43 24
45 29 19 45
42 32 2 44
41 32 47 22
46 13 11 10
43 47 30 41
23 28 9 26
19 5 44 15
39 29 34 16
25 17 39 30
11 36 38 27
48 19 21 35
36 34 35 23
20 45 45 24
32 28 41 19
11 43 35 35
36 14 5 37
38 35 1 45
7 9 38 27
29 35 32 41
18 47 16 31
32 40 38 30
42 9 29 31
42 22 11 39
46 15 49 22
23 15 30 12
10 25 49 35
24 31 38 44
10 39 44 33
42 10 15 23
38 23 49 29
8 21 27 1
39 32 24 2
27 48 6 43
39 23 22 39
11 20 2 39
47 30 17 2
28 13 15 12
38 44 7 35
7 30 3 45
23 32 38 32
42 32 38 46
30 42 4 41
17 21 45 35
28 27 47 42
27 39 0 46
29 46 11 3
31 47 48 39
30 44 33 49
3 23 35 23
8 33 2 43
45 18 37 24
17 24 33 43
43 18 42 24
9 24 16 39
18 18 27 8
46 32 24 26
43 20 0 47
13 15 3 48
29 33 17 44
34 23 9 0
36 33 23 36
31 37 34 40
29 42 7 45
17 30 29 49
9 47 5 43
30 38 45 22
28 34 44 35
36 35 23 31
47 29 39 43
35 28 40 5
3 36 37 27
48 31 24 48
46 24 4 25
1 6 41 18
39 18 11 24
45 23 12 11
30 26 10 45
43 28 2 5
7 28 38 29
49 30 43 33
41 20 0 31
6 17 19 14
4 17 3 40
48 27 7 42
15 33 40 20
17 3 46 38
37 18 48 42
16 7 2 39
5 38 41 30
12 21 3 41
40 17 33 12
37 19 35 32
45 29 49 26
38 32 34 28
42 41 48 21
39 21 49 19
5 11 42 11
38 28 43 38
17 44 47 26
44 11 12 40
14 41 35 28
46 33 41 24
14 32 4 37
42 23 12 41
16 23 12 10
32 37 1 41
16 43 30 47
6 34 34 34
24 5 30 45
36 41 25 22
36 22 20 21
34 33 2 44
18 30 2 40
13 31 7 44
37 26 2 41
21 11 13 39
47 29 2 40
43 27 2 39
13 12 47 32
48 28 7 42
19 38 9 43
15 17 17 25
0 20 30 45
42 32 8 45
41 17 40 47
29 32 29 44
19 24 7 41
43 17 10 36
42 31 3 46
35 36 40 32
46 33 32 33
25 34 40 24
18 25 30 49
44 30 23 36
38 34 43 26
33 26 7 38
13 26 29 43
30 32 21 42
20 15 46 31
39 29 12 39
14 49 31 48
21 20 18 26
11 25 49 33
28 29 12 40
32 14 32 47
36 41 14 21
28 26 8 43
40 33 39 39
21 21 22 9
48 33 20 10
13 29 17 9
39 15 3 35
8 1 19 24
19 38 25 42
34 44 6 39
19 40 2 6
34 26 40 21
32 25 31 42
7 23 3 41
32 26 25 16
39 13 27 48
47 40 42 12
26 31 8 41
16 7 25 19
16 29 5 44
28 4 42 22
10 29 5 45
12 7 0 40
31 28 46 23
28 35 13 30
19 42 49 26
42 42 6 48
42 22 45 29
44 37 23 20
39 25 3 40
44 27 24 48
36 26 5 7
19 23 16 17
40 16 3 47
30 42 32 39
31 32 46 33
43 49 14 44
14 27 49 31
20 38 42 23
11 26 47 25
34 21 10 3
46 29 0 7
9 37 15 0
12 17 44 25
2 25 40 26
47 30 4 2
32 30 22 15
14 48 32 1
14 15 31 37
23 13 11 20
15 25 47 31
41 15 4 46
30 43 2 45
8 47 11 31
3 26 0 42
47 30 38 15
28 25 5 44
8 13 44 7
47 28 43 21
14 21 6 41
34 41 10 37
43 23 33 30
9 9 17 22
35 18 14 48
21 25 44 28
29 1 47 39
48 31 44 15
40 15 7 46
39 14 10 41
33 19 3 38
10 21 46 17
20 13 46 15
14 35 35 46
25 42 35 34
8 23 38 39
49 29 45 21
1 16 5 13
48 30 39 46
33 23 48 21
44 39 4 47
31 39 7 47
38 13 25 39
33 9 28 44
34 40 13 36
46 38 6 42
32 44 49 36
32 24 10 39
10 16 42 23
35 29 7 49
48 23 23 7
31 13 46 20
36 23 43 47
33 22 14 24
17 32 15 23
9 46 17 30
17 30 43 31
18 18 37 29
43 20 47 33
16 10 28 47
33 40 25 29
27 29 45 28
35 40 36 32
23 22 34 47
3 22 43 20
40 35 7 41
18 10 20 28
14 43 24 3
48 28 35 48
20 49 0 45
13 15 48 24
33 40 25 9
42 21 5 37
20 28 13 4
10 24 38 28
10 22 41 33
25 37 20 30
27 24 46 30
34 33 25 25
23 15 39 27
13 12 1 46
21 21 5 41
31 41 41 37
36 3 48 19
40 32 4 39
36 25 8 4
35 18 48 32
41 23 48 22
45 34 49 25
35 25 1 49
39 13 49 27
35 28 19 47
14 8 11 11
34 16 45 13
31 34 14 23
34 49 21 18
20 26 6 40
10 34 48 28
14 13 5 30
15 18 7 46
31 38 17 13
33 39 1 41
49 29 45 30
34 45 47 16
32 39 0 40
11 15 18 24
39 17 0 39
36 30 42 41
4 42 15 25
39 25 24 14
13 27 18 46
14 32 49 31
21 31 13 14
36 29 14 4
35 14 42 35
20 18 5 12
42 16 4 8
28 36 19 16
27 47 32 43
9 22 31 11
40 31 44 32
45 31 17 15
23 29 8 39
17 30 10 16
29 26 48 46
27 15 30 42
13 39 34 47
22 46 3 46
7 30 4 47
18 27 32 41
48 26 31 38
38 7 39 39
21 33 37 37
49 30 33 49
11 6 49 20
1 31 31 27
47 29 26 39
9 12 48 23
38 19 8 38
8 35 7 42
28 41 8 10
26 27 44 26
30 39 42 33
19 11 30 32
19 34 6 45
17 21 11 15
45 28 36 48
49 28 6 48
14 37 4 41
11 14 0 48
6 20 21 12
49 20 0 48
47 33 42 35
37 31 30 38
13 24 49 26
46 47 1 30
47 32 41 19
42 26 26 30
15 40 6 27
46 30 45 38
37 35 31 43
29 12 6 38
45 28 8 32
18 26 19 1
41 21 28 42
37 22 36 49
16 23 49 41
15 3 49 36
17 42 2 38
32 23 6 29
45 28 4 40
45 19 38 30
46 12 9 30
35 48 2 16
40 40 45 37
31 18 4 43
14 31 26 20
28 22 0 44
12 9 27 19
15 0 38 29
17 15 34 49
3 33 24 17
43 35 5 34
49 28 45 25
6 18 42 37
10 34 2 48
31 34 2 47
16 9 25 27
23 34 42 23
32 43 3 48
3 15 31 28
41 6 39 22
43 26 2 46
4 19 38 25
27 29 19 8
36 31 9 42
28 16 6 44
23 38 27 17
18 24 30 40
31 33 43 35
42 20 15 24
3 26 13 9
28 11 42 31
48 30 4 38
47 32 41 16
40 34 7 48
29 37 0 46
18 44 1 44
36 34 20 24
32 27 31 42
24 22 49 43
36 41 12 10
19 12 34 48
13 32 47 21
20 49 44 29
32 30 4 41
30 24 18 21
10 21 3 13
31 44 6 38
43 37 41 29
11 19 0 45
36 34 41 25
23 44 6 10
42 25 6 43
25 26 43 34
21 29 41 29
35 21 0 37
45 19 34 46
23 19 5 36
41 27 49 27
7 21 47 46
9 10 36 26
48 17 43 49
48 11 32 49
24 35 39 27
11 26 25 12
41 35 45 28
36 24 42 30
6 21 4 44
31 27 4 45
14 24 17 3
23 39 12 45
42 19 44 31
48 31 21 35
19 38 43 34
43 21 46 36
12 29 31 47
12 15 6 45
19 20 3 42
44 28 29 41
28 20 48 25
36 47 0 46
15 32 6 19
5 16 31 22
27 22 20 47
19 9 5 47
14 41 44 22
16 13 24 24
48 15 41 8
6 18 1 32
25 43 44 27
0 6 0 41
27 36 7 43
46 32 44 26
32 28 45 24
21 9 46 36
12 39 6 41
41 20 16 7
21 18 38 25
41 30 4 0
27 8 4 36
36 14 21 29
20 21 3 45
16 33 7 45
17 10 24 24
34 30 30 29
43 33 47 43
33 37 22 22
41 23 31 49
5 14 8 38
10 33 23 18
15 39 12 25
25 23 1 41
8 25 39 25
40 34 38 43
23 16 2 42
48 31 25 35
26 38 43 28
31 31 29 47
40 18 44 22
15 28 45 27
45 20 29 28
29 47 37 16
35 19 43 26
33 37 1 42
45 28 11 36
42 20 37 48
8 24 33 44
49 33 7 44
44 29 13 17
36 35 2 46
42 28 49 31
36 13 15 29
29 36 14 16
18 20 5 2
17 34 22 25
18 18 45 23
44 19 38 45
32 18 19 23
32 47 29 41
23 38 7 19
45 29 1 44
17 41 5 39
43 31 44 24
26 32 43 39
43 13 41 45
46 31 36 28
42 30 20 23
34 44 12 10
28 36 15 7
21 23 9 4
22 9 31 15
17 46 0 43
17 31 4 48
15 7 9 40
23 39 35 39
18 28 34 34
41 22 28 29
31 46 0 46
32 42 12 37
44 19 11 40
34 33 7 20
10 12 38 29
4 30 5 41
38 26 7 46
29 28 44 39
20 36 33 21
13 47 10 40
23 45 28 16
9 27 33 48
46 29 40 24
31 30 0 36
10 45 1 42
41 26 45 23
11 33 2 44
36 16 18 43
22 33 41 17
48 33 40 26
49 27 13 47
13 13 37 36
24 28 39 27
31 49 8 40
15 44 41 47
47 29 48 38
10 8 30 46
33 28 10 2
38 22 28 1
40 9 3 49
47 31 27 45
15 40 46 23
33 33 2 20
43 29 34 42
10 14 45 32
15 34 40 49
8 22 38 49
48 32 2 46
46 29 6 13
11 15 37 28
34 20 5 44
30 30 4 47
49 25 4 43
30 38 31 49
31 11 10 33
38 20 6 38
23 29 17 2
21 22 40 28
31 34 41 18
33 27 5 42
16 14 37 46
49 21 4 41
48 27 44 32
32 33 17 10
1 33 44 35
29 33 47 33
19 23 25 40
38 7 36 44
37 26 19 33
31 43 8 18
28 30 24 28
15 16 28 24
3 14 23 20
22 27 44 29
1 49 3 41
3 18 4 39
40 37 25 45
30 21 12 41
5 14 1 37
19 36 35 48
45 29 20 25
4 46 11 9
47 33 34 41
28 38 1 40
38 32 0 42
29 36 4 40
14 29 10 43
34 43 1 35
16 47 25 30
24 37 21 22
38 6 29 20
42 20 7 36
35 39 17 18
19 22 6 5
43 38 31 45
33 31 2 37
22 37 42 19
29 43 7 39
25 10 2 49
35 29 0 42
17 19 47 35
43 30 0 40
30 16 14 40
10 32 31 49
25 34 12 35
9 36 38 31
16 19 16 42
35 29 37 35
48 29 3 38
4 33 6 38
8 16 0 44
14 19 44 48
43 30 21 30
49 37 2 43
45 22 17 20
34 11 18 8
37 16 49 32
30 43 39 32
30 42 46 22
43 21 15 36
24 46 37 47
31 35 41 13
36 7 8 45
45 33 38 36
39 34 3 40
40 25 47 38
16 40 42 32
13 16 30 11
19 5 31 44
12 32 18 20
9 19 8 46
29 20 48 24
34 43 39 42
32 39 43 41
20 25 6 47
18 49 1 41
27 41 9 45
49 23 25 23
43 29 34 45
7 25 44 28
41 22 7 14
10 15 24 25
25 33 7 49
32 40 1 43
43 12 23 35
44 47 42 32
24 36 32 49
0 29 8 40
28 42 9 6
37 36 48 27
38 35 36 44
48 20 40 27
20 31 41 47
7 38 36 48
37 18 18 7
40 37 49 29
10 30 33 42
0 25 1 44
34 34 46 28
22 36 44 45
28 8 0 37
41 31 38 45
19 13 9 0
49 31 30 22
16 24 48 27
2 32 39 40
14 13 12 28
22 29 3 40
12 33 38 23
15 5 29 0
7 36 45 35
48 38 10 44
16 16 9 9
34 27 17 17
8 21 48 23
5 46 43 44
49 32 36 18
34 17 36 42
47 28 10 46
24 41 10 41
10 20 12 16
45 33 41 31
39 23 43 38
27 41 2 17
34 44 16 7
14 7 9 34
42 24 47 23
4 24 40 22
39 40 11 0
18 5 3 7
17 37 46 20
11 8 1 42
36 34 9 43
34 19 3 36
48 31 25 0
47 27 4 37
29 49 25 3
35 29 45 28
40 19 32 45
2 21 43 35
16 27 3 44
40 32 12 2
35 28 18 6
29 18 2 46
13 30 27 22
39 21 12 30
5 15 7 41
25 13 20 29
39 27 11 43
2 25 1 43
29 41 1 37
13 36 5 22
34 29 3 41
7 17 49 20
20 19 41 33
22 16 0 41
16 25 24 20
11 24 3 38
13 23 16 17
48 28 5 46
32 32 47 24
27 36 39 23
7 27 0 3
16 23 35 44
37 10 29 29
19 24 7 12
37 24 18 14
12 47 22 38
16 29 37 44
15 5 10 49
24 29 47 26
39 21 33 49
44 21 0 38
36 29 0 1
36 34 4 40
1 44 13 39
44 17 1 43
36 25 39 20
45 26 1 46
18 34 24 1
11 2 46 30
12 29 4 42
27 21 47 21
5 26 32 49
29 27 36 23
15 27 47 25
20 40 38 33
20 22 46 22
48 26 18 36
20 9 43 19
48 30 38 16
13 7 27 19
47 24 7 45
17 40 5 45
19 30 10 11
19 34 40 39
39 19 13 38
2 21 13 32
34 30 2 40
35 29 39 3
18 34 45 40
14 22 46 22
18 38 39 48
17 38 38 28
34 24 31 39
12 27 27 21
20 35 35 6
17 41 7 39
24 19 47 14
18 39 11 48
40 17 46 28
48 27 12 40
2 38 17 12
36 25 43 23
10 17 26 16
39 21 1 42
14 18 6 38
36 31 17 19
26 37 37 46
20 28 37 26
3 25 37 26
14 37 42 42
16 24 46 28
49 31 31 46
43 24 5 43
28 21 49 32
18 28 46 16
1 28 2 6
46 34 32 37
7 34 43 28
21 19 1 45
11 10 4 44
44 32 36 19
43 15 44 34
35 34 3 40
45 33 18 23
34 25 33 41
8 43 31 2
25 29 41 30
41 33 36 48
49 31 6 38
36 45 16 7
36 33 45 27
14 15 39 34
32 32 42 31
28 36 47 33
22 39 48 28
38 49 5 48
30 37 45 32
44 12 2 5
6 9 35 7
30 30 45 47
27 40 32 46
29 31 18 15
5 46 48 28
37 25 36 20
39 23 45 39
38 7 5 43
40 39 37 44
44 26 11 13
48 19 47 32
7 12 8 25
8 44 25 14
3 37 18 27
44 26 36 44
27 33 7 38
34 22 13 1
26 40 42 31
28 9 25 45
20 11 42 27
35 40 21 25
45 20 9 43
38 20 38 33
10 7 38 38
11 30 48 31
41 28 44 21
44 24 34 8
32 25 20 27
39 37 14 37
27 28 19 45
33 21 3 45
23 38 1 20
22 15 1 43
6 21 46 30
39 22 23 26
49 26 3 36
13 39 46 34
9 25 48 21
42 3 7 41
30 34 34 13
32 21 49 30
30 40 38 17
31 31 0 42
45 14 45 34
36 47 38 32
17 24 0 46
46 30 40 47
30 37 33 16
4 34 48 28
45 29 13 31
4 20 6 4
41 32 22 3
42 44 24 21
7 18 7 49
35 36 37 5
33 21 6 9
18 40 28 21
47 25 30 44
27 37 3 42
46 37 36 49
20 49 14 45
43 19 1 16
17 26 38 47
10 21 40 31
6 36 47 17
37 10 26 49
27 16 39 24
