0 29 34
1 47 5
4 47 6
2 46 6
2 45 6
6 44 6
1 44 7
1 44 8
1 44 9
1 44 10
1 44 11
1 44 12
1 44 13
1 44 14
1 44 15
1 44 16
1 44 17
1 44 18
1 44 19
1 44 20
4 44 21
2 43 21
2 42 21
2 41 21
6 40 21
1 40 22
1 40 23
1 40 24
1 40 25
4 40 26
2 39 26
2 38 26
6 37 26
1 37 27
1 37 28
4 37 29
6 36 29
1 36 30
1 36 31
4 36 32
2 35 32
2 34 32
2 33 32
2 32 32
2 31 32
6 30 32
4 30 33
6 29 33
0 47 4
1 31 38
1 31 37
5 31 36
2 30 36
3 29 36
1 29 35
0 31 39
2 9 36
2 10 36
2 11 36
2 12 36
2 13 36
2 14 36
2 15 36
2 16 36
2 17 36
2 18 36
2 19 36
2 20 36
2 21 36
2 22 36
2 23 36
2 24 36
2 25 36
2 26 36
4 27 36
1 27 35
6 27 34
2 28 34
0 8 36
0 44 6
0 24 36
2 28 40
2 29 40
4 30 40
6 30 39
0 27 40
1 48 5
5 48 4
0 48 6
1 47 8
6 47 7
4 48 7
0 47 9
1 44 3
1 44 4
1 44 5
0 44 2
3 24 37
0 25 37
2 6 33
2 7 33
5 8 33
1 8 34
1 8 35
0 5 33
0 44 21
0 40 24
3 4 32
5 5 32
0 4 31
1 4 27
1 4 28
1 4 29
1 4 30
0 4 26
0 5 26
0 44 9
0 36 32
0 40 21
1 4 23
1 4 24
1 4 25
0 4 22
0 4 28
2 7 25
2 6 25
6 5 25
0 8 25
2 43 2
0 42 2
6 3 31
0 3 32
0 40 26
2 25 41
4 26 41
6 26 40
0 24 41
1 45 23
5 45 22
3 44 22
0 45 24
2 46 24
0 47 24
1 47 27
1 47 26
1 47 25
0 47 28
3 40 27
0 41 27
1 8 28
1 8 27
1 8 26
0 8 29
2 9 29
0 10 29
0 42 27
0 23 41
0 8 33
1 47 3
0 47 2
0 10 30
0 41 21
0 29 36
4 48 23
6 47 23
0 48 22
2 48 1
6 47 1
0 49 1
2 43 9
0 42 9
1 43 29
5 43 28
3 42 28
0 43 30
0 44 19
0 44 30
1 43 31
0 43 32
0 37 26
6 32 38
4 32 39
0 33 38
2 40 8
2 41 8
5 42 8
0 39 8
0 39 7
1 39 10
1 39 9
0 39 11
0 43 33
0 15 36
5 38 5
3 38 6
5 39 6
0 37 5
1 31 40
0 31 41
2 36 5
0 35 5
0 32 32
2 45 33
2 44 33
0 46 33
0 31 42
2 33 5
2 34 5
0 32 5
0 37 4
2 2 28
2 3 28
0 1 28
1 48 21
0 48 20
0 44 15
0 31 5
0 44 24
0 22 36
0 47 33
1 8 37
0 8 38
1 47 10
0 47 11
0 44 13
4 42 3
0 41 3
4 8 39
0 7 39
1 7 41
1 7 40
0 7 42
0 48 28
0 6 42
2 4 42
2 5 42
0 3 42
2 3 22
0 2 22
1 7 43
0 7 44
3 48 29
0 49 29
1 7 45
0 7 46
0 8 24
1 40 19
1 40 20
0 40 18
6 14 37
4 15 37
0 14 38
2 36 26
0 35 26
0 27 34
4 45 1
6 44 1
0 45 0
0 40 17
1 2 44
6 2 43
4 3 43
0 2 45
1 8 22
1 8 23
0 8 21
2 38 32
2 37 32
0 39 32
1 2 46
0 2 47
6 34 27
4 35 27
0 34 28
6 13 39
4 14 39
0 13 40
1 31 4
0 31 3
4 13 41
0 12 41
1 12 42
0 12 43
0 47 8
0 6 46
1 12 45
1 12 44
0 12 46
0 12 47
1 32 11
1 32 10
1 32 9
1 32 8
1 32 7
1 32 6
0 32 12
2 39 21
0 38 21
1 32 13
0 32 14
1 12 48
0 12 49
2 11 49
0 10 49
1 31 43
0 31 44
2 30 3
0 29 3
0 30 44
0 23 40
1 32 15
0 32 16
1 23 43
1 23 42
0 23 44
2 30 14
2 31 14
0 29 14
2 27 14
2 28 14
0 26 14
0 38 11
5 48 24
0 48 25
1 43 34
0 43 35
1 26 13
0 26 12
1 26 11
0 26 10
0 44 35
1 26 8
1 26 9
0 26 7
2 23 8
2 24 8
4 25 8
6 25 7
0 22 8
0 22 9
0 32 7
0 4 25
0 37 21
0 48 33
2 36 21
0 35 21
2 19 8
2 20 8
2 21 8
0 18 8
1 22 35
0 22 34
1 18 11
1 18 10
1 18 9
0 18 12
1 3 40
1 3 41
0 3 39
0 37 29
2 20 12
2 19 12
0 21 12
2 28 10
2 27 10
0 29 10
0 41 4
2 16 12
2 17 12
0 15 12
1 15 34
1 15 35
0 15 33
1 39 33
0 39 34
2 34 38
0 35 38
1 26 15
0 26 16
2 33 42
2 32 42
0 34 42
0 2 32
4 2 33
0 1 33
2 33 16
0 34 16
0 35 16
2 33 7
0 34 7
0 32 31
0 20 36
6 22 45
4 23 45
0 22 46
5 28 18
3 27 18
5 27 17
3 26 17
0 28 19
2 16 39
3 15 39
5 15 38
0 17 39
0 12 36
1 21 14
1 21 13
0 21 15
0 21 16
1 49 17
1 49 18
4 49 19
6 48 19
0 49 16
1 21 18
1 21 17
0 21 19
0 8 23
0 43 15
2 20 46
2 21 46
0 19 46
0 8 30
0 18 46
0 18 47
2 18 19
2 19 19
2 20 19
0 17 19
2 15 19
2 16 19
0 14 19
1 14 20
0 14 21
0 11 36
2 16 33
0 17 33
1 17 18
0 17 17
1 18 7
0 18 6
1 34 45
1 34 44
1 34 43
0 34 46
1 5 35
1 5 34
0 5 36
1 4 20
1 4 21
0 4 19
2 22 16
0 23 16
1 18 5
0 18 4
0 17 4
1 41 28
0 41 29
1 19 45
0 19 44
0 31 31
2 37 11
0 36 11
4 5 18
6 4 18
0 5 17
0 14 22
1 6 48
1 6 47
0 6 49
1 17 31
1 17 32
0 17 30
2 18 30
0 19 30
0 36 16
0 37 3
0 28 20
2 22 41
0 21 41
1 34 47
0 34 48
2 2 42
0 1 42
0 22 7
0 35 11
1 27 33
0 27 32
2 6 17
0 7 17
1 22 6
0 22 5
1 48 35
1 48 34
0 48 36
2 27 20
0 26 20
1 22 48
1 22 47
0 22 49
0 28 40
0 0 28
0 21 20
1 21 23
1 21 22
1 21 21
0 21 24
2 36 42
2 35 42
0 37 42
2 22 24
0 23 24
0 46 28
2 29 19
0 30 19
0 7 41
1 37 1
1 37 2
0 37 0
1 27 30
1 27 31
0 27 29
0 27 28
1 39 35
0 39 36
2 20 24
0 19 24
0 39 37
2 27 7
0 28 7
0 19 23
1 23 26
1 23 25
0 23 27
2 9 16
2 8 16
6 7 16
0 10 16
2 15 6
2 16 6
2 17 6
0 14 6
2 13 6
0 12 6
2 13 19
0 12 19
1 30 46
1 30 45
0 30 47
1 27 42
1 27 41
0 27 43
0 15 11
0 24 24
1 40 16
0 40 15
1 10 15
0 10 14
0 15 10
2 33 26
2 34 26
0 32 26
1 32 24
1 32 25
0 32 23
1 17 28
1 17 29
0 17 27
2 15 27
2 16 27
0 14 27
0 35 37
0 14 28
1 43 37
1 43 36
0 43 38
1 43 42
1 43 41
1 43 40
1 43 39
0 43 43
2 20 30
0 21 30
2 36 48
2 35 48
0 37 48
0 38 48
0 40 23
2 29 48
4 30 48
0 28 48
2 28 2
5 29 2
0 27 2
0 41 2
0 43 44
2 1 17
2 2 17
2 3 17
2 4 17
0 0 17
2 10 24
2 9 24
0 11 24
1 39 38
0 39 39
1 48 38
1 48 37
0 48 39
1 38 47
0 38 46
1 19 2
4 19 3
6 18 3
0 19 1
2 20 1
0 21 1
1 43 47
1 43 46
1 43 45
0 43 48
0 47 10
3 34 36
5 35 36
0 34 35
2 2 38
5 3 38
0 1 38
1 4 15
3 4 16
5 5 16
0 4 14
2 9 8
2 10 8
4 11 8
6 11 7
4 12 7
0 8 8
1 3 10
1 3 11
1 3 12
3 3 13
5 4 13
0 3 9
1 2 4
1 2 5
1 2 6
1 2 7
3 2 8
5 3 8
0 2 3
1 28 22
1 28 21
0 28 23
2 11 31
3 10 31
0 12 31
2 22 30
0 23 30
2 13 43
0 14 43
2 34 0
2 35 0
2 36 0
0 33 0
5 9 9
3 8 9
0 9 10
1 2 2
0 2 1
1 14 17
1 14 18
0 14 16
1 12 3
1 12 4
1 12 5
0 12 2
-1
-1
-1
-1
-1
-1
-1
-1
-1
-1
-1
-1
-1
-1
-1
-1
-1
-1
-1
-1
-1
-1
-1
-1
-1
-1
-1
-1
-1
-1
-1
-1
-1
-1
-1
-1
-1
-1
-1
-1
-1
-1
-1
-1
-1
-1
-1
-1
-1
-1
-1
-1
-1
-1
-1
-1
-1
-1
-1
-1
-1
-1
-1
-1
-1
-1
-1
-1
-1
-1
-1
-1
-1
-1
-1
-1
-1
-1
-1
-1
-1
-1
-1
-1
-1
-1
-1
-1
-1
-1
-1
-1
-1
-1
-1
-1
-1
-1
-1
-1
-1
-1
-1
-1
-1
-1
-1
-1
-1
-1
-1
-1
-1
-1
-1
-1
-1
-1
-1
-1
-1
-1
-1
