25116
19814
12080
25522
24711
17776
32816
33986
20106
20032
26843
24015
30108
19812
19822
24076
315
15101
27127
14609
23466
20452
490
23182
15460
22288
19589
18359
24178
16045
20170
556
19647
21026
21277
842
3801
22680
24038
26213
24175
24679
14193
24795
17752
22682
24089
23429
14107
11947
26789
3613
3684
23831
23961
3307
27097
22187
24147
3792
15887
21198
23883
32479
830
17913
23348
30343
14967
27439
18450
25896
28871
19512
14331
26348
718
14141
33315
20199
24925
15122
7376
25342
20142
2599
3164
1075
21421
2478
25569
16535
14954
6824
9511
17650
18869
4918
19637
6347
29943
19844
21436
27459
13859
22356
22047
19913
22579
21650
22300
15551
16702
30088
27678
23398
24546
7930
21769
28321
21474
24684
12402
21806
23048
13789
24477
26942
24261
35405
17570
7314
24781
23240
24059
31595
18755
25743
19433
19674
32583
24157
30811
22306
110
25148
24109
19472
27687
23630
666
26382
20684
11580
20231
23103
30333
3269
24455
13797
26748
23670
882
175
19333
13818
13061
21880
21760
23435
19490
21609
15284
33284
22174
19859
23696
23486
26431
30838
27731
23530
26246
19727
6115
26332
24991
27702
10272
13375
22522
27790
33853
20588
21790
23184
13576
24925
16697
25543
24175
23452
13529
22685
21062
20002
23799
15242
12018
23438
25625
24762
28956
20806
17154
9344
11137
24603
16791
28424
23272
19697
12888
13561
20658
24589
1484
122
8243
22181
8749
22880
33015
11385
24096
15976
31676
18403
21189
27016
14395
11028
28638
24283
27175
17611
16333
22043
27307
9989
1091
28366
23681
20472
21771
6039
27903
351
26795
33805
24785
11266
17176
1450
22346
11436
31694
33976
21903
17389
21460
24272
23927
28668
9577
30134
17973
19992
16826
20588
25274
21077
20904
17437
20958
21235
23127
1900
32680
20693
21863
11076
32405
2574
1415
25113
25242
15273
16593
527
20849
5030
21920
22504
25251
19832
26371
31626
19949
14747
1421
14489
439
24484
7683
31428
11341
15531
27508
22073
11903
22878
17540
17038
32304
21341
17556
12226
19308
28361
11300
13352
4848
18337
3721
14799
24729
8299
18859
26770
21567
25294
11437
19835
4725
919
22093
23486
262
20229
6156
26045
23775
26202
20229
35207
20556
14048
7702
23748
22442
6549
37
28555
475
17790
16723
22118
14830
26593
231
7900
29294
21196
11406
24765
23489
20508
34965
659
30936
20145
16320
27251
20552
4841
22740
26339
23969
14712
21332
25252
26897
15224
20402
27485
2259
19914
14004
5768
20559
25990
22168
22302
15221
27972
29090
23981
15455
22088
23949
28493
14168
13655
17137
16249
788
28848
28113
28972
32163
18113
23148
23262
22848
11321
18199
27180
7382
23077
23803
4607
160
1388
13826
29286
18526
21014
28684
405
10005
3865
13824
22235
26636
1239
4424
30914
32702
745
21617
19505
27353
429
9844
22649
24723
106
6
373
23549
22253
17530
23785
23042
34897
23656
35092
23943
20880
18055
16557
15853
11117
18014
24089
22180
10912
11215
18387
21398
18138
22016
20669
17901
12156
5422
25551
22500
19818
17697
19869
20561
35159
296
27665
25579
22736
23497
24638
24109
4640
1604
35445
22967
8542
13818
23505
22248
50
8425
25990
17200
14893
18337
20184
16313
21983
13571
21808
21980
421
23546
22889
16952
23713
21206
20815
14498
19153
26311
17235
22302
8840
25600
17635
22950
13962
16700
24798
24192
30419
19854
25397
29723
21206
435
20975
29179
5794
28012
24025
23452
22083
18402
29288
20485
11897
27830
1892
12932
28994
8755
21949
23767
21706
25523
17961
11676
12929
22942
20857
5115
6821
515
23067
7567
11296
21741
8841
19413
26406
17832
16160
23539
8023
14896
24315
28056
11715
23157
497
23179
8633
11289
24266
19576
24714
24117
526
15928
269
23326
25735
19445
23713
16749
27948
24034
20215
11465
8726
15577
19740
34477
13616
16635
24618
2247
16666
3378
3915
19744
9964
16576
24372
26804
24875
21118
11847
24543
25780
14923
32860
23715
31775
12866
22152
30238
8224
22336
4138
23452
22577
20495
22313
2413
24171
23816
25971
20228
20994
33258
13634
28348
26336
713
24675
3585
19976
16596
15969
14112
26435
24385
33554
11054
15559
26720
10110
11517
19100
8762
35446
4366
914
14719
14441
20268
993
20298
24451
22987
16626
7671
22422
21946
15899
19996
5285
21662
313
23745
23228
22311
321
8503
23627
15127
34623
19894
15404
21264
19638
21185
17241
27016
21977
24051
23873
25283
29095
31876
11108
27474
34757
24217
509
19645
16280
22745
19657
213
11627
34659
25810
8905
16003
23968
13309
1579
22974
24283
25423
11847
29955
13373
25518
22767
5606
25119
24183
4981
12983
20574
20418
19760
19931
11200
23893
31217
489
24785
22387
23489
2204
15693
33912
15496
30928
5361
24789
9501
21561
24298
24563
23610
10401
15218
24530
29896
492
399
32260
5678
7477
23051
18160
20041
17710
8696
24567
12621
17292
16892
18856
12022
13518
20521
31014
24866
8880
24211
14262
15351
22961
2941
22726
652
23910
28011
21397
18042
24272
33422
34560
22060
19852
14239
29360
723
3903
20404
920
5690
17828
17844
23609
10816
21895
22412
15629
19958
9172
28874
514
10754
26938
12931
26667
11989
31179
388
10288
17981
13843
24660
20318
914
19245
16295
20942
10556
438
16204
16412
14348
14670
20867
24580
24351
22837
23047
20703
18983
14121
22134
30709
25070
24409
28470
740
8039
4024
17608
21108
21446
9293
22072
15577
31537
22516
13638
13142
16333
10708
20147
6199
15718
799
20938
20503
34780
22239
25964
15414
22748
14314
21692
21506
34329
14865
28754
21899
30609
23463
9937
22716
23900
30534
27926
28851
27509
21370
23960
15411
12208
15221
21712
30742
22335
23067
23070
16809
14298
9568
12316
28051
11039
12487
19598
28519
23550
24275
11388
604
2120
7279
78
9760
25940
23755
18597
23772
28071
21147
99
21871
4132
24305
7568
16487
23439
24481
24857
24035
26827
8925
27472
25183
21707
21452
21081
16545
23032
15158
23912
19678
29683
22726
15350
1943
21306
30240
19483
21064
5769
4043
11943
21906
18911
19549
19754
27246
23983
21688
18765
19665
11510
33261
24781
11009
24465
10703
22866
23950
25647
23393
18609
34629
11351
18532
24211
24065
24055
24179
31481
26150
23240
20848
21719
325
24488
23894
28110
29264
10088
24638
22825
10782
32462
6740
23632
33776
24582
23064
23138
21110
22263
33856
23790
11260
17152
1617
10925
25150
27917
24475
19089
16122
26079
23032
22724
10522
24848
31274
22302
