13
17
2794
14
1912
2
12
4
13
8
14
4072
2794
2036
5
5
5
11
7
11
6289
3566
15
4380
8
4140
1
3
12748
3491
9
14
4695
4402
7
1182
2876
8306
10
27
8007
10
7921
4471
2094
1
4
6439
3737
3493
12
4987
3008
23
2040
20
26
6
4129
2036
4884
11098
2877
1088
13
3496
2922
8
7
11
13
9
1744
11
25
0
10
1264
5687
765
8
2787
3965
2
8696
221
12
3
3394
5885
1916
30
8
4
5
4190
1910
5
18
2870
2900
15
2
7
58
5
3499
9
17
10
4125
5033
6959
2
17
36
2001
8
4124
2883
8
3959
4
1097
3
11
5684
18
12
7
2043
5
2908
12
11
5
574
1922
5075
4
8
10
9348
4
8
3472
7
36
1143
3489
2711
6
2787
9
5
2892
4021
0
1
4017
8
1899
8096
16
5
14
28
1905
4019
7
11
1102
787
1
7
14
9
3
3379
15
4011
10
7
3794
9
3016
4506
5
14
1183
6
7024
7416
3
5471
3493
3366
3
7648
13
7662
1
6
3
4
6748
1157
6297
3811
7
8
6
6054
28
13
3241
2795
5
8
6843
8
3
3022
6
2485
1
4128
5971
16
1163
3009
3
1149
13
7
5
9
30
2880
34
8
2747
6
1
10
6946
8
5383
6
3961
9
5
1154
6597
2807
7
11046
2
2058
5
20
5
12
3880
4637
3354
3857
4
7
5
3696
5302
5264
8028
14
4
8
5
7385
3362
3499
1161
0
1146
2
3007
3
14
3952
33
4
8
7314
6
8
4679
2883
3366
3
2250
2100
5
3385
4
33
11588
4024
15
11
127
7
0
3366
5393
5
6324
3520
52
16
2243
3380
8
8
6
2898
1085
5813
3958
15
1332
8
10
3968
13
4422
20
7
3
5
28
4
2967
10
3376
3008
5
1157
1146
4022
2878
14
25021
21009
5454
2
17
5
3366
1116
3
222
8
10
2
8
5
11876
6022
1920
18
1903
5742
5143
1143
4016
3790
10
10
1143
14
8
4148
3394
2082
4550
29
17
2024
6
4880
3
1885
4994
10
5073
5658
10
5
6
8
6
138
2878
3957
5
8
7647
6788
9
6
11
16
16
7542
2908
2
2787
19
1
3494
5885
8219
42
8
1098
2791
16
3227
1085
5856
1149
3040
7561
23
11
20
4
5
11
3973
2
6744
4
6
11
2875
10
6
2878
4
3505
5096
2
4060
10
3204
9
8
11
4024
2892
6823
1
4
5615
4
5
7
11
3493
3491
8
10
17702
4224
27
4136
2100
6
7
4137
1734
1
4904
5
15
3784
39
1530
3386
14
10304
5
6
10
9
18
4197
24
3795
5
10
6
2
6
20
2876
5
2792
3234
5
3513
6
6
3970
8
19
4087
4
22
8
8
13
0
1136
1898
3019
7
3
19
10
4
8480
7
7
10
2
6
11
4
5
2
7
1096
3
10
2
8
3012
4
2
28
12
13
2011
5997
6867
9
10
14
1
2877
16
10
2795
4
3508
1905
1086
2
4381
3829
11
10
3
13
3791
3797
4
2
6375
4030
1094
4223
4030
8
1762
7330
8
4
8632
20
2872
2037
1141
6921
1092
3011
7303
2795
7
3791
2688
6183
8892
8028
2880
3
7539
13
5
8
3004
7
5
8
6
0
11
3968
2790
20
1092
22
3789
10
3073
6
14
6
7796
2099
5
8995
2
8
3971
2094
4239
28
11
14
8159
7935
3488
14
6362
7597
8
8
3784
10
44
8
10
4871
5
13
5
4
3
7
2872
3975
4540
2
2042
4544
582
8
7359
9
4117
13
11
2870
10
2
15
4
4
7619
3813
19
2792
3
13
18
2893
4
17
6
10
5543
5
10042
3014
14829
3968
15
10
7615
1899
2875
3052
18
5
4
5
9
4312
6
9
13
3094
9
2892
6
2096
2901
8405
4
17
2875
11
7
3491
4020
0
7518
5
12
6850
3796
3420
10
577
8785
3491
2887
1139
5
12
3176
8
6055
2874
4
1195
7127
5409
9
2792
3004
8
4121
7
4124
5
12
3
1952
3
6
2888
2
1812
3011
6
4053
14
8
5
15
8
7
6
11
5286
5
5494
5888
15
4273
12
7
12
2
577
7547
4
8301
3
600
8
3762
3
18
2873
5
2043
4
5907
3957
7
5
3
6404
2060
8
2819
13
3
4917
9266
3
7
8404
6324
7030
16
8
11
7
577
7
3360
11
4984
2881
4
3952
4
18
1
3502
2
1253
13
1113
15
6
3491
8
5038
2791
31
17
11
4669
8
6
7
3371
4153
4025
3918
2034
20
3177
7703
9
23
4734
20
2
1096
2070
3360
2873
4
4
5
3492
3
5
10
5899
197
8
5
7347
1876
3491
1176
5
2099
4089
3360
10
6448
3364
4579
1
12
9
5899
2
8
598
2469
2037
3801
4
2899
2037
9
3269
7386
10
4128
38
8
2
8
3513
10
7006
17
10
14
7
8
14
53
9
6693
3360
2
29
2879
4
9
12
7
5902
8
3793
3495
9
15
44
196
4
7413
3809
13
4
1090
7
3397
11
4056
8
1179
3817
1086
12
11
11
2048
6925
2005
5
3962
1092
7138
3954
4095
1089
2006
7
8
3362
6
3
2048
3
3364
5
2787
5
6066
8
43
6555
4586
13
8
11
11
2882
7
4
13
2877
3478
3497
1088
8364
3399
10
4
12
6280
5544
9
8
2788
6
14039
9
9
7
2789
2
14
5
3797
24
37
42
9
9
2877
3362
4251
11
10
3014
2
13
6
1142
7
8
4
4126
2096
7231
7
7317
3
3364
3838
4129
2015
11
6
19
3388
2874
7292
5
14
23
1
32
5
8
6
2946
8
3504
7
3960
3
9
49
2
12
17
3
5
8
10
1903
6
2873
4068
8
15
13
3371
8
24
7
7
3
2881
6
2099
8
1
47
2873
11
2
5
4
13
31
1095
7864
8
7300
7
5155
4
2047
11
3
6317
7
2228
17
8
13
2
22
3
5259
3791
2046
3798
5530
6825
7
11
3957
17
6767
6809
3
3
3
3960
5122
1
4
3491
8612
6
2222
3388
1
4
5
582
12
2
3
24
2876
1146
7670
5
11
3
4217
6
5
18
1131
7
4
15
12
11
2845
3491
4926
4124
4171
4
2
8
7
3955
4150
5
6
7008
5
2873
5
9
6
6010
5524
5
8
16
0
6
4523
2875
577
4550
5673
11
6
12
2718
13
7
2466
21
6
6884
4015
2804
1097
8
2
1
8242
10
5
3366
5
6937
7199
7103
2460
3
7
6552
4
7
4
6918
9242
2024
24
7
6
7181
3794
3492
10
8
4118
4067
43
9
3
8749
19
9
8
4
4083
1
5
5
4448
6772
2004
3385
3
3000
5
11
4896
14
14
5257
11
4021
33
7520
2096
2138
1086
4037
6
2
2873
4117
1135
1087
13
8
4
3
6059
12
14
3365
6
2894
9
10
8503
6
4095
9
58
27
4200
6151
2224
7
24
10
15927
9488
7
20
2871
5677
1
11
5
5
6827
8
3514
2499
4
12
6
6
2124
2794
4
3
4
8599
1158
9226
5452
17
4119
3
11
29
4253
6560
4
4028
8
1139
7
3853
1087
8429
2
8
10
7
2787
27
9
6
0
4146
1235
4316
3494
9
10
3
7
3796
4125
25
3
11
12
74
6693
1709
6
2809
7
3956
1
3933
9
18
6
8453
7
8
4126
6
57
7
4514
5262
4
6160
12
0
10
3
3
5
6
3008
3010
0
5021
11
7
16
4
4
16
7
1344
2
3
1102
5
7395
3
5701
3371
4971
5
9737
4854
2275
6
10
7
37
5
1244
3
13
16
5652
10
6
1
3
10
12
13
9
2
6
1896
2005
2873
11
6
3562
2
1168
2105
0
8
7666
3
10
7274
6
5265
10
7898
