297 23
93 97
9 242
1 20
185 198
91 95
179 196
258 296
293 295
84 87
1 108
3 20
26 30
197 253
184 187
8 174
133 153
113 150
268 297
89 90
29 29
167 242
297 297
287 295
6 188
285 287
74 97
293 293
2 44
163 164
1 2
8 137
7 20
52 125
76 77
215 217
250 252
3 53
12 133
227 233
57 58
261 261
116 123
7 77
6 200
204 262
129 133
207 211
183 285
123 196
21 21
79 80
5 240
206 206
54 74
3 4
16 200
186 186
229 238
105 106
244 295
115 127
23 71
4 21
210 243
294 296
224 231
112 117
184 187
251 258
201 202
41 85
20 203
256 275
144 149
24 46
232 246
143 144
88 271
60 118
5 257
157 157
19 47
102 169
45 237
31 31
212 297
53 249
73 234
130 132
169 294
218 234
100 101
179 294
159 161
270 276
107 208
32 33
237 241
5 50
250 265
5 42
125 134
52 70
274 276
47 76
3 3
269 292
45 89
3 6
20 292
188 212
2 24
174 175
71 165
140 228
5 5
48 80
254 274
199 222
93 95
4 8
48 57
159 296
110 113
196 202
223 283
95 275
276 296
188 206
166 183
26 283
293 295
160 160
2 2
248 250
29 48
263 295
60 140
4 4
65 150
129 188
239 245
13 20
280 281
112 112
251 276
46 296
3 69
204 234
49 49
1 18
41 122
191 206
94 97
292 293
289 292
83 137
5 6
20 70
178 249
296 296
226 231
63 66
121 131
24 261
172 172
94 130
1 61
34 65
31 290
265 271
34 42
253 256
17 29
116 243
208 213
43 68
52 168
105 114
2 6
121 196
293 296
157 162
17 185
3 15
68 76
165 193
83 93
125 158
72 73
196 196
1 237
6 11
101 137
107 112
208 228
151 266
219 225
198 198
5 83
67 288
3 3
149 183
283 284
245 250
244 297
32 96
77 77
51 57
43 193
148 148
275 290
259 275
59 91
139 139
28 184
177 197
116 121
278 278
118 204
175 297
36 63
22 24
135 153
33 95
291 293
141 144
5 24
84 294
10 22
240 246
259 264
5 271
148 150
165 202
106 106
30 42
142 292
46 49
295 295
159 182
2 12
203 208
258 293
120 297
217 296
75 79
153 225
109 109
1 127
285 292
287 294
5 284
152 152
186 187
27 84
136 153
35 37
238 254
184 186
19 27
36 36
5 7
167 167
153 174
265 293
7 45
200 200
92 95
214 228
19 275
203 294
6 9
40 89
272 292
43 43
219 219
4 19
19 24
289 296
291 297
42 166
19 243
6 6
114 143
6 112
65 132
202 206
292 292
43 261
160 286
88 296
155 292
259 264
63 66
36 106
164 170
21
1 17 30 36 48 60 66 76 85 90 97 115 124 135 168 213 240 242 250 260 272
1
272
2
1 199
2
162 248
50
1 1 3 9 18 45 49 51 53 63 65 69 74 96 105 114 117 119 136 149 150 153 156 158 161 176 186 187 197 202 205 208 215 221 226 239 242 248 264 267 270 270 282 283 291 291 293 294 296 296
1
160
1
51
19
47 61 79 96 106 112 123 132 144 155 177 209 226 229 249 260 267 269 291
2
83 182
1
32
94
2 2 3 3 3 5 5 8 15 17 19 19 22 23 27 31 35 37 41 46 60 74 85 85 93 93 101 108 115 118 120 123 128 135 136 141 145 155 156 158 167 171 174 186 186 186 187 188 192 194 203 208 208 210 215 217 221 222 227 229 230 230 232 232 234 237 237 238 240 248 251 251 253 255 255 258 260 263 263 267 271 273 273 274 280 281 288 288 290 292 293 294 295 297
0

2
72 227
27
1 17 19 28 29 45 66 71 74 86 109 111 114 121 169 181 218 220 222 248 265 274 275 280 288 295 296
34
1 3 4 19 25 26 26 34 76 84 85 86 96 102 106 108 125 125 128 137 156 169 177 179 184 202 204 213 224 230 254 277 281 292
2
91 137
34
3 5 6 8 9 35 40 65 79 91 96 98 103 105 110 132 152 157 164 186 187 188 197 198 217 219 223 235 257 274 275 283 287 295
1
119
0

0

0

1
247
2
185 205
